日期,时间,代码,名称,开盘,最高,最低,收盘,总手,金额,涨幅,涨幅比
2015-03-02,15:00,sz002256,兆新股份,11.07,11.07,11.07,11.07,2960,3277052.0,1.01,10.03976143141153
2015-03-03,15:00,sz002256,兆新股份,12.18,12.18,12.18,12.18,6952,8468450.0,1.11,10.02710027100271
2015-03-04,15:00,sz002256,兆新股份,13.4,13.4,13.4,13.4,44285,59342408.0,1.22,10.016420361247947
2015-03-05,15:00,sz002256,兆新股份,14.3,14.74,13.71,14.74,430326,621006144.0,1.34,10.0
2015-03-06,15:00,sz002256,兆新股份,15.89,15.89,14.1,15.25,580585,880675584.0,0.51,3.4599728629579376
2015-03-09,15:00,sz002256,兆新股份,15.07,15.49,14.6,15.03,245761,369548064.0,-0.22,-1.4426229508196722
2015-03-10,15:00,sz002256,兆新股份,14.95,16.53,14.72,16.53,462668,735867712.0,1.5,9.98003992015968
2015-03-11,15:00,sz002256,兆新股份,17.2,18.01,16.75,17.35,359143,622442624.0,0.82,4.960677555958863
2015-03-12,15:00,sz002256,兆新股份,16.9,17.17,16.16,16.6,237155,395467616.0,-0.75,-4.322766570605188
2015-03-13,15:00,sz002256,兆新股份,16.48,17.57,16.41,17.15,206238,352326240.0,0.55,3.313253012048193
2015-03-16,15:00,sz002256,兆新股份,17.4,18.19,17.18,17.54,224647,396015520.0,0.39,2.2740524781341107
2015-03-17,15:00,sz002256,兆新股份,17.59,17.81,17.2,17.46,179400,312992800.0,-0.08,-0.4561003420752565
2015-03-18,15:00,sz002256,兆新股份,17.68,18.99,17.68,17.94,181568,332819776.0,0.48,2.7491408934707904
2015-03-19,15:00,sz002256,兆新股份,17.6,18.28,17.36,17.98,136924,243759984.0,0.04,0.2229654403567447
2015-03-20,15:00,sz002256,兆新股份,17.96,17.97,17.18,17.4,186967,327476416.0,-0.58,-3.225806451612903
2015-03-23,15:00,sz002256,兆新股份,17.58,18.45,17.33,18.26,249919,447979328.0,0.86,4.942528735632184
2015-03-24,15:00,sz002256,兆新股份,18.49,20.09,18.48,20.09,335107,650834752.0,1.83,10.021905805038337
2015-03-25,15:00,sz002256,兆新股份,20.84,22.1,20.5,21.95,281021,597466816.0,1.86,9.258337481333998
2015-03-26,15:00,sz002256,兆新股份,21.42,21.86,20.09,20.6,217645,453985280.0,-1.35,-6.150341685649203
2015-03-27,15:00,sz002256,兆新股份,20.42,21.26,20.3,20.78,114258,238025872.0,0.18,0.8737864077669903
2015-03-30,15:00,sz002256,兆新股份,21.4,22.55,20.79,21.6,227952,495399360.0,0.82,3.946102021174206
2015-03-31,15:00,sz002256,兆新股份,21.7,23.76,19.44,22.44,342172,753668096.0,0.84,3.888888888888889
2015-04-01,15:00,sz002256,兆新股份,22.88,24.68,22.8,24.68,265769,634933120.0,2.24,9.98217468805704
2015-04-02,15:00,sz002256,兆新股份,24.4,27.15,23.89,27.15,222511,578496320.0,2.47,10.008103727714747
2015-04-03,15:00,sz002256,兆新股份,27.2,29.87,25.8,29.87,224555,638709440.0,2.72,10.01841620626151
2015-04-07,15:00,sz002256,兆新股份,30.6,30.7,27.85,28.98,332903,957664448.0,-0.89,-2.9795781720790093
2015-04-08,15:00,sz002256,兆新股份,28.28,28.58,26.68,26.95,228232,626671680.0,-2.03,-7.004830917874397
2015-04-09,15:00,sz002256,兆新股份,26.57,26.58,24.56,26.07,195766,502674208.0,-0.88,-3.26530612244898
2015-04-10,15:00,sz002256,兆新股份,25.88,27.35,25.68,26.36,192428,513131168.0,0.29,1.1123897199846566
2015-04-13,15:00,sz002256,兆新股份,25.9,26.21,25.23,25.63,209974,540008960.0,-0.73,-2.769347496206373
2015-04-14,15:00,sz002256,兆新股份,25.63,25.65,24.5,24.68,198599,494333632.0,-0.95,-3.7065938353492
2015-04-15,15:00,sz002256,兆新股份,24.68,25.47,24.28,24.46,133932,333967552.0,-0.22,-0.8914100486223663
2015-04-16,15:00,sz002256,兆新股份,24.49,25.98,24.49,25.8,192759,490580704.0,1.34,5.478331970564186
2015-04-17,15:00,sz002256,兆新股份,26.84,27.98,26.3,26.38,235556,634892928.0,0.58,2.248062015503876
2015-04-20,15:00,sz002256,兆新股份,25.4,25.53,24.3,24.38,164081,406809728.0,-2.0,-7.58150113722517
2015-04-21,15:00,sz002256,兆新股份,23.9,25.2,23.6,25.19,128472,314244128.0,0.81,3.32239540607055
2015-04-22,15:00,sz002256,兆新股份,25.19,26.38,24.81,25.81,129464,332385600.0,0.62,2.461294164350933
2015-04-23,15:00,sz002256,兆新股份,25.81,26.05,25.07,25.69,123803,316783392.0,-0.12,-0.4649360712901976
2015-04-24,15:00,sz002256,兆新股份,25.69,25.7,23.92,24.54,151706,376271680.0,-1.15,-4.476449980537174
2015-04-27,15:00,sz002256,兆新股份,24.59,25.59,24.58,24.79,125479,314359008.0,0.25,1.0187449062754683
2015-04-28,15:00,sz002256,兆新股份,24.79,24.79,23.0,23.31,104809,249393472.0,-1.48,-5.970149253731343
2015-04-29,15:00,sz002256,兆新股份,23.24,25.6,22.41,25.29,146831,358102560.0,1.98,8.494208494208493
2015-04-30,15:00,sz002256,兆新股份,25.13,26.43,24.8,25.45,149701,386049984.0,0.16,0.6326611308817714
2015-05-04,15:00,sz002256,兆新股份,25.8,27.36,25.8,26.64,174406,463877984.0,1.19,4.6758349705304525
2015-05-05,15:00,sz002256,兆新股份,26.65,27.65,25.25,25.56,137426,364185536.0,-1.08,-4.054054054054054
2015-05-06,15:00,sz002256,兆新股份,25.03,26.5,24.9,25.35,92710,239363952.0,-0.21,-0.8215962441314555
2015-05-07,15:00,sz002256,兆新股份,25.0,25.7,24.35,24.7,65362,162180816.0,-0.65,-2.564102564102564
2015-05-08,15:00,sz002256,兆新股份,25.05,26.09,25.05,25.98,92687,237516016.0,1.28,5.182186234817814
2015-05-11,15:00,sz002256,兆新股份,26.3,28.2,25.61,28.1,181535,493935360.0,2.12,8.160123171670516
2015-05-12,15:00,sz002256,兆新股份,29.11,30.14,28.2,28.6,212342,618331520.0,0.5,1.7793594306049825
2015-05-13,15:00,sz002256,兆新股份,28.28,28.58,27.6,28.02,138298,388089344.0,-0.58,-2.027972027972028
2015-05-14,15:00,sz002256,兆新股份,28.05,28.85,27.48,27.55,93334,260292080.0,-0.47,-1.6773733047822983
2015-05-15,15:00,sz002256,兆新股份,27.2,27.2,25.88,26.12,115636,304483072.0,-1.43,-5.190562613430127
2015-05-18,15:00,sz002256,兆新股份,26.02,27.15,25.85,26.67,100440,266084224.0,0.55,2.105666156202144
2015-05-19,15:00,sz002256,兆新股份,26.85,27.35,26.33,26.81,96219,257653920.0,0.14,0.5249343832020997
2015-05-20,15:00,sz002256,兆新股份,27.0,28.4,25.9,28.1,185345,507261152.0,1.29,4.811637448713166
2015-05-21,15:00,sz002256,兆新股份,27.99,29.83,27.62,29.83,221968,641013440.0,1.73,6.156583629893238
2015-05-22,15:00,sz002256,兆新股份,30.0,31.5,28.78,28.98,242586,730357120.0,-0.85,-2.8494803888702647
2015-05-25,15:00,sz002256,兆新股份,28.04,28.95,27.1,28.95,147019,414191072.0,-0.03,-0.10351966873706
2015-05-26,15:00,sz002256,兆新股份,29.17,30.0,28.94,29.9,162827,479853120.0,0.95,3.281519861830743
2015-05-27,15:00,sz002256,兆新股份,30.11,32.89,28.61,32.72,279194,874911744.0,2.82,9.4314381270903
2015-05-28,15:00,sz002256,兆新股份,34.0,35.66,31.01,32.85,273043,942864064.0,0.13,0.3973105134474328
2015-05-29,15:00,sz002256,兆新股份,32.84,36.14,30.7,36.14,227184,780018176.0,3.29,10.015220700152208
2015-06-01,15:00,sz002256,兆新股份,37.99,39.75,37.2,39.75,160435,626250752.0,3.61,9.988931931377977
2015-06-02,15:00,sz002256,兆新股份,41.4,42.68,38.1,38.92,253640,1008427136.0,-0.83,-2.088050314465409
2015-06-03,15:00,sz002256,兆新股份,38.5,41.98,38.41,40.79,195407,787627776.0,1.87,4.804727646454266
2015-06-04,15:00,sz002256,兆新股份,40.0,40.23,36.71,37.02,208272,782629888.0,-3.77,-9.242461387594998
2015-06-05,15:00,sz002256,兆新股份,37.02,38.6,35.05,37.96,211991,777877888.0,0.94,2.5391680172879525
2015-06-08,15:00,sz002256,兆新股份,37.9,37.9,35.0,35.51,145952,526200192.0,-2.45,-6.454162276080084
2015-06-09,15:00,sz002256,兆新股份,35.51,36.49,33.8,34.26,121779,426044608.0,-1.25,-3.5201351731906505
2015-06-10,15:00,sz002256,兆新股份,34.18,36.0,33.31,35.29,122251,427283552.0,1.03,3.0064214827787508
2015-06-11,15:00,sz002256,兆新股份,35.45,36.9,35.45,36.71,124103,453242752.0,1.42,4.023802776990649
2015-06-12,15:00,sz002256,兆新股份,39.1,40.38,37.9,38.87,272330,1069288832.0,2.16,5.88395532552438
2015-06-15,15:00,sz002256,兆新股份,38.2,38.2,34.98,34.98,224885,812474880.0,-3.89,-10.007718034473887
2015-06-16,15:00,sz002256,兆新股份,33.05,33.1,31.8,32.2,145993,471810240.0,-2.78,-7.947398513436249
2015-06-17,15:00,sz002256,兆新股份,32.35,34.37,30.3,34.0,118545,388358720.0,1.8,5.590062111801243
2015-06-18,15:00,sz002256,兆新股份,33.74,34.86,32.55,32.7,110697,375616640.0,-1.3,-3.823529411764706
2015-06-19,15:00,sz002256,兆新股份,31.5,32.08,29.43,29.43,105920,320374976.0,-3.27,-10.0
2015-06-23,15:00,sz002256,兆新股份,29.38,29.89,26.49,29.54,94480,264329472.0,0.11,0.3737682636765205
2015-06-24,15:00,sz002256,兆新股份,29.85,30.08,27.8,28.79,118011,340380576.0,-0.75,-2.5389302640487474
2015-06-25,15:00,sz002256,兆新股份,28.85,28.97,25.91,26.1,108714,298090208.0,-2.69,-9.343522056269538
2015-06-26,15:00,sz002256,兆新股份,25.84,25.9,23.49,23.49,66354,158722992.0,-2.61,-10.0
2015-06-29,15:00,sz002256,兆新股份,24.1,24.3,21.14,21.14,136490,293298400.0,-2.35,-10.004257130693912
2015-06-30,15:00,sz002256,兆新股份,19.78,22.12,19.03,22.08,211556,433637056.0,0.94,4.446546830652791
2015-07-01,15:00,sz002256,兆新股份,21.6,22.55,19.87,19.87,189651,403099968.0,-2.21,-10.009057971014492
2015-07-02,15:00,sz002256,兆新股份,18.46,19.19,17.88,17.88,167367,303562784.0,-1.99,-10.015098137896326
2015-07-03,15:00,sz002256,兆新股份,16.13,18.2,16.09,16.09,159835,263488624.0,-1.79,-10.01118568232662
2015-07-23,15:00,sz002256,兆新股份,17.7,17.7,17.7,17.7,1370,2424900.0,1.61,10.006215040397764
2015-07-24,15:00,sz002256,兆新股份,19.47,19.47,19.47,19.47,3866,7527141.0,1.77,10.0
2015-07-27,15:00,sz002256,兆新股份,21.42,21.42,21.15,21.42,342822,734093056.0,1.95,10.015408320493066
2015-07-28,15:00,sz002256,兆新股份,19.81,21.88,19.28,19.83,415622,846142976.0,-1.59,-7.42296918767507
2015-07-29,15:00,sz002256,兆新股份,20.5,21.81,19.8,21.81,336965,696227264.0,1.98,9.984871406959153
2015-07-30,15:00,sz002256,兆新股份,22.04,22.9,20.74,21.33,394204,881308608.0,-0.48,-2.200825309491059
2015-07-31,15:00,sz002256,兆新股份,20.1,20.85,19.2,19.2,274189,545418368.0,-2.13,-9.985935302391
2015-08-03,15:00,sz002256,兆新股份,18.11,18.48,17.28,17.29,162259,285933088.0,-1.91,-9.947916666666666
2015-08-18,15:00,sz002256,兆新股份,19.02,19.02,19.02,19.02,21080,40095036.0,1.73,10.005783689994216
2015-08-19,15:00,sz002256,兆新股份,19.17,20.92,19.02,20.92,556902,1142686592.0,1.9,9.989484752891691
2015-08-20,15:00,sz002256,兆新股份,20.95,22.51,20.47,21.01,474618,1021590912.0,0.09,0.4302103250478011
2015-08-21,15:00,sz002256,兆新股份,20.1,20.41,18.91,18.91,258853,499699872.0,-2.1,-9.99524036173251
2015-08-24,15:00,sz002256,兆新股份,17.18,17.8,17.02,17.02,52972,90506328.0,-1.89,-9.994711792702274
2015-08-25,15:00,sz002256,兆新股份,15.32,15.32,15.32,15.32,12196,18684272.0,-1.7,-9.9882491186839
2015-08-26,15:00,sz002256,兆新股份,13.9,15.69,13.79,13.79,319286,454281664.0,-1.53,-9.986945169712794
2015-09-14,15:00,sz002256,兆新股份,15.17,15.17,14.9,15.17,230816,349878624.0,1.38,10.007251631617114
2015-09-15,15:00,sz002256,兆新股份,14.3,14.5,13.65,13.65,196161,271237856.0,-1.52,-10.01977587343441
2015-09-16,15:00,sz002256,兆新股份,13.1,15.0,12.6,14.61,321630,437720768.0,0.96,7.032967032967033
2015-09-17,15:00,sz002256,兆新股份,14.31,14.92,13.22,13.25,310555,436887744.0,-1.36,-9.308692676249144
2015-09-18,15:00,sz002256,兆新股份,13.4,13.59,12.61,12.93,181936,235591600.0,-0.32,-2.4150943396226414
2015-09-21,15:00,sz002256,兆新股份,12.4,13.64,12.28,13.52,213835,278737824.0,0.59,4.563031709203403
2015-09-22,15:00,sz002256,兆新股份,13.78,14.16,13.42,13.9,258532,356862016.0,0.38,2.8106508875739644
2015-09-23,15:00,sz002256,兆新股份,13.4,13.9,13.1,13.5,186570,251427328.0,-0.4,-2.877697841726619
2015-09-24,15:00,sz002256,兆新股份,13.65,14.48,13.59,14.35,269570,378417600.0,0.85,6.296296296296296
2015-09-25,15:00,sz002256,兆新股份,14.11,14.23,12.96,13.25,210151,286349088.0,-1.1,-7.665505226480835
2015-09-28,15:00,sz002256,兆新股份,13.25,13.98,12.8,13.91,165425,223553712.0,0.66,4.981132075471698
2015-09-29,15:00,sz002256,兆新股份,13.48,13.65,13.03,13.18,137399,183923008.0,-0.73,-5.24802300503235
2015-09-30,15:00,sz002256,兆新股份,13.31,13.69,13.05,13.34,96666,129206832.0,0.16,1.2139605462822458
2015-10-08,15:00,sz002256,兆新股份,14.01,14.67,13.72,14.22,218147,309415584.0,0.88,6.5967016491754125
2015-10-09,15:00,sz002256,兆新股份,14.28,15.64,14.06,15.3,335104,509556512.0,1.08,7.59493670886076
2015-10-12,15:00,sz002256,兆新股份,15.3,16.66,15.01,16.4,352727,554903232.0,1.1,7.18954248366013
2015-10-13,15:00,sz002256,兆新股份,16.44,16.92,16.01,16.42,255035,419330720.0,0.02,0.1219512195121951
2015-10-14,15:00,sz002256,兆新股份,16.3,17.65,16.16,16.67,270848,457976928.0,0.25,1.5225334957369063
2015-10-15,15:00,sz002256,兆新股份,16.2,17.23,16.03,17.0,201447,337574304.0,0.33,1.9796040791841631
2015-10-16,15:00,sz002256,兆新股份,17.24,18.7,17.24,18.7,334219,604794240.0,1.7,10.0
2015-10-19,15:00,sz002256,兆新股份,19.09,19.28,18.0,18.47,319357,593439936.0,-0.23,-1.2299465240641712
2015-10-20,15:00,sz002256,兆新股份,18.54,19.9,18.01,19.28,291204,551204672.0,0.81,4.385489983757444
2015-10-21,15:00,sz002256,兆新股份,19.28,19.36,17.35,17.35,309039,564176768.0,-1.93,-10.010373443983402
2015-10-22,15:00,sz002256,兆新股份,17.2,19.09,17.14,19.09,376007,692535424.0,1.74,10.028818443804036
2015-10-23,15:00,sz002256,兆新股份,19.8,21.0,19.75,21.0,362351,744134912.0,1.91,10.00523834468308
2015-10-26,15:00,sz002256,兆新股份,22.28,23.1,21.5,23.1,119966,273887904.0,2.1,10.0
2015-10-27,15:00,sz002256,兆新股份,23.8,24.6,21.2,23.47,492680,1134874752.0,0.37,1.6017316017316017
2015-10-28,15:00,sz002256,兆新股份,22.59,24.24,22.3,22.44,305683,705893632.0,-1.03,-4.388581167447806
2015-10-29,15:00,sz002256,兆新股份,22.0,22.84,21.0,22.23,327591,716707840.0,-0.21,-0.9358288770053476
2015-10-30,15:00,sz002256,兆新股份,21.67,22.15,20.5,21.56,224709,482597600.0,-0.67,-3.013945119208277
2015-11-02,15:00,sz002256,兆新股份,20.3,21.93,20.3,20.3,191809,402353312.0,-1.26,-5.844155844155844
2015-11-03,15:00,sz002256,兆新股份,20.1,20.86,20.01,20.3,138138,281213088.0,0.0,0.0
2015-11-04,15:00,sz002256,兆新股份,20.52,22.33,20.45,22.33,269889,584516352.0,2.03,10.0
2015-11-05,15:00,sz002256,兆新股份,22.95,23.9,22.19,23.22,350732,808161856.0,0.89,3.9856695029108815
2015-11-06,15:00,sz002256,兆新股份,23.25,25.39,23.05,24.91,281509,692390720.0,1.69,7.278208440999139
2015-11-09,15:00,sz002256,兆新股份,25.22,25.91,23.48,25.6,335165,823516096.0,0.69,2.769971898835809
2015-11-10,15:00,sz002256,兆新股份,25.1,25.25,24.18,24.6,211891,522403168.0,-1.0,-3.90625
2015-11-11,15:00,sz002256,兆新股份,24.45,26.29,24.05,26.0,265641,670959680.0,1.4,5.691056910569105
2015-11-12,15:00,sz002256,兆新股份,26.0,26.47,24.89,25.26,169740,431389184.0,-0.74,-2.8461538461538463
2015-11-13,15:00,sz002256,兆新股份,24.77,25.1,23.4,23.94,145402,351666624.0,-1.32,-5.225653206650831
2015-11-16,15:00,sz002256,兆新股份,23.3,25.1,23.12,24.7,126538,311275520.0,0.76,3.1746031746031744
2015-11-17,15:00,sz002256,兆新股份,25.44,26.62,25.13,25.58,238408,622643072.0,0.88,3.562753036437247
2015-11-18,15:00,sz002256,兆新股份,25.43,26.98,25.43,26.3,203364,535729984.0,0.72,2.8146989835809224
2015-11-19,15:00,sz002256,兆新股份,26.3,28.93,25.3,28.93,255873,698782400.0,2.63,10.0
2015-11-20,15:00,sz002256,兆新股份,29.74,29.78,26.8,27.79,330433,923614208.0,-1.14,-3.94054614586934
2015-11-23,15:00,sz002256,兆新股份,27.63,28.67,26.58,27.93,221436,601597248.0,0.14,0.5037783375314862
2015-11-24,15:00,sz002256,兆新股份,27.35,27.79,26.71,27.6,108111,295404704.0,-0.33,-1.1815252416756177
2015-11-25,15:00,sz002256,兆新股份,27.5,28.9,27.28,28.0,171935,485746400.0,0.4,1.4492753623188406
2015-11-26,15:00,sz002256,兆新股份,28.0,28.2,27.1,27.18,114890,315553920.0,-0.82,-2.928571428571429
2015-11-27,15:00,sz002256,兆新股份,27.15,27.15,24.55,25.45,188575,493057792.0,-1.73,-6.364974245768948
2015-11-30,15:00,sz002256,兆新股份,25.3,26.1,22.91,24.51,203218,496312768.0,-0.94,-3.693516699410609
2015-12-01,15:00,sz002256,兆新股份,24.51,24.51,23.1,23.3,165369,390606624.0,-1.21,-4.936760505915952
2015-12-02,15:00,sz002256,兆新股份,23.29,23.78,20.97,21.76,205015,448933856.0,-1.54,-6.609442060085836
2015-12-03,15:00,sz002256,兆新股份,22.0,23.94,21.99,23.94,192542,441899360.0,2.18,10.018382352941178
2015-12-04,15:00,sz002256,兆新股份,24.5,25.13,23.84,23.94,256725,628721024.0,0.0,0.0
2015-12-07,15:00,sz002256,兆新股份,24.0,24.08,23.0,23.66,149790,350876160.0,-0.28,-1.1695906432748535
2015-12-08,15:00,sz002256,兆新股份,23.8,24.5,23.4,23.78,146876,352634976.0,0.12,0.5071851225697379
2015-12-09,15:00,sz002256,兆新股份,23.93,23.93,22.67,23.9,140157,325725184.0,0.12,0.5046257359125316
2015-12-10,15:00,sz002256,兆新股份,23.7,25.69,23.5,24.66,210754,522773216.0,0.76,3.179916317991632
2015-12-11,15:00,sz002256,兆新股份,24.66,24.95,23.6,23.9,116471,281019456.0,-0.76,-3.0819140308191404
2015-12-14,15:00,sz002256,兆新股份,23.55,24.41,23.17,24.09,99817,238041424.0,0.19,0.7949790794979079
2015-12-15,15:00,sz002256,兆新股份,24.1,25.5,24.0,25.05,144148,359352320.0,0.96,3.98505603985056
2015-12-16,15:00,sz002256,兆新股份,25.39,26.18,24.8,25.7,200654,510650400.0,0.65,2.5948103792415167
2015-12-17,15:00,sz002256,兆新股份,25.77,26.95,25.77,26.46,178710,474536096.0,0.76,2.9571984435797662
2015-12-18,15:00,sz002256,兆新股份,26.11,26.59,24.99,25.18,226617,581060736.0,-1.28,-4.837490551776266
2015-12-21,15:00,sz002256,兆新股份,24.79,25.86,24.69,25.08,121577,306313312.0,-0.1,-0.3971405877680699
2015-12-22,15:00,sz002256,兆新股份,25.08,25.47,24.67,25.11,90131,224737568.0,0.03,0.1196172248803827
2015-12-23,15:00,sz002256,兆新股份,25.12,26.09,24.7,25.18,184931,471352288.0,0.07,0.2787733970529669
2015-12-24,15:00,sz002256,兆新股份,25.18,25.19,23.0,24.71,99506,243082000.0,-0.47,-1.8665607625099283
2015-12-25,15:00,sz002256,兆新股份,24.52,25.1,24.43,24.54,63150,155785408.0,-0.17,-0.6879805746661272
2015-12-28,15:00,sz002256,兆新股份,24.78,24.85,23.5,23.57,102697,247868000.0,-0.97,-3.9527302363488186
2015-12-29,15:00,sz002256,兆新股份,23.55,25.8,23.55,25.78,189184,470153920.0,2.21,9.37632583792957
2015-12-30,15:00,sz002256,兆新股份,25.58,27.49,25.43,26.91,252450,675646592.0,1.13,4.383242823894492
2015-12-31,15:00,sz002256,兆新股份,27.08,27.5,26.04,26.73,156754,421584000.0,-0.18,-0.6688963210702341
2016-01-04,15:00,sz002256,兆新股份,27.0,27.18,24.06,24.06,122890,309331872.0,-2.67,-9.988776655443322
2016-01-05,15:00,sz002256,兆新股份,22.0,24.02,21.65,22.2,178525,403039648.0,-1.86,-7.73067331670823
2016-01-06,15:00,sz002256,兆新股份,22.5,22.99,21.67,22.71,94798,212705776.0,0.51,2.2972972972972974
2016-01-07,15:00,sz002256,兆新股份,21.6,22.27,20.44,20.44,28391,59539876.0,-2.27,-9.995596653456628
2016-01-08,15:00,sz002256,兆新股份,21.0,21.33,18.4,19.58,168151,331020960.0,-0.86,-4.207436399217221
2016-01-11,15:00,sz002256,兆新股份,18.85,18.85,17.62,17.62,90949,165140752.0,-1.96,-10.010214504596528
2016-01-12,15:00,sz002256,兆新股份,17.01,17.69,16.03,16.83,112517,188334976.0,-0.79,-4.483541430192963
2016-01-13,15:00,sz002256,兆新股份,16.89,17.88,16.35,16.5,106074,181983632.0,-0.33,-1.96078431372549
2016-01-14,15:00,sz002256,兆新股份,15.71,17.35,15.6,16.78,137411,228405328.0,0.28,1.6969696969696972
2016-01-15,15:00,sz002256,兆新股份,16.8,17.27,15.6,15.91,120048,199038944.0,-0.87,-5.184743742550656
2016-01-18,15:00,sz002256,兆新股份,15.43,16.6,15.23,16.53,99451,160661024.0,0.62,3.896920175989944
2016-01-19,15:00,sz002256,兆新股份,16.5,17.52,16.36,17.52,103375,174816160.0,0.99,5.9891107078039925
2016-01-20,15:00,sz002256,兆新股份,17.5,17.68,16.88,17.09,110582,190649216.0,-0.43,-2.4543378995433787
2016-01-21,15:00,sz002256,兆新股份,16.68,17.15,15.83,15.89,82231,136908192.0,-1.2,-7.021650087770626
2016-01-22,15:00,sz002256,兆新股份,16.01,16.36,15.35,16.12,81735,130451096.0,0.23,1.44745122718691
2016-01-25,15:00,sz002256,兆新股份,16.35,16.66,15.92,16.28,74931,122532032.0,0.16,0.9925558312655088
2016-01-26,15:00,sz002256,兆新股份,16.0,16.2,14.65,14.65,112721,171411664.0,-1.63,-10.012285012285012
2016-01-27,15:00,sz002256,兆新股份,14.65,14.8,13.5,14.07,127689,177476304.0,-0.58,-3.9590443686006815
2016-01-28,15:00,sz002256,兆新股份,14.0,14.1,12.87,13.02,80758,109486640.0,-1.05,-7.462686567164178
2016-01-29,15:00,sz002256,兆新股份,13.05,14.29,13.0,13.94,84503,115443280.0,0.92,7.066052227342549
2016-02-01,15:00,sz002256,兆新股份,13.73,14.15,13.52,13.84,72893,101232640.0,-0.1,-0.7173601147776184
2016-02-02,15:00,sz002256,兆新股份,13.9,14.86,13.9,14.6,76011,110810576.0,0.76,5.491329479768786
2016-02-03,15:00,sz002256,兆新股份,14.5,14.98,14.15,14.82,68287,98800560.0,0.22,1.5068493150684932
2016-02-04,15:00,sz002256,兆新股份,14.86,15.27,14.86,14.97,75750,114144384.0,0.15,1.0121457489878545
2016-02-05,15:00,sz002256,兆新股份,14.98,15.2,14.6,14.72,47888,71570416.0,-0.25,-1.6700066800267204
2016-02-15,15:00,sz002256,兆新股份,13.91,14.78,13.61,14.6,51422,73349912.0,-0.12,-0.8152173913043478
2016-02-16,15:00,sz002256,兆新股份,14.8,15.86,14.7,15.61,82739,126617504.0,1.01,6.917808219178082
2016-02-17,15:00,sz002256,兆新股份,15.57,15.88,15.2,15.76,99395,154692720.0,0.15,0.9609224855861628
2016-02-18,15:00,sz002256,兆新股份,16.0,16.28,15.5,15.69,103811,163377792.0,-0.07,-0.4441624365482234
2016-02-19,15:00,sz002256,兆新股份,15.8,15.8,15.4,15.7,67721,105640728.0,0.01,0.0637348629700446
2016-02-22,15:00,sz002256,兆新股份,15.85,16.21,15.71,16.13,117965,188787616.0,0.43,2.7388535031847137
2016-02-23,15:00,sz002256,兆新股份,16.19,17.68,15.9,17.16,219493,366673152.0,1.03,6.385616862988221
2016-02-24,15:00,sz002256,兆新股份,16.83,16.85,16.18,16.69,122782,203532800.0,-0.47,-2.738927738927739
2016-02-25,15:00,sz002256,兆新股份,16.59,16.62,15.02,15.02,103527,162221840.0,-1.67,-10.00599161174356
2016-02-26,15:00,sz002256,兆新股份,15.02,15.28,13.8,14.28,132023,189336784.0,-0.74,-4.92676431424767
2016-02-29,15:00,sz002256,兆新股份,14.2,14.2,12.89,13.04,91816,121164848.0,-1.24,-8.683473389355742
2016-03-01,15:00,sz002256,兆新股份,13.14,13.69,12.81,13.59,87012,116012856.0,0.55,4.217791411042945
2016-03-02,15:00,sz002256,兆新股份,13.53,14.47,13.52,14.31,80146,112155120.0,0.72,5.298013245033113
2016-03-03,15:00,sz002256,兆新股份,14.25,15.28,14.11,14.26,112483,164729920.0,-0.05,-0.3494060097833683
2016-03-04,15:00,sz002256,兆新股份,14.27,14.3,13.14,13.51,87690,121104264.0,-0.75,-5.259467040673211
2016-03-07,15:00,sz002256,兆新股份,13.7,14.1,13.6,13.79,69628,96438384.0,0.28,2.072538860103627
2016-03-08,15:00,sz002256,兆新股份,13.65,13.93,13.01,13.91,74816,100892592.0,0.12,0.8701957940536621
2016-03-09,15:00,sz002256,兆新股份,13.58,13.8,13.4,13.5,55309,75015944.0,-0.41,-2.947519769949676
2016-03-10,15:00,sz002256,兆新股份,13.68,13.92,13.43,13.59,76042,104105648.0,0.09,0.6666666666666667
2016-03-11,15:00,sz002256,兆新股份,13.45,13.8,13.2,13.69,50753,68465296.0,0.1,0.7358351729212657
2016-03-14,15:00,sz002256,兆新股份,13.86,14.56,13.86,14.35,99104,141913136.0,0.66,4.821037253469686
2016-03-15,15:00,sz002256,兆新股份,14.2,15.25,12.92,14.98,180230,265304256.0,0.63,4.390243902439024
2016-03-16,15:00,sz002256,兆新股份,15.0,15.28,14.31,14.58,151468,224790896.0,-0.4,-2.67022696929239
2016-03-17,15:00,sz002256,兆新股份,14.65,15.24,14.45,15.02,142584,212524288.0,0.44,3.017832647462277
2016-03-18,15:00,sz002256,兆新股份,15.03,15.9,15.03,15.65,166004,258935616.0,0.63,4.194407456724368
2016-03-21,15:00,sz002256,兆新股份,15.88,16.4,15.48,16.29,212057,336518240.0,0.64,4.0894568690095845
2016-03-22,15:00,sz002256,兆新股份,16.01,16.17,15.82,15.85,136838,218594240.0,-0.44,-2.701043585021486
2016-03-23,15:00,sz002256,兆新股份,15.77,16.16,15.65,15.97,107686,171275968.0,0.12,0.7570977917981072
2016-03-24,15:00,sz002256,兆新股份,15.61,15.79,15.4,15.5,120846,188348880.0,-0.47,-2.9430181590482154
2016-03-25,15:00,sz002256,兆新股份,15.42,15.75,15.4,15.65,81186,126493272.0,0.15,0.967741935483871
2016-03-28,15:00,sz002256,兆新股份,15.73,16.09,15.25,15.31,117256,183976608.0,-0.34,-2.1725239616613417
2016-03-29,15:00,sz002256,兆新股份,15.29,15.39,14.6,14.68,91094,136049888.0,-0.63,-4.11495754408883
2016-03-30,15:00,sz002256,兆新股份,14.99,15.73,14.7,15.68,111752,170955600.0,1.0,6.811989100817439
2016-03-31,15:00,sz002256,兆新股份,15.97,16.11,15.6,15.75,99572,157655584.0,0.07,0.4464285714285714
2016-04-01,15:00,sz002256,兆新股份,15.75,16.28,15.19,16.23,155449,244208752.0,0.48,3.0476190476190474
2016-04-05,15:00,sz002256,兆新股份,16.3,17.85,16.0,17.85,299966,514727808.0,1.62,9.981515711645102
2016-04-06,15:00,sz002256,兆新股份,17.9,18.1,17.25,17.86,196121,348038304.0,0.01,0.0560224089635854
2016-04-07,15:00,sz002256,兆新股份,17.9,19.5,17.55,18.54,306248,562689920.0,0.68,3.807390817469205
2016-04-08,15:00,sz002256,兆新股份,18.8,20.28,18.63,19.41,288551,562312640.0,0.87,4.692556634304207
2016-04-11,15:00,sz002256,兆新股份,19.42,20.43,19.0,19.7,224008,445075040.0,0.29,1.4940752189592994
2016-04-12,15:00,sz002256,兆新股份,19.45,20.47,18.7,20.38,183391,361564256.0,0.68,3.451776649746193
2016-04-13,15:00,sz002256,兆新股份,20.77,22.42,20.77,21.93,320188,705340288.0,1.55,7.60549558390579
2016-04-14,15:00,sz002256,兆新股份,21.5,22.22,21.45,21.94,145628,317645216.0,0.01,0.0455996352029183
2016-04-15,15:00,sz002256,兆新股份,21.94,22.0,20.58,20.62,163610,345199840.0,-1.32,-6.01640838650866
2016-04-18,15:00,sz002256,兆新股份,21.0,21.45,19.96,21.18,178194,371418944.0,0.56,2.7158098933074686
2016-04-19,15:00,sz002256,兆新股份,21.33,21.33,20.45,20.6,125842,262456272.0,-0.58,-2.7384324834749765
2016-04-20,15:00,sz002256,兆新股份,20.95,20.95,18.66,19.41,202465,396192704.0,-1.19,-5.776699029126213
2016-04-21,15:00,sz002256,兆新股份,19.46,20.11,18.95,19.53,116460,228658976.0,0.12,0.6182380216383307
2016-04-22,15:00,sz002256,兆新股份,19.16,19.9,19.12,19.76,77557,151436352.0,0.23,1.1776753712237584
2016-04-25,15:00,sz002256,兆新股份,19.7,20.28,19.2,20.23,97958,193747648.0,0.47,2.378542510121457
2016-04-26,15:00,sz002256,兆新股份,20.0,20.43,19.65,20.02,76123,152325984.0,-0.21,-1.038062283737024
2016-04-27,15:00,sz002256,兆新股份,20.0,20.16,19.45,19.51,89702,176903872.0,-0.51,-2.547452547452548
2016-04-28,15:00,sz002256,兆新股份,19.65,19.97,18.83,19.33,101362,197095104.0,-0.18,-0.9226037929267042
2016-04-29,15:00,sz002256,兆新股份,19.14,19.44,18.96,19.03,71207,136487056.0,-0.3,-1.5519917227108122
2016-05-03,15:00,sz002256,兆新股份,19.16,20.75,18.9,20.49,161755,324589696.0,1.46,7.67209668943773
2016-05-04,15:00,sz002256,兆新股份,20.53,21.35,20.35,20.93,175431,368840928.0,0.44,2.14738897022938
2016-05-05,15:00,sz002256,兆新股份,20.94,21.38,20.7,21.2,124087,262043520.0,0.27,1.2900143334925944
2016-05-06,15:00,sz002256,兆新股份,21.21,21.36,19.63,19.63,155656,317158368.0,-1.57,-7.40566037735849
2016-05-09,15:00,sz002256,兆新股份,19.05,19.05,17.67,17.67,165143,297030592.0,-1.96,-9.98471726948548
2016-05-10,15:00,sz002256,兆新股份,17.37,17.77,17.21,17.54,73625,129218320.0,-0.13,-0.7357102433503113
2016-05-11,15:00,sz002256,兆新股份,17.73,17.88,17.28,17.31,62234,109535760.0,-0.23,-1.3112884834663627
2016-05-12,15:00,sz002256,兆新股份,17.1,17.99,16.2,17.99,105721,183133104.0,0.68,3.928365106874639
2016-05-13,15:00,sz002256,兆新股份,17.79,18.3,17.66,18.1,91122,164551184.0,0.11,0.6114508060033352
2016-05-16,15:00,sz002256,兆新股份,18.09,18.26,17.8,18.24,72199,130404384.0,0.14,0.7734806629834254
2016-05-17,15:00,sz002256,兆新股份,18.15,18.3,17.42,17.67,98560,175280752.0,-0.57,-3.125
2016-05-18,15:00,sz002256,兆新股份,17.35,17.48,16.36,16.76,87789,148196368.0,-0.91,-5.149971703452179
2016-05-19,15:00,sz002256,兆新股份,16.7,17.2,16.59,16.69,57423,97308912.0,-0.07,-0.4176610978520286
2016-05-20,15:00,sz002256,兆新股份,16.51,17.04,16.37,16.95,47344,79552520.0,0.26,1.5578190533253444
2016-05-23,15:00,sz002256,兆新股份,17.15,18.65,17.15,18.65,229641,423425024.0,1.7,10.029498525073748
2016-05-24,15:00,sz002256,兆新股份,18.64,19.07,17.82,18.18,175761,323833952.0,-0.47,-2.520107238605898
2016-05-25,15:00,sz002256,兆新股份,18.35,18.67,17.86,18.31,109863,200475360.0,0.13,0.7150715071507151
2016-05-26,15:00,sz002256,兆新股份,18.25,18.58,17.35,18.55,145427,263195360.0,0.24,1.3107591480065537
2016-05-27,15:00,sz002256,兆新股份,18.35,18.9,18.1,18.41,100227,186163504.0,-0.14,-0.7547169811320755
2016-05-30,15:00,sz002256,兆新股份,18.15,18.16,17.56,17.7,132439,236049600.0,-0.71,-3.8565996740901687
2016-05-31,15:00,sz002256,兆新股份,17.68,19.0,17.62,19.0,160920,298836736.0,1.3,7.344632768361582
2016-06-01,15:00,sz002256,兆新股份,19.31,19.98,19.12,19.58,186782,366136704.0,0.58,3.052631578947368
2016-06-02,15:00,sz002256,兆新股份,19.46,20.38,19.35,20.0,184149,367948512.0,0.42,2.1450459652706844
2016-06-03,15:00,sz002256,兆新股份,20.04,20.13,19.4,19.78,130220,257379024.0,-0.22,-1.1
2016-06-06,15:00,sz002256,兆新股份,19.86,20.85,19.85,20.85,186799,381866656.0,1.07,5.409504550050556
2016-06-07,15:00,sz002256,兆新股份,20.87,22.12,20.32,21.95,233730,499967488.0,1.1,5.275779376498801
2016-06-08,15:00,sz002256,兆新股份,21.6,22.58,21.0,22.1,283997,620182720.0,0.15,0.683371298405467
2016-06-13,15:00,sz002256,兆新股份,21.71,22.78,20.92,21.01,232137,511357920.0,-1.09,-4.932126696832579
2016-06-14,15:00,sz002256,兆新股份,20.96,22.95,20.8,22.82,266221,582806464.0,1.81,8.614945264159923
2016-06-15,15:00,sz002256,兆新股份,22.5,23.82,22.3,23.4,312315,721991296.0,0.58,2.5416301489921125
2016-06-16,15:00,sz002256,兆新股份,23.0,24.64,22.88,24.0,251624,600864448.0,0.6,2.564102564102564
2016-06-17,15:00,sz002256,兆新股份,23.98,24.13,22.86,23.0,219255,511794464.0,-1.0,-4.166666666666666
2016-06-20,15:00,sz002256,兆新股份,25.3,25.3,25.3,25.3,30745,77784904.0,2.3,10.0
2016-06-21,15:00,sz002256,兆新股份,27.83,27.83,27.83,27.83,54522,151735200.0,2.53,10.0
2016-06-22,15:00,sz002256,兆新股份,30.61,30.61,28.7,30.61,1188404,3545908992.0,2.78,9.989220265900109
2016-06-23,15:00,sz002256,兆新股份,31.1,33.33,30.82,31.45,828387,2621454080.0,0.84,2.744201241424371
2016-06-24,15:00,sz002256,兆新股份,31.29,34.6,31.02,34.58,819742,2692459264.0,3.13,9.952305246422894
2016-06-27,15:00,sz002256,兆新股份,33.6,34.2,33.01,34.2,572385,1925507328.0,-0.38,-1.098901098901099
2016-06-28,15:00,sz002256,兆新股份,34.4,35.38,33.6,34.14,441787,1515686656.0,-0.06,-0.175438596491228
2016-06-29,15:00,sz002256,兆新股份,34.03,35.95,33.7,34.69,545211,1898332928.0,0.55,1.611013473930873
2016-06-30,15:00,sz002256,兆新股份,34.0,34.93,32.0,32.8,656407,2178626048.0,-1.89,-5.448255981550879
2016-07-01,15:00,sz002256,兆新股份,32.67,33.18,32.3,32.88,392798,1287325440.0,0.08,0.2439024390243902
2016-07-04,15:00,sz002256,兆新股份,32.4,33.56,31.91,33.0,381395,1248735488.0,0.12,0.364963503649635
2016-07-05,15:00,sz002256,兆新股份,33.25,34.05,32.14,32.4,463551,1524533376.0,-0.6,-1.818181818181818
2016-07-06,15:00,sz002256,兆新股份,32.5,34.88,32.5,33.78,650169,2184728064.0,1.38,4.25925925925926
2016-07-07,15:00,sz002256,兆新股份,33.5,33.5,31.33,31.9,528705,1700235264.0,-1.88,-5.56542332741267
2016-07-08,15:00,sz002256,兆新股份,32.01,32.61,31.71,32.17,250354,806663872.0,0.27,0.8463949843260188
2016-07-11,15:00,sz002256,兆新股份,32.0,32.48,30.71,30.9,325258,1026524864.0,-1.27,-3.947777432390426
2016-07-12,15:00,sz002256,兆新股份,31.0,31.25,29.85,30.85,287497,876623808.0,-0.05,-0.1618122977346278
2016-07-13,15:00,sz002256,兆新股份,31.0,31.7,30.61,31.3,233555,726762944.0,0.45,1.4586709886547813
2016-07-14,15:00,sz002256,兆新股份,31.28,31.48,30.67,31.06,153644,476345056.0,-0.24,-0.7667731629392971
2016-07-15,15:00,sz002256,兆新股份,31.06,31.44,30.7,30.8,145908,452165888.0,-0.26,-0.8370895041854475
2016-07-18,15:00,sz002256,兆新股份,30.4,30.84,29.87,30.51,138194,419417568.0,-0.29,-0.9415584415584416
2016-07-19,15:00,sz002256,兆新股份,30.53,31.64,30.31,31.64,318892,996212416.0,1.13,3.7037037037037033
2016-07-20,15:00,sz002256,兆新股份,31.51,31.6,30.9,31.09,168604,525402688.0,-0.55,-1.738305941845765
2016-07-21,15:00,sz002256,兆新股份,31.2,31.48,30.7,30.7,153978,479092800.0,-0.39,-1.2544226439369572
2016-07-22,15:00,sz002256,兆新股份,30.9,30.9,29.25,29.25,193103,579040384.0,-1.45,-4.723127035830619
2016-07-25,15:00,sz002256,兆新股份,29.0,29.11,27.72,28.45,196388,558658944.0,-0.8,-2.735042735042735
2016-07-26,15:00,sz002256,兆新股份,28.46,28.84,28.0,28.6,145863,415001184.0,0.15,0.5272407732864675
2016-07-27,15:00,sz002256,兆新股份,28.34,28.46,25.75,25.97,254879,685884608.0,-2.63,-9.195804195804197
2016-07-28,15:00,sz002256,兆新股份,26.02,26.69,25.8,26.42,159488,419014592.0,0.45,1.7327685791297651
2016-07-29,15:00,sz002256,兆新股份,26.33,27.49,25.9,27.0,196181,526123744.0,0.58,2.195306585919758
2016-08-01,15:00,sz002256,兆新股份,26.64,27.92,26.03,27.52,153803,413005248.0,0.52,1.925925925925926
2016-08-02,15:00,sz002256,兆新股份,27.39,28.86,27.37,28.07,241890,681191680.0,0.55,1.998546511627907
2016-08-03,15:00,sz002256,兆新股份,27.8,28.39,27.61,27.9,143146,399973184.0,-0.17,-0.6056287851799074
2016-08-04,15:00,sz002256,兆新股份,27.9,28.44,27.71,28.02,134354,377208960.0,0.12,0.4301075268817204
2016-08-05,15:00,sz002256,兆新股份,28.1,28.17,27.6,27.84,115970,323280640.0,-0.18,-0.6423982869379015
2016-08-08,15:00,sz002256,兆新股份,27.62,28.68,26.69,28.4,202166,563348800.0,0.56,2.0114942528735638
2016-08-09,15:00,sz002256,兆新股份,28.16,30.65,28.11,29.88,326312,966712192.0,1.48,5.211267605633803
2016-08-10,15:00,sz002256,兆新股份,29.58,30.09,29.35,29.47,219457,651151104.0,-0.41,-1.3721552878179384
2016-08-11,15:00,sz002256,兆新股份,29.4,30.16,29.0,29.0,188269,557930560.0,-0.47,-1.5948422124194097
2016-08-12,15:00,sz002256,兆新股份,29.0,29.1,28.31,29.1,142362,409301024.0,0.1,0.3448275862068966
2016-08-15,15:00,sz002256,兆新股份,29.39,30.99,29.01,30.58,301543,912161344.0,1.48,5.085910652920962
2016-08-16,15:00,sz002256,兆新股份,30.6,31.27,30.51,31.17,276225,853402880.0,0.59,1.9293655984303464
2016-08-17,15:00,sz002256,兆新股份,30.84,32.68,30.63,31.4,335343,1063646592.0,0.23,0.7378889958293231
2016-08-18,15:00,sz002256,兆新股份,31.1,32.1,30.93,31.5,241702,760915072.0,0.1,0.3184713375796179
2016-08-19,15:00,sz002256,兆新股份,31.3,34.65,31.2,34.65,576658,1930307456.0,3.15,10.0
2016-08-22,15:00,sz002256,兆新股份,35.12,35.37,31.51,32.19,564853,1882022912.0,-2.46,-7.0995670995671
2016-08-23,15:00,sz002256,兆新股份,32.0,33.3,31.98,32.49,290261,947327040.0,0.3,0.9319664492078285
2016-08-24,15:00,sz002256,兆新股份,32.46,34.9,32.16,33.5,461671,1564861952.0,1.01,3.1086488150200062
2016-08-25,15:00,sz002256,兆新股份,33.0,35.27,31.71,34.97,561552,1902800384.0,1.47,4.388059701492537
2016-08-26,15:00,sz002256,兆新股份,34.88,35.36,33.41,34.24,502729,1726640512.0,-0.73,-2.087503574492422
2016-08-29,15:00,sz002256,兆新股份,33.75,35.84,32.48,34.16,579427,1986514560.0,-0.08,-0.233644859813084
2016-08-30,15:00,sz002256,兆新股份,34.05,34.3,32.26,32.53,362851,1195418880.0,-1.63,-4.771662763466042
2016-08-31,15:00,sz002256,兆新股份,32.28,32.55,30.75,31.41,273926,862503552.0,-1.12,-3.442975714724869
2016-09-01,15:00,sz002256,兆新股份,31.39,31.93,30.99,31.06,194836,611728384.0,-0.35,-1.1142948105698822
2016-09-02,15:00,sz002256,兆新股份,30.85,31.21,30.38,30.48,173809,534356384.0,-0.58,-1.867353509336768
2016-09-05,15:00,sz002256,兆新股份,30.71,31.17,30.5,30.95,155286,479284640.0,0.47,1.541994750656168
2016-09-06,15:00,sz002256,兆新股份,30.97,31.11,30.11,30.95,151848,465882592.0,0.0,0.0
2016-09-07,15:00,sz002256,兆新股份,31.0,31.1,30.11,30.21,159983,489582528.0,-0.74,-2.3909531502423262
2016-09-08,15:00,sz002256,兆新股份,30.0,30.08,29.2,29.42,171146,504933344.0,-0.79,-2.6150281363786823
2016-09-09,15:00,sz002256,兆新股份,29.5,29.8,29.03,29.06,126462,370584480.0,-0.36,-1.2236573759347382
2016-09-12,15:00,sz002256,兆新股份,28.25,29.06,27.56,28.06,145280,411440480.0,-1.0,-3.441156228492773
2016-09-13,15:00,sz002256,兆新股份,28.4,30.68,28.36,30.13,239412,705321472.0,2.07,7.377049180327869
2016-09-14,15:00,sz002256,兆新股份,29.7,31.63,29.42,31.33,299025,917890432.0,1.2,3.982741453700631
2016-09-19,15:00,sz002256,兆新股份,30.8,31.92,30.32,31.53,230049,715788032.0,0.2,0.6383657835939993
2016-09-20,15:00,sz002256,兆新股份,31.5,31.5,30.36,30.39,201125,620708032.0,-1.14,-3.615604186489058
2016-09-21,15:00,sz002256,兆新股份,30.28,30.28,29.15,29.27,171299,506430400.0,-1.12,-3.685422836459361
2016-09-22,15:00,sz002256,兆新股份,29.41,29.96,29.19,29.44,118566,350758176.0,0.17,0.5807994533652203
2016-09-23,15:00,sz002256,兆新股份,29.4,29.4,28.5,28.55,125242,360372160.0,-0.89,-3.0230978260869565
2016-09-26,15:00,sz002256,兆新股份,28.54,29.85,28.35,28.72,165959,483358208.0,0.17,0.5954465849387041
2016-09-27,15:00,sz002256,兆新股份,7.0,7.21,6.6,6.76,585623,399525216.0,-21.96,-76.46239554317549
2016-09-28,15:00,sz002256,兆新股份,6.78,6.98,6.53,6.78,376624,255931168.0,0.02,0.2958579881656805
2016-09-29,15:00,sz002256,兆新股份,6.73,6.81,6.58,6.59,399698,265673440.0,-0.19,-2.8023598820058995
2016-09-30,15:00,sz002256,兆新股份,6.62,6.65,6.33,6.41,423442,273014240.0,-0.18,-2.731411229135053
2016-10-10,15:00,sz002256,兆新股份,6.32,6.6,6.32,6.54,381615,247259600.0,0.13,2.02808112324493
2016-10-11,15:00,sz002256,兆新股份,6.55,7.19,6.51,7.19,830852,574539776.0,0.65,9.938837920489297
2016-10-12,15:00,sz002256,兆新股份,7.29,7.75,7.12,7.48,1484492,1111494272.0,0.29,4.033379694019471
2016-10-13,15:00,sz002256,兆新股份,7.41,7.55,7.3,7.35,686131,506327872.0,-0.13,-1.7379679144385027
2016-10-14,15:00,sz002256,兆新股份,7.5,7.8,7.42,7.6,1053751,805859648.0,0.25,3.4013605442176877
2016-10-17,15:00,sz002256,兆新股份,7.62,7.67,7.37,7.46,598780,449860512.0,-0.14,-1.8421052631578945
2016-10-18,15:00,sz002256,兆新股份,7.4,7.6,7.33,7.55,505697,377251840.0,0.09,1.206434316353887
2016-10-19,15:00,sz002256,兆新股份,7.48,7.96,7.44,7.67,840276,647764416.0,0.12,1.5894039735099337
2016-10-20,15:00,sz002256,兆新股份,7.59,8.43,7.56,8.18,1885325,1510584448.0,0.51,6.6492829204693615
2016-10-21,15:00,sz002256,兆新股份,8.01,8.03,7.7,7.87,1184927,932126400.0,-0.31,-3.7897310513447433
2016-10-24,15:00,sz002256,兆新股份,7.81,8.1,7.7,7.9,788249,621154752.0,0.03,0.3811944091486658
2016-10-25,15:00,sz002256,兆新股份,7.9,8.08,7.8,7.89,721982,573295488.0,-0.01,-0.1265822784810126
2016-10-26,15:00,sz002256,兆新股份,7.8,7.96,7.73,7.74,510511,398151456.0,-0.15,-1.9011406844106464
2016-10-27,15:00,sz002256,兆新股份,7.75,7.8,7.53,7.64,524531,400284160.0,-0.1,-1.2919896640826871
2016-10-28,15:00,sz002256,兆新股份,7.68,7.86,7.58,7.74,628800,488498336.0,0.1,1.3089005235602094
2016-10-31,15:00,sz002256,兆新股份,7.69,7.7,7.51,7.55,431467,326356192.0,-0.19,-2.454780361757106
2016-11-01,15:00,sz002256,兆新股份,7.56,7.86,7.52,7.8,598914,462426560.0,0.25,3.3112582781456954
2016-11-02,15:00,sz002256,兆新股份,7.77,7.95,7.7,7.72,581481,453366720.0,-0.08,-1.0256410256410255
2016-11-03,15:00,sz002256,兆新股份,7.63,8.29,7.55,8.0,1357527,1083202432.0,0.28,3.6269430051813463
2016-11-04,15:00,sz002256,兆新股份,7.8,8.0,7.78,7.8,763203,598131840.0,-0.2,-2.5
2016-11-07,15:00,sz002256,兆新股份,7.75,7.8,7.6,7.64,484982,372851744.0,-0.16,-2.051282051282051
2016-11-08,15:00,sz002256,兆新股份,7.75,7.95,7.69,7.71,472884,368496352.0,0.07,0.9162303664921464
2016-11-09,15:00,sz002256,兆新股份,7.71,7.71,7.25,7.48,643754,484274848.0,-0.23,-2.9831387808041505
2016-11-10,15:00,sz002256,兆新股份,7.53,7.66,7.45,7.51,375478,282240352.0,0.03,0.4010695187165776
2016-11-11,15:00,sz002256,兆新股份,7.51,7.63,7.41,7.51,419803,316015296.0,0.0,0.0
2016-11-14,15:00,sz002256,兆新股份,7.49,7.56,7.34,7.39,455062,337698368.0,-0.12,-1.5978695073235687
2016-11-15,15:00,sz002256,兆新股份,7.35,7.47,7.27,7.47,393429,289057600.0,0.08,1.0825439783491204
2016-11-16,15:00,sz002256,兆新股份,7.46,7.85,7.41,7.65,810526,621589888.0,0.18,2.409638554216868
2016-11-17,15:00,sz002256,兆新股份,7.67,7.68,7.47,7.52,390779,294466272.0,-0.13,-1.699346405228758
2016-11-18,15:00,sz002256,兆新股份,7.51,7.58,7.39,7.41,339705,252590304.0,-0.11,-1.4627659574468086
2016-11-21,15:00,sz002256,兆新股份,7.41,7.45,7.33,7.35,261017,192390800.0,-0.06,-0.8097165991902834
2016-11-22,15:00,sz002256,兆新股份,7.37,7.41,7.3,7.37,251701,184672672.0,0.02,0.2721088435374149
2016-11-23,15:00,sz002256,兆新股份,7.39,7.41,7.26,7.27,247083,180650496.0,-0.1,-1.35685210312076
2016-11-24,15:00,sz002256,兆新股份,7.27,7.3,7.13,7.14,306899,220647296.0,-0.13,-1.7881705639614855
2016-11-25,15:00,sz002256,兆新股份,7.12,7.17,6.9,7.05,260872,182645840.0,-0.09,-1.2605042016806722
2016-11-28,15:00,sz002256,兆新股份,7.05,7.16,7.05,7.06,185806,131552632.0,0.01,0.1418439716312056
2016-11-29,15:00,sz002256,兆新股份,7.07,7.09,6.8,6.83,304705,210590496.0,-0.23,-3.2577903682719547
2016-11-30,15:00,sz002256,兆新股份,6.83,6.92,6.73,6.83,173016,118242944.0,0.0,0.0
2016-12-01,15:00,sz002256,兆新股份,6.8,6.86,6.71,6.76,201356,136340576.0,-0.07,-1.0248901903367496
2016-12-02,15:00,sz002256,兆新股份,6.78,6.79,6.56,6.58,234676,155648944.0,-0.18,-2.6627218934911245
2016-12-05,15:00,sz002256,兆新股份,6.55,6.74,6.4,6.63,160212,105989592.0,0.05,0.7598784194528876
2016-12-06,15:00,sz002256,兆新股份,6.62,6.71,6.6,6.66,125539,83664688.0,0.03,0.4524886877828055
2016-12-07,15:00,sz002256,兆新股份,6.66,6.69,6.56,6.68,138206,91759784.0,0.02,0.3003003003003003
2016-12-08,15:00,sz002256,兆新股份,6.67,6.69,6.56,6.57,126892,83964264.0,-0.11,-1.6467065868263475
2016-12-09,15:00,sz002256,兆新股份,6.57,6.57,6.44,6.46,152337,99076496.0,-0.11,-1.67427701674277
2016-12-12,15:00,sz002256,兆新股份,6.47,6.5,5.92,6.06,270351,168436400.0,-0.4,-6.191950464396285
2016-12-13,15:00,sz002256,兆新股份,6.0,6.06,5.81,6.01,199302,118564384.0,-0.05,-0.825082508250825
2016-12-14,15:00,sz002256,兆新股份,6.15,6.61,6.14,6.61,201931,131333472.0,0.6,9.983361064891849
2016-12-15,15:00,sz002256,兆新股份,6.8,7.14,6.68,6.91,827551,572791680.0,0.3,4.53857791225416
2016-12-16,15:00,sz002256,兆新股份,6.86,6.86,6.63,6.8,360066,243707184.0,-0.11,-1.5918958031837915
2016-12-19,15:00,sz002256,兆新股份,6.7,6.95,6.66,6.67,280835,190514848.0,-0.13,-1.911764705882353
2016-12-20,15:00,sz002256,兆新股份,6.61,6.68,6.5,6.54,232380,152015328.0,-0.13,-1.949025487256372
2016-12-21,15:00,sz002256,兆新股份,6.54,6.6,6.44,6.55,177877,115564312.0,0.01,0.1529051987767584
2016-12-22,15:00,sz002256,兆新股份,6.55,6.56,6.45,6.45,129959,84113088.0,-0.1,-1.5267175572519085
2016-12-23,15:00,sz002256,兆新股份,6.43,6.43,6.25,6.31,198226,125088000.0,-0.14,-2.1705426356589146
2016-12-26,15:00,sz002256,兆新股份,6.31,6.35,6.16,6.35,140004,87409984.0,0.04,0.6339144215530903
2016-12-27,15:00,sz002256,兆新股份,6.4,6.88,6.38,6.57,344006,229004976.0,0.22,3.4645669291338583
2016-12-28,15:00,sz002256,兆新股份,6.5,6.68,6.47,6.49,172779,113146808.0,-0.08,-1.21765601217656
2016-12-29,15:00,sz002256,兆新股份,6.49,6.49,6.35,6.36,163951,105091088.0,-0.13,-2.0030816640986133
2016-12-30,15:00,sz002256,兆新股份,6.36,6.44,6.35,6.42,101068,64549256.0,0.06,0.9433962264150944
2017-01-03,15:00,sz002256,兆新股份,6.47,6.5,6.39,6.41,108591,69881160.0,-0.01,-0.1557632398753894
2017-01-04,15:00,sz002256,兆新股份,6.4,6.46,6.36,6.45,128369,82255408.0,0.04,0.62402496099844
2017-01-05,15:00,sz002256,兆新股份,6.45,6.46,6.38,6.39,116983,74864536.0,-0.06,-0.9302325581395348
2017-01-06,15:00,sz002256,兆新股份,6.41,6.43,6.32,6.32,126729,80581264.0,-0.07,-1.0954616588419406
2017-01-09,15:00,sz002256,兆新股份,6.32,6.37,6.28,6.32,91993,58219668.0,0.0,0.0
2017-01-10,15:00,sz002256,兆新股份,6.32,6.32,6.24,6.26,115425,72305888.0,-0.06,-0.949367088607595
2017-01-11,15:00,sz002256,兆新股份,6.26,6.26,6.16,6.17,105887,65566876.0,-0.09,-1.437699680511182
2017-01-12,15:00,sz002256,兆新股份,6.14,6.45,6.14,6.24,179126,113007344.0,0.07,1.1345218800648298
2017-01-13,15:00,sz002256,兆新股份,6.28,6.34,6.15,6.17,116591,72697144.0,-0.07,-1.1217948717948718
2017-01-16,15:00,sz002256,兆新股份,6.22,6.27,5.62,6.05,185396,112179408.0,-0.12,-1.9448946515397083
2017-01-17,15:00,sz002256,兆新股份,6.04,6.09,5.81,6.06,155173,92580232.0,0.01,0.1652892561983471
2017-01-18,15:00,sz002256,兆新股份,6.06,6.06,5.96,5.99,72618,43560764.0,-0.07,-1.155115511551155
2017-01-19,15:00,sz002256,兆新股份,5.98,5.99,5.9,5.91,77421,45952956.0,-0.08,-1.335559265442404
2017-01-20,15:00,sz002256,兆新股份,5.9,5.96,5.87,5.94,75955,45100280.0,0.03,0.5076142131979695
2017-01-23,15:00,sz002256,兆新股份,5.99,6.25,5.99,6.09,132767,81206488.0,0.15,2.525252525252525
2017-01-24,15:00,sz002256,兆新股份,6.12,6.12,6.03,6.04,67781,41002460.0,-0.05,-0.8210180623973727
2017-01-25,15:00,sz002256,兆新股份,6.05,6.09,6.04,6.05,54810,33186810.0,0.01,0.1655629139072847
2017-01-26,15:00,sz002256,兆新股份,6.07,6.25,6.06,6.24,118439,72773760.0,0.19,3.1404958677685952
2017-02-03,15:00,sz002256,兆新股份,6.22,6.24,6.15,6.24,67252,41610356.0,0.0,0.0
2017-02-06,15:00,sz002256,兆新股份,6.23,6.26,6.2,6.24,65455,40737244.0,0.0,0.0
2017-02-07,15:00,sz002256,兆新股份,6.23,6.24,6.18,6.24,78585,48748416.0,0.0,0.0
2017-02-08,15:00,sz002256,兆新股份,6.23,6.26,6.18,6.26,91619,57007688.0,0.02,0.3205128205128205
2017-02-09,15:00,sz002256,兆新股份,6.26,6.46,6.24,6.36,174578,111188408.0,0.1,1.5974440894568689
2017-02-10,15:00,sz002256,兆新股份,6.36,6.41,6.31,6.37,141029,89636224.0,0.01,0.1572327044025157
2017-02-13,15:00,sz002256,兆新股份,6.45,6.47,6.34,6.36,108262,69028392.0,-0.01,-0.1569858712715855
2017-02-14,15:00,sz002256,兆新股份,6.38,6.38,6.3,6.31,86463,54603912.0,-0.05,-0.7861635220125787
2017-02-15,15:00,sz002256,兆新股份,6.31,6.33,6.18,6.24,127019,79317416.0,-0.07,-1.109350237717908
2017-02-16,15:00,sz002256,兆新股份,6.21,6.26,6.17,6.26,94799,58930812.0,0.02,0.3205128205128205
2017-02-17,15:00,sz002256,兆新股份,6.26,6.26,6.19,6.24,96061,59681428.0,-0.02,-0.3194888178913738
2017-02-20,15:00,sz002256,兆新股份,6.22,6.24,6.18,6.24,92361,57324296.0,0.0,0.0
2017-02-21,15:00,sz002256,兆新股份,6.22,6.28,6.2,6.27,108121,67579208.0,0.03,0.4807692307692308
2017-02-22,15:00,sz002256,兆新股份,6.3,6.47,6.3,6.37,230838,147351296.0,0.1,1.5948963317384368
2017-02-23,15:00,sz002256,兆新股份,6.36,6.49,6.3,6.49,277018,176923808.0,0.12,1.8838304552590264
2017-02-24,15:00,sz002256,兆新股份,6.5,6.53,6.43,6.46,169376,109504000.0,-0.03,-0.4622496147919877
2017-02-27,15:00,sz002256,兆新股份,6.46,6.46,6.33,6.34,136490,87057304.0,-0.12,-1.8575851393188851
2017-02-28,15:00,sz002256,兆新股份,6.38,6.41,6.34,6.38,73634,46900068.0,0.04,0.6309148264984227
2017-03-01,15:00,sz002256,兆新股份,6.38,6.4,6.35,6.36,86044,54791544.0,-0.02,-0.3134796238244514
2017-03-02,15:00,sz002256,兆新股份,6.38,6.38,6.28,6.28,98091,62013988.0,-0.08,-1.257861635220126
2017-03-03,15:00,sz002256,兆新股份,6.28,6.28,6.2,6.26,107017,66702556.0,-0.02,-0.3184713375796179
2017-03-06,15:00,sz002256,兆新股份,6.26,6.32,6.26,6.3,98854,62193360.0,0.04,0.6389776357827476
2017-03-07,15:00,sz002256,兆新股份,6.3,6.37,6.27,6.37,146778,92668280.0,0.07,1.1111111111111112
2017-03-08,15:00,sz002256,兆新股份,6.37,6.46,6.33,6.42,208471,133439520.0,0.05,0.7849293563579277
2017-03-09,15:00,sz002256,兆新股份,6.4,6.45,6.34,6.37,119227,76016504.0,-0.05,-0.778816199376947
2017-03-10,15:00,sz002256,兆新股份,6.35,6.47,6.34,6.41,235769,151329664.0,0.04,0.6279434850863422
2017-03-13,15:00,sz002256,兆新股份,6.42,6.42,6.33,6.37,108307,68929424.0,-0.04,-0.62402496099844
2017-03-14,15:00,sz002256,兆新股份,6.37,6.37,6.28,6.29,134219,84798688.0,-0.08,-1.2558869701726845
2017-03-15,15:00,sz002256,兆新股份,6.29,6.3,6.23,6.24,93684,58579504.0,-0.05,-0.7949125596184419
2017-03-16,15:00,sz002256,兆新股份,6.24,6.3,6.22,6.29,90781,56897432.0,0.05,0.8012820512820512
2017-03-17,15:00,sz002256,兆新股份,6.3,6.31,6.21,6.24,127921,79935656.0,-0.05,-0.7949125596184419
2017-03-20,15:00,sz002256,兆新股份,6.25,6.25,6.21,6.24,73550,45821684.0,0.0,0.0
2017-03-21,15:00,sz002256,兆新股份,6.24,6.24,6.19,6.24,96407,59835640.0,0.0,0.0
2017-03-22,15:00,sz002256,兆新股份,6.22,6.22,6.14,6.15,118726,73173112.0,-0.09,-1.4423076923076923
2017-03-23,15:00,sz002256,兆新股份,6.15,6.22,6.1,6.14,103990,63979492.0,-0.01,-0.1626016260162601
2017-03-24,15:00,sz002256,兆新股份,6.14,6.14,6.07,6.1,105091,64064804.0,-0.04,-0.6514657980456027
2017-03-27,15:00,sz002256,兆新股份,6.12,6.19,6.12,6.14,88908,54675576.0,0.04,0.6557377049180327
2017-03-28,15:00,sz002256,兆新股份,6.14,6.14,6.08,6.09,71433,43564412.0,-0.05,-0.8143322475570033
2017-03-29,15:00,sz002256,兆新股份,6.06,6.12,6.06,6.07,79765,48547976.0,-0.02,-0.3284072249589491
2017-03-30,15:00,sz002256,兆新股份,6.07,6.08,5.95,5.95,122853,73701496.0,-0.12,-1.9769357495881383
2017-03-31,15:00,sz002256,兆新股份,5.95,6.06,5.94,6.02,63365,38074728.0,0.07,1.1764705882352942
2017-04-05,15:00,sz002256,兆新股份,6.07,6.08,6.02,6.08,84618,51167448.0,0.06,0.9966777408637874
2017-04-06,15:00,sz002256,兆新股份,6.08,6.35,6.04,6.25,282205,175524976.0,0.17,2.796052631578948
2017-04-07,15:00,sz002256,兆新股份,6.23,6.28,6.14,6.25,173328,107552200.0,0.0,0.0
2017-04-10,15:00,sz002256,兆新股份,6.22,6.27,6.16,6.25,146971,91273168.0,0.0,0.0
2017-04-11,15:00,sz002256,兆新股份,6.22,6.36,6.22,6.31,201024,126482048.0,0.06,0.96
2017-04-12,15:00,sz002256,兆新股份,6.27,6.31,6.21,6.25,106675,66654728.0,-0.06,-0.9508716323296356
2017-04-13,15:00,sz002256,兆新股份,6.23,6.26,6.15,6.26,150210,92989504.0,0.01,0.16
2017-04-14,15:00,sz002256,兆新股份,6.2,6.25,6.15,6.25,159888,99058032.0,-0.01,-0.1597444089456869
2017-04-17,15:00,sz002256,兆新股份,6.22,6.35,6.17,6.27,174357,109085536.0,0.02,0.32
2017-04-18,15:00,sz002256,兆新股份,6.23,6.32,6.21,6.25,135682,84881232.0,-0.02,-0.3189792663476874
2017-04-19,15:00,sz002256,兆新股份,6.2,6.27,6.05,6.26,206966,127683496.0,0.01,0.16
2017-04-20,15:00,sz002256,兆新股份,6.38,6.46,6.28,6.28,388975,247382592.0,0.02,0.3194888178913738
2017-04-21,15:00,sz002256,兆新股份,6.28,6.28,6.13,6.27,213214,131965984.0,-0.01,-0.1592356687898089
2017-04-24,15:00,sz002256,兆新股份,6.25,6.25,6.07,6.07,166899,102464712.0,-0.2,-3.1897926634768736
2017-04-25,15:00,sz002256,兆新股份,6.04,6.11,5.85,5.86,234499,139838400.0,-0.21,-3.459637561779242
2017-04-26,15:00,sz002256,兆新股份,5.86,5.91,5.61,5.64,230321,131799264.0,-0.22,-3.754266211604096
2017-04-27,15:00,sz002256,兆新股份,5.71,5.74,5.57,5.68,219201,123743672.0,0.04,0.7092198581560284
2017-04-28,15:00,sz002256,兆新股份,5.66,5.8,5.63,5.77,113179,64579980.0,0.09,1.584507042253521
2017-05-02,15:00,sz002256,兆新股份,5.75,5.82,5.72,5.75,55998,32284876.0,-0.02,-0.3466204506065857
2017-05-03,15:00,sz002256,兆新股份,5.72,5.73,5.61,5.68,114606,64732240.0,-0.07,-1.2173913043478262
2017-05-04,15:00,sz002256,兆新股份,5.66,5.66,5.6,5.61,84046,47193620.0,-0.07,-1.232394366197183
2017-05-05,15:00,sz002256,兆新股份,5.62,5.63,5.11,5.33,223575,119805376.0,-0.28,-4.991087344028521
2017-05-08,15:00,sz002256,兆新股份,5.27,5.27,5.13,5.24,101755,52806708.0,-0.09,-1.6885553470919326
2017-05-09,15:00,sz002256,兆新股份,5.29,5.31,5.21,5.25,66268,34832136.0,0.01,0.1908396946564885
2017-05-10,15:00,sz002256,兆新股份,5.25,5.27,5.04,5.19,87885,45524528.0,-0.06,-1.1428571428571428
2017-05-11,15:00,sz002256,兆新股份,5.14,5.14,4.82,5.1,171628,85555720.0,-0.09,-1.7341040462427744
2017-05-12,15:00,sz002256,兆新股份,5.06,5.1,4.97,5.1,80067,40351080.0,0.0,0.0
2017-05-15,15:00,sz002256,兆新股份,5.07,5.12,5.04,5.06,50033,25352316.0,-0.04,-0.7843137254901961
2017-05-16,15:00,sz002256,兆新股份,5.06,5.06,4.93,5.05,84179,42088544.0,-0.01,-0.1976284584980237
2017-05-17,15:00,sz002256,兆新股份,5.04,5.13,5.01,5.13,100026,50938288.0,0.08,1.5841584158415842
2017-05-18,15:00,sz002256,兆新股份,5.07,5.13,5.05,5.05,60058,30556914.0,-0.08,-1.5594541910331383
2017-05-19,15:00,sz002256,兆新股份,5.05,5.15,5.02,5.09,77172,39203280.0,0.04,0.7920792079207921
2017-05-22,15:00,sz002256,兆新股份,5.09,5.09,4.99,4.99,57278,28839192.0,-0.1,-1.9646365422396856
2017-05-23,15:00,sz002256,兆新股份,5.0,5.05,4.91,4.91,76598,38093980.0,-0.08,-1.6032064128256511
2017-05-24,15:00,sz002256,兆新股份,4.91,4.91,4.73,4.82,92876,44639688.0,-0.09,-1.8329938900203664
2017-05-25,15:00,sz002256,兆新股份,4.81,4.83,4.73,4.8,73743,35339964.0,-0.02,-0.4149377593360996
2017-05-26,15:00,sz002256,兆新股份,4.81,4.85,4.77,4.78,59199,28443430.0,-0.02,-0.4166666666666667
2017-05-31,15:00,sz002256,兆新股份,4.79,4.88,4.79,4.83,59488,28778328.0,0.05,1.0460251046025104
2017-06-01,15:00,sz002256,兆新股份,4.81,4.82,4.5,4.52,72923,34404164.0,-0.31,-6.418219461697723
2017-06-02,15:00,sz002256,兆新股份,4.49,4.49,4.16,4.39,138429,59997396.0,-0.13,-2.8761061946902653
2017-11-08,15:00,sz002256,兆新股份,4.83,4.83,4.83,4.83,21804,10531583.0,0.44,10.02277904328018
2017-11-09,15:00,sz002256,兆新股份,5.31,5.31,4.99,5.24,781202,406545408.0,0.41,8.488612836438923
2017-11-10,15:00,sz002256,兆新股份,5.1,5.21,5.0,5.19,406529,207487792.0,-0.05,-0.9541984732824428
2017-11-13,15:00,sz002256,兆新股份,5.18,5.18,5.03,5.08,210499,106942704.0,-0.11,-2.119460500963391
2017-11-14,15:00,sz002256,兆新股份,5.05,5.05,4.89,4.93,205615,101378160.0,-0.15,-2.952755905511811
2017-11-15,15:00,sz002256,兆新股份,4.97,4.97,4.68,4.79,175795,83902008.0,-0.14,-2.839756592292089
2017-11-16,15:00,sz002256,兆新股份,4.79,4.79,4.58,4.73,114830,53968544.0,-0.06,-1.2526096033402925
2017-11-17,15:00,sz002256,兆新股份,4.7,4.71,4.6,4.71,120377,56050492.0,-0.02,-0.4228329809725158
2017-11-20,15:00,sz002256,兆新股份,4.65,4.7,4.46,4.67,110793,50736568.0,-0.04,-0.8492569002123143
2017-11-21,15:00,sz002256,兆新股份,4.64,4.79,4.57,4.75,102109,48029468.0,0.08,1.7130620985010707
2017-11-22,15:00,sz002256,兆新股份,4.75,4.79,4.71,4.75,88766,42224540.0,0.0,0.0
2017-11-23,15:00,sz002256,兆新股份,4.75,4.75,4.6,4.6,86867,40436480.0,-0.15,-3.1578947368421053
2017-11-24,15:00,sz002256,兆新股份,4.62,4.62,4.52,4.57,56370,25756346.0,-0.03,-0.6521739130434783
2017-11-27,15:00,sz002256,兆新股份,4.56,4.56,4.46,4.46,51115,23035738.0,-0.11,-2.4070021881838075
2017-11-28,15:00,sz002256,兆新股份,4.46,4.51,4.43,4.49,46841,20902626.0,0.03,0.672645739910314
2017-11-29,15:00,sz002256,兆新股份,4.5,4.5,4.42,4.46,44888,20016050.0,-0.03,-0.6681514476614699
2017-11-30,15:00,sz002256,兆新股份,4.47,4.47,4.42,4.43,39608,17579848.0,-0.03,-0.672645739910314
2017-12-01,15:00,sz002256,兆新股份,4.43,4.47,4.4,4.45,53388,23665426.0,0.02,0.4514672686230248
2017-12-04,15:00,sz002256,兆新股份,4.43,4.45,4.36,4.39,56316,24777688.0,-0.06,-1.348314606741573
2017-12-05,15:00,sz002256,兆新股份,4.37,4.42,4.36,4.37,58489,25608072.0,-0.02,-0.4555808656036446
2017-12-06,15:00,sz002256,兆新股份,4.38,4.39,4.27,4.33,56389,24286644.0,-0.04,-0.9153318077803204
2017-12-07,15:00,sz002256,兆新股份,4.32,4.32,4.25,4.26,47618,20357268.0,-0.07,-1.6166281755196306
2017-12-08,15:00,sz002256,兆新股份,4.25,4.3,4.24,4.28,40211,17191768.0,0.02,0.4694835680751174
2017-12-11,15:00,sz002256,兆新股份,4.28,4.3,4.26,4.29,36992,15825088.0,0.01,0.233644859813084
2017-12-12,15:00,sz002256,兆新股份,4.28,4.29,4.24,4.24,36140,15391037.0,-0.05,-1.1655011655011656
2017-12-13,15:00,sz002256,兆新股份,4.22,4.23,4.18,4.2,38434,16138422.0,-0.04,-0.9433962264150944
2017-12-14,15:00,sz002256,兆新股份,4.21,4.22,4.18,4.21,28379,11934681.0,0.01,0.2380952380952381
2017-12-15,15:00,sz002256,兆新股份,4.21,4.21,4.17,4.19,34669,14497571.0,-0.02,-0.4750593824228029
2017-12-18,15:00,sz002256,兆新股份,4.2,4.21,4.11,4.12,41869,17415460.0,-0.07,-1.6706443914081146
2017-12-19,15:00,sz002256,兆新股份,4.14,4.26,4.13,4.25,77459,32705696.0,0.13,3.155339805825242
2017-12-20,15:00,sz002256,兆新股份,4.23,4.25,4.2,4.24,42323,17847194.0,-0.01,-0.2352941176470588
2017-12-21,15:00,sz002256,兆新股份,4.24,4.24,4.17,4.23,39448,16568623.0,-0.01,-0.2358490566037736
2017-12-22,15:00,sz002256,兆新股份,4.21,4.21,4.18,4.18,42349,17754438.0,-0.05,-1.182033096926714
2017-12-25,15:00,sz002256,兆新股份,4.2,4.24,4.12,4.12,45606,18975848.0,-0.06,-1.4354066985645932
2017-12-26,15:00,sz002256,兆新股份,4.14,4.15,4.0,4.15,86224,35191788.0,0.03,0.7281553398058253
2017-12-27,15:00,sz002256,兆新股份,4.13,4.14,4.08,4.12,46486,19040514.0,-0.03,-0.7228915662650602
2017-12-28,15:00,sz002256,兆新股份,4.11,4.13,4.09,4.12,47405,19457652.0,0.0,0.0
2017-12-29,15:00,sz002256,兆新股份,4.13,4.23,4.07,4.22,83241,34549728.0,0.1,2.4271844660194173
2018-01-02,15:00,sz002256,兆新股份,4.22,4.3,4.2,4.25,99612,42347464.0,0.03,0.7109004739336493
2018-01-03,15:00,sz002256,兆新股份,4.25,4.36,4.23,4.35,125709,54116724.0,0.1,2.3529411764705883
2018-01-04,15:00,sz002256,兆新股份,4.34,4.45,4.34,4.37,128410,56729428.0,0.02,0.4597701149425287
2018-01-05,15:00,sz002256,兆新股份,4.39,4.41,4.31,4.34,80926,35123992.0,-0.03,-0.6864988558352403
2018-01-08,15:00,sz002256,兆新股份,4.35,4.54,4.35,4.49,148965,66410268.0,0.15,3.4562211981566824
2018-01-09,15:00,sz002256,兆新股份,4.47,4.61,4.44,4.6,156729,71226944.0,0.11,2.4498886414253898
2018-01-10,15:00,sz002256,兆新股份,4.56,4.98,4.56,4.79,271452,129484040.0,0.19,4.130434782608695
2018-01-11,15:00,sz002256,兆新股份,4.86,4.88,4.68,4.76,140656,67321152.0,-0.03,-0.6263048016701461
2018-01-12,15:00,sz002256,兆新股份,4.68,4.8,4.67,4.79,124059,58657528.0,0.03,0.6302521008403361
2018-01-15,15:00,sz002256,兆新股份,4.83,4.93,4.8,4.81,157223,76105472.0,0.02,0.417536534446764
2018-01-16,15:00,sz002256,兆新股份,4.79,4.85,4.7,4.81,98415,47089980.0,0.0,0.0
2018-01-17,15:00,sz002256,兆新股份,4.85,4.86,4.78,4.86,90633,43611416.0,0.05,1.0395010395010396
2018-01-18,15:00,sz002256,兆新股份,4.86,5.1,4.83,5.05,230837,115069552.0,0.19,3.909465020576132
2018-01-19,15:00,sz002256,兆新股份,5.05,5.2,4.95,5.19,231482,117389736.0,0.14,2.7722772277227725
2018-01-22,15:00,sz002256,兆新股份,5.18,5.25,5.1,5.16,130418,67177488.0,-0.03,-0.5780346820809248
2018-01-23,15:00,sz002256,兆新股份,5.17,5.19,5.04,5.1,139357,70925336.0,-0.06,-1.162790697674419
2018-01-24,15:00,sz002256,兆新股份,5.09,5.11,4.92,4.93,157202,78166784.0,-0.17,-3.333333333333333
2018-01-25,15:00,sz002256,兆新股份,4.95,4.96,4.84,4.87,92633,45146320.0,-0.06,-1.2170385395537524
2018-01-26,15:00,sz002256,兆新股份,4.88,4.88,4.73,4.78,140771,67313584.0,-0.09,-1.8480492813141685
2018-02-12,15:00,sz002256,兆新股份,4.3,4.3,4.3,4.3,76811,33028730.0,-0.48,-10.0418410041841
2018-02-13,15:00,sz002256,兆新股份,4.28,4.73,4.28,4.7,370184,166877072.0,0.4,9.30232558139535
2018-02-14,15:00,sz002256,兆新股份,4.64,4.64,4.5,4.53,177696,80847200.0,-0.17,-3.617021276595744
2018-02-22,15:00,sz002256,兆新股份,4.57,4.62,4.49,4.53,65656,29810862.0,0.0,0.0
2018-02-23,15:00,sz002256,兆新股份,4.55,4.56,4.48,4.53,45851,20688560.0,0.0,0.0
2018-02-26,15:00,sz002256,兆新股份,4.51,4.57,4.47,4.55,144038,64986848.0,0.02,0.4415011037527593
2018-02-27,15:00,sz002256,兆新股份,4.55,4.58,4.49,4.51,104389,47125084.0,-0.04,-0.8791208791208791
2018-02-28,15:00,sz002256,兆新股份,4.48,4.5,4.42,4.45,66463,29537012.0,-0.06,-1.3303769401330376
2018-03-01,15:00,sz002256,兆新股份,4.48,4.63,4.47,4.59,135713,62132264.0,0.14,3.146067415730337
2018-07-02,15:00,sz002256,兆新股份,4.07,4.07,4.07,4.07,24263,9875041.0,-0.52,-11.328976034858387
2018-07-03,15:00,sz002256,兆新股份,3.66,3.66,3.66,3.66,31505,11530830.0,-0.41,-10.073710073710076
2018-07-04,15:00,sz002256,兆新股份,3.29,3.65,3.29,3.38,358595,122047040.0,-0.28,-7.650273224043716
2018-07-05,15:00,sz002256,兆新股份,3.25,3.32,3.11,3.12,232742,74767768.0,-0.26,-7.6923076923076925
2018-07-06,15:00,sz002256,兆新股份,3.05,3.11,2.81,3.08,374647,110367824.0,-0.04,-1.282051282051282
2018-07-09,15:00,sz002256,兆新股份,2.98,3.11,2.94,3.11,174950,53591596.0,0.03,0.974025974025974
2018-07-10,15:00,sz002256,兆新股份,3.12,3.37,3.07,3.27,171743,55347156.0,0.16,5.144694533762058
2018-07-11,15:00,sz002256,兆新股份,3.2,3.33,3.16,3.24,126025,40807556.0,-0.03,-0.9174311926605504
2018-07-12,15:00,sz002256,兆新股份,3.17,3.35,3.17,3.34,136219,45072616.0,0.1,3.08641975308642
2018-07-13,15:00,sz002256,兆新股份,3.34,3.65,3.29,3.48,156927,53762236.0,0.14,4.191616766467066
2018-07-16,15:00,sz002256,兆新股份,3.41,3.64,3.41,3.6,163138,58019224.0,0.12,3.4482758620689653
2018-07-17,15:00,sz002256,兆新股份,3.6,3.91,3.6,3.84,190959,71661080.0,0.24,6.666666666666667
2018-07-18,15:00,sz002256,兆新股份,4.22,4.22,3.98,4.09,333364,137090240.0,0.25,6.510416666666667
2018-07-19,15:00,sz002256,兆新股份,4.16,4.5,4.11,4.5,1007914,447232000.0,0.41,10.024449877750612
2018-07-20,15:00,sz002256,兆新股份,4.52,4.95,4.4,4.95,479805,230004144.0,0.45,10.0
2018-07-23,15:00,sz002256,兆新股份,5.45,5.45,4.94,5.02,1378736,724555456.0,0.07,1.414141414141414
2018-07-24,15:00,sz002256,兆新股份,5.0,5.52,4.89,5.52,2033147,1072963264.0,0.5,9.9601593625498
2018-07-25,15:00,sz002256,兆新股份,5.04,5.45,4.97,5.15,1461321,757194560.0,-0.37,-6.702898550724639
2018-07-26,15:00,sz002256,兆新股份,5.04,5.13,4.79,4.84,975112,480293664.0,-0.31,-6.019417475728155
2018-07-27,15:00,sz002256,兆新股份,4.79,4.95,4.58,4.61,746680,355285792.0,-0.23,-4.75206611570248
2018-07-30,15:00,sz002256,兆新股份,4.73,5.06,4.67,5.06,1084727,532600384.0,0.45,9.761388286334055
2018-07-31,15:00,sz002256,兆新股份,4.84,5.03,4.67,4.73,714448,346307776.0,-0.33,-6.521739130434782
2018-08-01,15:00,sz002256,兆新股份,4.91,4.95,4.69,4.78,503378,242084608.0,0.05,1.0570824524312896
2018-08-02,15:00,sz002256,兆新股份,4.63,4.72,4.32,4.41,646604,289734368.0,-0.37,-7.740585774058577
2018-08-03,15:00,sz002256,兆新股份,4.48,4.59,4.38,4.42,383900,171729120.0,0.01,0.2267573696145124
2018-08-06,15:00,sz002256,兆新股份,4.41,4.48,3.98,3.98,551506,228460896.0,-0.44,-9.95475113122172
2018-08-07,15:00,sz002256,兆新股份,3.94,4.09,3.67,4.04,517959,204112464.0,0.06,1.507537688442211
2018-08-08,15:00,sz002256,兆新股份,4.09,4.37,4.03,4.22,596076,253391200.0,0.18,4.455445544554455
2018-08-09,15:00,sz002256,兆新股份,4.3,4.32,4.12,4.26,395484,167316336.0,0.04,0.9478672985781992
2018-08-10,15:00,sz002256,兆新股份,4.26,4.26,3.94,4.18,467292,192605120.0,-0.08,-1.8779342723004693
2018-08-13,15:00,sz002256,兆新股份,4.13,4.32,4.03,4.14,482813,200569664.0,-0.04,-0.9569377990430622
2018-08-14,15:00,sz002256,兆新股份,4.11,4.18,4.05,4.05,320618,131367048.0,-0.09,-2.1739130434782608
2018-08-15,15:00,sz002256,兆新股份,4.0,4.11,3.89,3.89,281540,112273208.0,-0.16,-3.950617283950617
2018-08-16,15:00,sz002256,兆新股份,3.89,3.96,3.8,3.82,278695,108365760.0,-0.07,-1.7994858611825193
2018-08-17,15:00,sz002256,兆新股份,3.95,4.1,3.84,3.86,369512,146213136.0,0.04,1.0471204188481675
2018-08-20,15:00,sz002256,兆新股份,3.78,3.86,3.68,3.85,315696,118767656.0,-0.01,-0.2590673575129534
2018-08-21,15:00,sz002256,兆新股份,3.86,3.91,3.76,3.82,227614,87412560.0,-0.03,-0.7792207792207793
2018-08-22,15:00,sz002256,兆新股份,3.87,3.87,3.6,3.61,332226,123308208.0,-0.21,-5.49738219895288
2018-08-23,15:00,sz002256,兆新股份,3.59,3.67,3.57,3.65,258713,94083920.0,0.04,1.10803324099723
2018-08-24,15:00,sz002256,兆新股份,3.67,3.68,3.6,3.64,163021,59180936.0,-0.01,-0.273972602739726
2018-08-27,15:00,sz002256,兆新股份,3.65,3.78,3.62,3.74,218939,81183912.0,0.1,2.7472527472527477
2018-08-28,15:00,sz002256,兆新股份,3.74,3.98,3.7,3.94,412360,159843424.0,0.2,5.347593582887701
2018-08-29,15:00,sz002256,兆新股份,3.96,3.98,3.8,3.87,248471,95984992.0,-0.07,-1.7766497461928936
2018-08-30,15:00,sz002256,兆新股份,3.85,3.91,3.76,3.77,155633,59491496.0,-0.1,-2.5839793281653747
2018-08-31,15:00,sz002256,兆新股份,3.76,3.78,3.65,3.66,159067,58706680.0,-0.11,-2.9177718832891246
2018-09-03,15:00,sz002256,兆新股份,3.7,3.71,3.52,3.61,149811,53803180.0,-0.05,-1.366120218579235
2018-09-04,15:00,sz002256,兆新股份,3.68,3.71,3.6,3.66,145295,53032120.0,0.05,1.3850415512465373
2018-09-05,15:00,sz002256,兆新股份,3.63,3.74,3.6,3.63,178157,65231384.0,-0.03,-0.819672131147541
2018-09-06,15:00,sz002256,兆新股份,3.61,3.66,3.5,3.51,197287,70455672.0,-0.12,-3.3057851239669422
2018-09-07,15:00,sz002256,兆新股份,3.51,3.57,3.5,3.55,165278,58369328.0,0.04,1.1396011396011396
2018-09-10,15:00,sz002256,兆新股份,3.55,3.56,3.38,3.4,209243,71729760.0,-0.15,-4.225352112676056
2018-09-11,15:00,sz002256,兆新股份,3.39,3.49,3.29,3.44,212191,71778696.0,0.04,1.1764705882352942
2018-09-12,15:00,sz002256,兆新股份,3.4,3.46,3.37,3.42,150639,51571832.0,-0.02,-0.5813953488372093
2018-09-13,15:00,sz002256,兆新股份,3.46,3.53,3.38,3.43,140449,48123344.0,0.01,0.2923976608187134
2018-09-14,15:00,sz002256,兆新股份,3.43,3.44,3.37,3.43,121433,41401064.0,0.0,0.0
2018-09-17,15:00,sz002256,兆新股份,3.43,3.43,3.26,3.26,130469,43288344.0,-0.17,-4.956268221574344
2018-09-18,15:00,sz002256,兆新股份,3.21,3.36,3.21,3.36,181387,60071412.0,0.1,3.067484662576687
2018-09-19,15:00,sz002256,兆新股份,3.37,3.42,3.31,3.37,152016,51294456.0,0.01,0.2976190476190476
2018-09-20,15:00,sz002256,兆新股份,3.38,3.57,3.35,3.48,347085,120155832.0,0.11,3.2640949554896146
2018-09-21,15:00,sz002256,兆新股份,3.5,3.54,3.45,3.48,231991,80863224.0,0.0,0.0
2018-09-25,15:00,sz002256,兆新股份,3.43,3.45,3.37,3.42,133701,45556932.0,-0.06,-1.7241379310344829
2018-09-26,15:00,sz002256,兆新股份,3.39,3.48,3.39,3.4,138337,47514908.0,-0.02,-0.5847953216374269
2018-09-27,15:00,sz002256,兆新股份,3.4,3.4,3.24,3.24,198274,65705168.0,-0.16,-4.705882352941177
2018-09-28,15:00,sz002256,兆新股份,3.26,3.34,3.26,3.33,126636,41895256.0,0.09,2.7777777777777777
2018-10-08,15:00,sz002256,兆新股份,3.32,3.32,3.16,3.21,155523,50145892.0,-0.12,-3.603603603603604
2018-10-09,15:00,sz002256,兆新股份,3.2,3.23,3.09,3.14,141247,44522036.0,-0.07,-2.1806853582554515
2018-10-10,15:00,sz002256,兆新股份,3.14,3.18,3.1,3.15,101032,31731028.0,0.01,0.3184713375796179
2018-10-11,15:00,sz002256,兆新股份,2.95,3.04,2.84,2.85,234089,68474768.0,-0.3,-9.523809523809524
2018-10-12,15:00,sz002256,兆新股份,2.81,2.89,2.62,2.8,222963,61501080.0,-0.05,-1.7543859649122806
2018-10-15,15:00,sz002256,兆新股份,2.86,2.93,2.76,2.8,175839,49854732.0,0.0,0.0
2018-10-16,15:00,sz002256,兆新股份,2.8,2.85,2.72,2.75,134948,37524852.0,-0.05,-1.7857142857142856
2018-10-17,15:00,sz002256,兆新股份,2.78,2.82,2.66,2.73,131168,35740120.0,-0.02,-0.7272727272727273
2018-10-18,15:00,sz002256,兆新股份,2.68,2.7,2.46,2.5,220765,56796876.0,-0.23,-8.424908424908425
2018-10-19,15:00,sz002256,兆新股份,2.44,2.69,2.41,2.65,224942,57890196.0,0.15,6.0
2018-10-22,15:00,sz002256,兆新股份,2.73,2.88,2.7,2.84,256949,71804976.0,0.19,7.169811320754717
2018-10-23,15:00,sz002256,兆新股份,2.8,2.96,2.78,2.81,233185,66510320.0,-0.03,-1.056338028169014
2018-10-24,15:00,sz002256,兆新股份,2.8,2.91,2.77,2.84,190279,54290352.0,0.03,1.0676156583629894
2018-10-25,15:00,sz002256,兆新股份,2.73,3.02,2.66,2.99,314260,90360224.0,0.15,5.28169014084507
2018-10-26,15:00,sz002256,兆新股份,2.99,3.1,2.93,3.01,303070,91626784.0,0.02,0.6688963210702341
2018-10-29,15:00,sz002256,兆新股份,2.95,2.98,2.85,2.88,172159,50108320.0,-0.13,-4.318936877076411
2018-10-30,15:00,sz002256,兆新股份,2.92,2.96,2.87,2.88,145354,42223876.0,0.0,0.0
2018-10-31,15:00,sz002256,兆新股份,2.88,2.93,2.84,2.9,121714,35236972.0,0.02,0.6944444444444444
2018-11-01,15:00,sz002256,兆新股份,2.9,3.04,2.89,2.93,199307,58750184.0,0.03,1.0344827586206895
2018-11-02,15:00,sz002256,兆新股份,2.96,3.03,2.94,2.99,194173,57908348.0,0.06,2.04778156996587
2018-11-05,15:00,sz002256,兆新股份,3.01,3.25,2.99,3.13,322490,100661896.0,0.14,4.682274247491638
2018-11-06,15:00,sz002256,兆新股份,3.16,3.16,3.03,3.14,223800,68892624.0,0.01,0.3194888178913738
2018-11-07,15:00,sz002256,兆新股份,3.14,3.18,3.06,3.07,159067,49595580.0,-0.07,-2.229299363057325
2018-11-08,15:00,sz002256,兆新股份,3.09,3.13,3.03,3.05,120140,36987076.0,-0.02,-0.6514657980456027
2018-11-09,15:00,sz002256,兆新股份,3.03,3.07,3.0,3.02,102717,31109670.0,-0.03,-0.9836065573770492
2018-11-12,15:00,sz002256,兆新股份,3.0,3.15,2.98,3.15,204599,63236404.0,0.13,4.304635761589404
2018-11-13,15:00,sz002256,兆新股份,3.12,3.3,3.09,3.23,286280,92025880.0,0.08,2.5396825396825395
2018-11-14,15:00,sz002256,兆新股份,3.23,3.28,3.19,3.21,207349,67090104.0,-0.02,-0.6191950464396285
2018-11-15,15:00,sz002256,兆新股份,3.24,3.28,3.19,3.26,160203,51919556.0,0.05,1.557632398753894
2018-11-16,15:00,sz002256,兆新股份,3.26,3.27,3.21,3.23,157417,50980784.0,-0.03,-0.9202453987730062
2018-11-19,15:00,sz002256,兆新股份,3.25,3.28,3.15,3.2,183369,58729868.0,-0.03,-0.9287925696594428
2018-11-20,15:00,sz002256,兆新股份,3.21,3.21,3.05,3.08,156553,48875424.0,-0.12,-3.75
2018-11-21,15:00,sz002256,兆新股份,3.01,3.07,2.96,3.06,131008,39675556.0,-0.02,-0.6493506493506493
2018-11-22,15:00,sz002256,兆新股份,3.05,3.15,3.05,3.09,143336,44423652.0,0.03,0.9803921568627452
2018-11-23,15:00,sz002256,兆新股份,3.07,3.1,2.89,2.92,225620,66790260.0,-0.17,-5.501618122977346
2018-11-26,15:00,sz002256,兆新股份,2.9,2.91,2.81,2.81,135222,38552000.0,-0.11,-3.767123287671233
2018-11-27,15:00,sz002256,兆新股份,2.86,2.86,2.79,2.82,85524,24103076.0,0.01,0.3558718861209964
2018-11-28,15:00,sz002256,兆新股份,2.83,2.83,2.71,2.83,100792,28019156.0,0.01,0.3546099290780142
2018-11-29,15:00,sz002256,兆新股份,2.84,2.85,2.72,2.73,104501,29170078.0,-0.1,-3.53356890459364
2018-11-30,15:00,sz002256,兆新股份,2.73,3.0,2.73,3.0,423408,125749800.0,0.27,9.89010989010989
2018-12-03,15:00,sz002256,兆新股份,3.2,3.23,3.02,3.07,487905,150928224.0,0.07,2.333333333333333
2018-12-04,15:00,sz002256,兆新股份,3.02,3.05,2.98,3.01,253698,76563200.0,-0.06,-1.954397394136808
2018-12-05,15:00,sz002256,兆新股份,2.93,3.11,2.91,3.03,287292,86696968.0,0.02,0.6644518272425249
2018-12-06,15:00,sz002256,兆新股份,3.01,3.07,2.94,2.95,170354,51182212.0,-0.08,-2.64026402640264
2018-12-07,15:00,sz002256,兆新股份,3.0,3.0,2.93,2.94,95343,28131354.0,-0.01,-0.3389830508474576
2018-12-10,15:00,sz002256,兆新股份,2.91,3.23,2.89,3.23,290322,92867840.0,0.29,9.863945578231291
2018-12-11,15:00,sz002256,兆新股份,3.29,3.54,3.25,3.44,1042981,353697472.0,0.21,6.5015479876161
2018-12-12,15:00,sz002256,兆新股份,3.36,3.39,3.24,3.25,651240,214905728.0,-0.19,-5.523255813953488
2018-12-13,15:00,sz002256,兆新股份,3.24,3.31,3.2,3.23,424842,138225616.0,-0.02,-0.6153846153846154
2018-12-14,15:00,sz002256,兆新股份,3.21,3.28,3.17,3.21,296871,95458472.0,-0.02,-0.6191950464396285
2018-12-17,15:00,sz002256,兆新股份,3.18,3.39,3.16,3.29,392012,128887712.0,0.08,2.4922118380062304
2018-12-18,15:00,sz002256,兆新股份,3.22,3.27,3.1,3.15,314774,99799936.0,-0.14,-4.25531914893617
2018-12-19,15:00,sz002256,兆新股份,3.2,3.2,3.07,3.1,218082,68136800.0,-0.05,-1.5873015873015872
2018-12-20,15:00,sz002256,兆新股份,3.12,3.18,3.04,3.18,260572,81124320.0,0.08,2.5806451612903225
2018-12-21,15:00,sz002256,兆新股份,3.15,3.22,3.09,3.17,227786,71789080.0,-0.01,-0.3144654088050315
2018-12-24,15:00,sz002256,兆新股份,3.14,3.22,3.09,3.16,148940,46841096.0,-0.01,-0.3154574132492113
2018-12-25,15:00,sz002256,兆新股份,3.11,3.18,3.02,3.04,214189,65562712.0,-0.12,-3.79746835443038
2018-12-26,15:00,sz002256,兆新股份,3.07,3.14,3.04,3.05,210473,64728100.0,0.01,0.3289473684210526
2018-12-27,15:00,sz002256,兆新股份,3.08,3.12,2.92,2.95,208018,63026080.0,-0.1,-3.278688524590164
2018-12-28,15:00,sz002256,兆新股份,2.97,3.05,2.89,2.95,160166,47454532.0,0.0,0.0
2019-01-02,15:00,sz002256,兆新股份,2.96,3.0,2.9,2.92,135200,39708884.0,-0.03,-1.0169491525423728
2019-01-03,15:00,sz002256,兆新股份,2.91,2.94,2.85,2.85,137942,39824228.0,-0.07,-2.3972602739726026
2019-01-04,15:00,sz002256,兆新股份,2.75,2.84,2.58,2.82,324305,89270136.0,-0.03,-1.0526315789473684
2019-01-07,15:00,sz002256,兆新股份,2.8,2.95,2.76,2.95,311015,89916048.0,0.13,4.609929078014184
2019-01-08,15:00,sz002256,兆新股份,2.92,2.95,2.87,2.92,250891,73045920.0,-0.03,-1.0169491525423728
2019-01-09,15:00,sz002256,兆新股份,2.9,3.03,2.9,2.91,231687,68386072.0,-0.01,-0.3424657534246575
2019-01-10,15:00,sz002256,兆新股份,3.02,3.08,2.92,2.99,307385,91770496.0,0.08,2.7491408934707904
2019-01-11,15:00,sz002256,兆新股份,2.96,3.0,2.93,2.96,221219,65455628.0,-0.03,-1.0033444816053512
2019-01-14,15:00,sz002256,兆新股份,2.97,2.98,2.91,2.92,177917,52290112.0,-0.04,-1.351351351351351
2019-01-15,15:00,sz002256,兆新股份,2.92,2.94,2.87,2.93,143907,41788480.0,0.01,0.3424657534246575
2019-01-16,15:00,sz002256,兆新股份,2.92,2.94,2.86,2.86,160064,46148512.0,-0.07,-2.389078498293516
2019-01-17,15:00,sz002256,兆新股份,2.86,2.9,2.83,2.87,105712,30332740.0,0.01,0.3496503496503496
2019-01-18,15:00,sz002256,兆新股份,2.87,2.9,2.85,2.89,108491,31262624.0,0.02,0.6968641114982579
2019-01-21,15:00,sz002256,兆新股份,2.97,3.18,2.97,3.18,238013,74874424.0,0.29,10.034602076124568
2019-01-22,15:00,sz002256,兆新股份,3.4,3.43,3.1,3.11,989720,323646816.0,-0.07,-2.20125786163522
2019-01-23,15:00,sz002256,兆新股份,3.01,3.27,3.01,3.21,662089,206337056.0,0.1,3.215434083601286
2019-01-24,15:00,sz002256,兆新股份,3.14,3.17,3.07,3.08,475269,148219568.0,-0.13,-4.049844236760125
2019-01-25,15:00,sz002256,兆新股份,3.05,3.14,3.0,3.0,299652,91690120.0,-0.08,-2.5974025974025974
2019-01-28,15:00,sz002256,兆新股份,3.01,3.04,2.91,2.92,235586,69974768.0,-0.08,-2.666666666666667
2019-01-29,15:00,sz002256,兆新股份,2.91,2.93,2.74,2.84,209574,59623244.0,-0.08,-2.73972602739726
2019-01-30,15:00,sz002256,兆新股份,2.84,3.0,2.81,2.85,229557,66656728.0,0.01,0.352112676056338
2019-01-31,15:00,sz002256,兆新股份,2.65,2.85,2.65,2.78,314259,86706984.0,-0.07,-2.456140350877193
2019-02-01,15:00,sz002256,兆新股份,2.77,2.94,2.77,2.94,190623,55044756.0,0.16,5.755395683453238
2019-02-11,15:00,sz002256,兆新股份,2.94,3.0,2.92,2.98,133978,39687552.0,0.04,1.3605442176870748
2019-02-12,15:00,sz002256,兆新股份,2.97,3.04,2.95,3.02,171067,51449892.0,0.04,1.342281879194631
2019-02-13,15:00,sz002256,兆新股份,3.02,3.09,2.98,3.05,278342,84594120.0,0.03,0.9933774834437088
2019-02-14,15:00,sz002256,兆新股份,3.03,3.07,2.99,3.01,240779,72626376.0,-0.04,-1.3114754098360657
2019-02-15,15:00,sz002256,兆新股份,3.01,3.31,3.0,3.31,345580,113340344.0,0.3,9.966777408637874
2019-02-18,15:00,sz002256,兆新股份,3.31,3.39,3.2,3.36,1035491,342408224.0,0.05,1.5105740181268883
2019-02-19,15:00,sz002256,兆新股份,3.3,3.36,3.23,3.32,644002,212200768.0,-0.04,-1.1904761904761905
2019-02-20,15:00,sz002256,兆新股份,3.3,3.47,3.25,3.4,757149,255461728.0,0.08,2.409638554216868
2019-02-21,15:00,sz002256,兆新股份,3.3,3.34,3.2,3.25,673742,220560384.0,-0.15,-4.411764705882353
2019-02-22,15:00,sz002256,兆新股份,3.21,3.32,3.21,3.27,377647,123585104.0,0.02,0.6153846153846154
2019-02-25,15:00,sz002256,兆新股份,3.32,3.53,3.25,3.46,867501,292886016.0,0.19,5.81039755351682
2019-02-26,15:00,sz002256,兆新股份,3.47,3.55,3.33,3.43,841292,288480128.0,-0.03,-0.8670520231213872
2019-02-27,15:00,sz002256,兆新股份,3.41,3.46,3.35,3.39,509821,173866000.0,-0.04,-1.1661807580174928
2019-02-28,15:00,sz002256,兆新股份,3.4,3.47,3.38,3.44,414733,142028576.0,0.05,1.4749262536873156
2019-03-01,15:00,sz002256,兆新股份,3.43,3.46,3.32,3.39,374432,126301368.0,-0.05,-1.4534883720930232
2019-03-04,15:00,sz002256,兆新股份,3.37,3.52,3.37,3.45,645667,222893168.0,0.06,1.7699115044247788
2019-03-05,15:00,sz002256,兆新股份,3.45,3.56,3.42,3.56,653069,229845888.0,0.11,3.188405797101449
2019-03-06,15:00,sz002256,兆新股份,3.58,3.79,3.53,3.74,863744,317217472.0,0.18,5.056179775280898
2019-03-07,15:00,sz002256,兆新股份,3.72,3.94,3.62,3.83,853951,317928352.0,0.09,2.406417112299465
2019-03-08,15:00,sz002256,兆新股份,3.7,3.77,3.45,3.46,658483,239473360.0,-0.37,-9.660574412532636
2019-03-11,15:00,sz002256,兆新股份,3.5,3.81,3.5,3.81,518744,190853152.0,0.35,10.115606936416183
2019-03-12,15:00,sz002256,兆新股份,4.1,4.1,3.81,3.93,1207102,476312864.0,0.12,3.149606299212598
2019-03-13,15:00,sz002256,兆新股份,3.95,3.98,3.8,3.81,558855,215901920.0,-0.12,-3.0534351145038165
2019-03-14,15:00,sz002256,兆新股份,3.79,3.79,3.53,3.64,446981,163270496.0,-0.17,-4.461942257217848
2019-03-15,15:00,sz002256,兆新股份,3.66,3.73,3.59,3.64,278161,101851096.0,0.0,0.0
2019-03-18,15:00,sz002256,兆新股份,3.63,3.73,3.6,3.71,271964,100193496.0,0.07,1.9230769230769231
2019-03-19,15:00,sz002256,兆新股份,3.67,3.81,3.66,3.73,271324,101080560.0,0.02,0.5390835579514826
2019-03-20,15:00,sz002256,兆新股份,3.69,3.71,3.6,3.66,255612,93369664.0,-0.07,-1.876675603217158
2019-03-21,15:00,sz002256,兆新股份,3.66,3.71,3.63,3.67,273108,100267424.0,0.01,0.273224043715847
2019-03-22,15:00,sz002256,兆新股份,3.74,4.03,3.73,3.92,895892,347967968.0,0.25,6.811989100817439
2019-03-25,15:00,sz002256,兆新股份,3.8,3.84,3.7,3.75,416091,156670528.0,-0.17,-4.336734693877551
2019-03-26,15:00,sz002256,兆新股份,3.75,3.77,3.56,3.59,349801,127373232.0,-0.16,-4.266666666666667
2019-03-27,15:00,sz002256,兆新股份,3.69,3.73,3.56,3.62,302998,109893264.0,0.03,0.8356545961002786
2019-03-28,15:00,sz002256,兆新股份,3.57,3.69,3.5,3.56,276337,98449640.0,-0.06,-1.6574585635359116
2019-03-29,15:00,sz002256,兆新股份,3.6,3.65,3.51,3.62,250057,89914816.0,0.06,1.6853932584269662
2019-04-01,15:00,sz002256,兆新股份,3.63,3.87,3.59,3.8,573430,213548800.0,0.18,4.972375690607735
2019-04-02,15:00,sz002256,兆新股份,3.82,4.18,3.82,4.18,367633,152035008.0,0.38,10.0
2019-04-03,15:00,sz002256,兆新股份,4.38,4.38,4.03,4.1,1579143,667590080.0,-0.08,-1.9138755980861244
2019-04-04,15:00,sz002256,兆新股份,3.96,4.28,3.96,4.09,936699,386314240.0,-0.01,-0.2439024390243902
2019-04-08,15:00,sz002256,兆新股份,4.13,4.22,3.96,4.07,624532,253678368.0,-0.02,-0.4889975550122249
2019-04-09,15:00,sz002256,兆新股份,4.02,4.04,3.93,3.98,342173,135920720.0,-0.09,-2.211302211302211
2019-04-10,15:00,sz002256,兆新股份,3.98,4.25,3.95,4.12,656144,268950528.0,0.14,3.5175879396984926
2019-04-11,15:00,sz002256,兆新股份,4.25,4.53,4.19,4.53,2116593,935296384.0,0.41,9.951456310679612
2019-04-12,15:00,sz002256,兆新股份,4.4,4.4,4.12,4.15,1477557,626520896.0,-0.38,-8.388520971302428
2019-04-15,15:00,sz002256,兆新股份,4.09,4.26,4.06,4.06,613787,254458016.0,-0.09,-2.1686746987951806
2019-04-16,15:00,sz002256,兆新股份,4.01,4.12,3.96,4.12,478207,193681744.0,0.06,1.477832512315271
2019-04-17,15:00,sz002256,兆新股份,4.11,4.25,4.05,4.2,568849,237262560.0,0.08,1.9417475728155336
2019-04-18,15:00,sz002256,兆新股份,4.18,4.24,4.06,4.08,422711,174289888.0,-0.12,-2.857142857142857
2019-04-19,15:00,sz002256,兆新股份,4.07,4.14,4.02,4.11,275574,112433696.0,0.03,0.7352941176470588
2019-04-22,15:00,sz002256,兆新股份,4.06,4.11,4.03,4.05,214894,87228336.0,-0.06,-1.45985401459854
2019-04-23,15:00,sz002256,兆新股份,4.06,4.07,3.88,3.9,285395,113398528.0,-0.15,-3.7037037037037033
2019-04-24,15:00,sz002256,兆新股份,3.9,3.97,3.87,3.95,205091,80526200.0,0.05,1.282051282051282
2019-04-25,15:00,sz002256,兆新股份,3.93,3.95,3.73,3.73,293328,112629984.0,-0.22,-5.5696202531645564
2019-04-26,15:00,sz002256,兆新股份,3.71,3.75,3.63,3.65,210305,77514256.0,-0.08,-2.1447721179624666
2019-04-29,15:00,sz002256,兆新股份,3.64,3.67,3.31,3.34,325549,111485872.0,-0.31,-8.493150684931507
2019-04-30,15:00,sz002256,兆新股份,3.37,3.46,3.35,3.4,155298,52856676.0,0.06,1.7964071856287425
2019-05-06,15:00,sz002256,兆新股份,3.31,3.34,3.06,3.12,383255,121585512.0,-0.28,-8.235294117647058
2019-05-07,15:00,sz002256,兆新股份,3.12,3.24,3.12,3.19,169362,53854672.0,0.07,2.243589743589744
2019-05-08,15:00,sz002256,兆新股份,3.14,3.28,3.07,3.2,176746,56697956.0,0.01,0.3134796238244514
2019-05-09,15:00,sz002256,兆新股份,3.17,3.28,3.15,3.25,181651,58571328.0,0.05,1.5625
2019-05-10,15:00,sz002256,兆新股份,3.27,3.38,3.22,3.37,323816,107578624.0,0.12,3.692307692307693
2019-05-13,15:00,sz002256,兆新股份,3.36,3.38,3.3,3.32,98682,32866548.0,-0.05,-1.483679525222552
2019-05-14,15:00,sz002256,兆新股份,3.23,3.34,3.2,3.34,124805,41193368.0,0.02,0.6024096385542169
2019-05-15,15:00,sz002256,兆新股份,3.36,3.52,3.34,3.46,205924,70554456.0,0.12,3.592814371257485
2019-05-16,15:00,sz002256,兆新股份,3.48,3.81,3.46,3.58,433278,158786432.0,0.12,3.4682080924855487
2019-05-17,15:00,sz002256,兆新股份,3.56,3.68,3.41,3.45,340859,120688248.0,-0.13,-3.6312849162011176
2019-05-20,15:00,sz002256,兆新股份,3.55,3.78,3.32,3.41,349007,121398440.0,-0.04,-1.1594202898550725
2019-05-21,15:00,sz002256,兆新股份,3.4,3.57,3.22,3.45,213091,73196448.0,0.04,1.1730205278592376
2019-05-22,15:00,sz002256,兆新股份,3.41,3.47,3.36,3.42,178988,60851260.0,-0.03,-0.8695652173913043
2019-05-23,15:00,sz002256,兆新股份,3.38,3.42,3.23,3.34,220715,73202280.0,-0.08,-2.3391812865497075
2019-05-24,15:00,sz002256,兆新股份,3.28,3.32,3.21,3.32,126857,41390528.0,-0.02,-0.5988023952095809
2019-05-27,15:00,sz002256,兆新股份,3.3,3.31,3.16,3.28,154386,50490948.0,-0.04,-1.2048192771084338
2019-05-28,15:00,sz002256,兆新股份,3.28,3.34,3.24,3.25,124325,40875468.0,-0.03,-0.9146341463414632
2019-05-29,15:00,sz002256,兆新股份,3.23,3.28,3.21,3.22,69368,22522472.0,-0.03,-0.9230769230769232
2019-05-30,15:00,sz002256,兆新股份,3.24,3.24,3.12,3.15,103110,32606142.0,-0.07,-2.1739130434782608
2019-05-31,15:00,sz002256,兆新股份,3.2,3.22,3.14,3.14,169626,53984208.0,-0.01,-0.3174603174603174
2019-06-03,15:00,sz002256,兆新股份,3.14,3.19,3.08,3.09,153713,47864744.0,-0.05,-1.5923566878980893
2019-06-04,15:00,sz002256,兆新股份,3.09,3.11,2.99,3.05,143735,43543292.0,-0.04,-1.2944983818770228
2019-06-05,15:00,sz002256,兆新股份,3.04,3.07,3.01,3.03,105832,32058792.0,-0.02,-0.6557377049180327
2019-06-06,15:00,sz002256,兆新股份,3.03,3.05,2.93,3.05,170384,50639540.0,0.02,0.6600660066006601
2019-06-10,15:00,sz002256,兆新股份,3.05,3.18,3.0,3.07,160949,49271716.0,0.02,0.6557377049180327
2019-06-11,15:00,sz002256,兆新股份,3.04,3.14,3.03,3.08,205083,63458728.0,0.01,0.3257328990228013
2019-06-12,15:00,sz002256,兆新股份,3.07,3.1,3.05,3.06,120153,36931412.0,-0.02,-0.6493506493506493
2019-06-13,15:00,sz002256,兆新股份,3.07,3.1,3.02,3.07,104139,31830756.0,0.01,0.326797385620915
2019-06-14,15:00,sz002256,兆新股份,3.05,3.09,2.93,2.99,195706,58527980.0,-0.08,-2.6058631921824107
2019-06-17,15:00,sz002256,兆新股份,3.0,3.0,2.93,2.94,96087,28426124.0,-0.05,-1.6722408026755853
2019-06-18,15:00,sz002256,兆新股份,2.95,2.98,2.92,2.92,71007,20865110.0,-0.02,-0.6802721088435374
2019-06-19,15:00,sz002256,兆新股份,2.95,2.99,2.93,2.93,97873,28818664.0,0.01,0.3424657534246575
2019-06-20,15:00,sz002256,兆新股份,2.93,2.99,2.86,2.99,162184,47729356.0,0.06,2.04778156996587
2019-06-21,15:00,sz002256,兆新股份,3.04,3.12,3.01,3.08,229926,70364112.0,0.09,3.0100334448160537
2019-06-24,15:00,sz002256,兆新股份,3.1,3.14,3.05,3.05,210069,64862100.0,-0.03,-0.974025974025974
2019-06-25,15:00,sz002256,兆新股份,3.03,3.08,2.95,2.99,137811,41480680.0,-0.06,-1.9672131147540983
2019-06-26,15:00,sz002256,兆新股份,2.96,3.02,2.95,2.97,195303,58353388.0,-0.02,-0.6688963210702341
2019-06-27,15:00,sz002256,兆新股份,2.97,2.99,2.92,2.92,175383,51725328.0,-0.05,-1.6835016835016834
2019-06-28,15:00,sz002256,兆新股份,2.94,2.94,2.86,2.89,107876,31177016.0,-0.03,-1.0273972602739725
2019-07-01,15:00,sz002256,兆新股份,2.94,2.99,2.92,2.99,179839,53194104.0,0.1,3.460207612456748
2019-07-02,15:00,sz002256,兆新股份,3.02,3.19,2.98,3.06,413531,126846576.0,0.07,2.341137123745819
2019-07-03,15:00,sz002256,兆新股份,3.01,3.02,2.93,3.0,218029,64582320.0,-0.06,-1.96078431372549
2019-07-04,15:00,sz002256,兆新股份,2.98,2.98,2.93,2.97,108761,32117926.0,-0.03,-1.0
2019-07-05,15:00,sz002256,兆新股份,2.97,2.97,2.92,2.94,56083,16486535.0,-0.03,-1.0101010101010102
2019-07-08,15:00,sz002256,兆新股份,2.93,2.93,2.82,2.88,146037,41844880.0,-0.06,-2.0408163265306123
2019-07-09,15:00,sz002256,兆新股份,2.86,2.9,2.83,2.87,114607,32734724.0,-0.01,-0.3472222222222222
2019-07-10,15:00,sz002256,兆新股份,2.87,2.87,2.83,2.87,50618,14431894.0,0.0,0.0
2019-07-11,15:00,sz002256,兆新股份,2.85,2.88,2.84,2.85,88590,25294750.0,-0.02,-0.6968641114982579
2019-07-12,15:00,sz002256,兆新股份,2.85,2.86,2.81,2.85,61494,17428858.0,0.0,0.0
2019-07-15,15:00,sz002256,兆新股份,2.84,2.84,2.66,2.78,123887,34265028.0,-0.07,-2.456140350877193
2019-07-16,15:00,sz002256,兆新股份,2.76,2.82,2.76,2.81,65540,18376470.0,0.03,1.079136690647482
2019-07-17,15:00,sz002256,兆新股份,2.79,2.81,2.76,2.8,104590,29091734.0,-0.01,-0.3558718861209964
2019-07-18,15:00,sz002256,兆新股份,2.77,2.78,2.7,2.78,150623,41182712.0,-0.02,-0.7142857142857143
2019-07-19,15:00,sz002256,兆新股份,2.75,2.79,2.73,2.75,92608,25633932.0,-0.03,-1.079136690647482
2019-07-22,15:00,sz002256,兆新股份,2.76,2.79,2.66,2.72,104484,28528152.0,-0.03,-1.090909090909091
2019-07-23,15:00,sz002256,兆新股份,2.76,2.9,2.72,2.8,272449,76385304.0,0.08,2.941176470588235
2019-07-24,15:00,sz002256,兆新股份,2.8,2.86,2.75,2.78,162059,45288608.0,-0.02,-0.7142857142857143
2019-07-25,15:00,sz002256,兆新股份,2.76,2.78,2.73,2.73,98271,27069734.0,-0.05,-1.7985611510791366
2019-07-26,15:00,sz002256,兆新股份,2.74,2.74,2.7,2.7,89000,24133364.0,-0.03,-1.098901098901099
2019-07-29,15:00,sz002256,兆新股份,2.72,2.73,2.68,2.7,90640,24419696.0,0.0,0.0
2019-07-30,15:00,sz002256,兆新股份,2.7,2.72,2.68,2.68,112153,30255862.0,-0.02,-0.7407407407407408
2019-07-31,15:00,sz002256,兆新股份,2.62,2.63,2.49,2.53,253104,64341424.0,-0.15,-5.597014925373134
2019-08-01,15:00,sz002256,兆新股份,2.51,2.51,2.39,2.43,277642,67571664.0,-0.1,-3.9525691699604746
2019-08-02,15:00,sz002256,兆新股份,2.37,2.37,2.26,2.3,362847,83309072.0,-0.13,-5.349794238683128
2019-08-05,15:00,sz002256,兆新股份,2.27,2.35,2.27,2.31,260046,60003104.0,0.01,0.4347826086956521
2019-08-06,15:00,sz002256,兆新股份,2.27,2.28,2.09,2.18,319377,69200992.0,-0.13,-5.627705627705628
2019-08-07,15:00,sz002256,兆新股份,2.21,2.4,2.2,2.38,824844,193565744.0,0.2,9.174311926605505
2019-08-08,15:00,sz002256,兆新股份,2.3,2.34,2.16,2.17,692378,153277424.0,-0.21,-8.823529411764707
2019-08-09,15:00,sz002256,兆新股份,2.2,2.39,2.18,2.34,924618,219401104.0,0.17,7.834101382488479
2019-08-12,15:00,sz002256,兆新股份,2.21,2.32,2.18,2.31,760621,172673456.0,-0.03,-1.282051282051282
2019-08-13,15:00,sz002256,兆新股份,2.28,2.29,2.23,2.24,369892,83100264.0,-0.07,-3.0303030303030303
2019-08-14,15:00,sz002256,兆新股份,2.3,2.33,2.21,2.23,361007,81227264.0,-0.01,-0.4464285714285714
2019-08-15,15:00,sz002256,兆新股份,2.17,2.22,2.13,2.21,386197,84747800.0,-0.02,-0.8968609865470852
2019-08-16,15:00,sz002256,兆新股份,2.24,2.25,2.18,2.19,341044,75274448.0,-0.02,-0.904977375565611
2019-08-19,15:00,sz002256,兆新股份,2.27,2.41,2.21,2.41,1179174,277053792.0,0.22,10.04566210045662
2019-08-20,15:00,sz002256,兆新股份,2.47,2.65,2.4,2.65,886152,226180976.0,0.24,9.95850622406639
2019-08-21,15:00,sz002256,兆新股份,2.79,2.92,2.66,2.92,590878,167035648.0,0.27,10.18867924528302
2019-08-22,15:00,sz002256,兆新股份,3.21,3.21,3.21,3.21,133440,42834408.0,0.29,9.931506849315069
2019-08-23,15:00,sz002256,兆新股份,3.3,3.49,2.96,2.99,2802673,915360320.0,-0.22,-6.853582554517133
2019-08-26,15:00,sz002256,兆新股份,2.83,3.29,2.83,3.29,1337457,421745088.0,0.3,10.033444816053512
2019-08-27,15:00,sz002256,兆新股份,3.45,3.62,3.38,3.45,2900698,1018659008.0,0.16,4.86322188449848
2019-08-28,15:00,sz002256,兆新股份,3.31,3.41,3.11,3.22,2031244,651680576.0,-0.23,-6.666666666666667
2019-08-29,15:00,sz002256,兆新股份,3.12,3.32,3.04,3.15,1412815,453731712.0,-0.07,-2.1739130434782608
2019-08-30,15:00,sz002256,兆新股份,3.15,3.24,2.87,2.9,1372281,414210688.0,-0.25,-7.936507936507936
2019-09-02,15:00,sz002256,兆新股份,2.91,2.93,2.78,2.91,799670,229548080.0,0.01,0.3448275862068966
2019-09-03,15:00,sz002256,兆新股份,2.94,2.97,2.87,2.92,752389,219606768.0,0.01,0.3436426116838488
2019-09-04,15:00,sz002256,兆新股份,2.92,2.97,2.86,2.93,764030,222192848.0,0.01,0.3424657534246575
2019-09-05,15:00,sz002256,兆新股份,2.92,3.14,2.92,3.0,1049035,315207200.0,0.07,2.389078498293516
2019-09-06,15:00,sz002256,兆新股份,2.95,3.01,2.91,2.96,604400,178179584.0,-0.04,-1.3333333333333337
2019-09-09,15:00,sz002256,兆新股份,2.94,2.96,2.88,2.95,545638,159192032.0,-0.01,-0.3378378378378378
2019-09-10,15:00,sz002256,兆新股份,2.95,3.07,2.9,3.02,827669,247335984.0,0.07,2.3728813559322037
2019-09-11,15:00,sz002256,兆新股份,2.99,3.06,2.96,2.97,581244,174648448.0,-0.05,-1.6556291390728477
2019-09-12,15:00,sz002256,兆新股份,2.98,3.0,2.89,2.9,445388,130415208.0,-0.07,-2.356902356902357
2019-09-16,15:00,sz002256,兆新股份,2.9,2.92,2.83,2.85,472607,135587568.0,-0.05,-1.7241379310344829
2019-09-17,15:00,sz002256,兆新股份,2.86,2.88,2.8,2.88,417067,118815960.0,0.03,1.0526315789473684
2019-09-18,15:00,sz002256,兆新股份,2.88,2.88,2.8,2.82,276418,78254136.0,-0.06,-2.083333333333333
2019-09-19,15:00,sz002256,兆新股份,2.82,2.83,2.69,2.76,383715,105092848.0,-0.06,-2.127659574468085
2019-09-20,15:00,sz002256,兆新股份,2.76,2.78,2.72,2.75,222482,61070364.0,-0.01,-0.3623188405797101
2019-09-23,15:00,sz002256,兆新股份,2.75,2.86,2.69,2.8,363022,101395872.0,0.05,1.818181818181818
2019-09-24,15:00,sz002256,兆新股份,2.76,2.79,2.73,2.73,245661,67753216.0,-0.07,-2.5
2019-09-25,15:00,sz002256,兆新股份,2.73,2.77,2.65,2.66,240394,64934808.0,-0.07,-2.564102564102564
2019-09-26,15:00,sz002256,兆新股份,2.65,2.69,2.53,2.54,309821,79832392.0,-0.12,-4.511278195488721
2019-09-27,15:00,sz002256,兆新股份,2.54,2.58,2.48,2.55,227810,58067348.0,0.01,0.3937007874015747
2019-09-30,15:00,sz002256,兆新股份,2.55,2.59,2.51,2.51,132156,33654232.0,-0.04,-1.568627450980392
2019-10-08,15:00,sz002256,兆新股份,2.51,2.54,2.49,2.5,130162,32780480.0,-0.01,-0.398406374501992
2019-10-09,15:00,sz002256,兆新股份,2.5,2.58,2.44,2.56,187399,47396552.0,0.06,2.4
2019-10-10,15:00,sz002256,兆新股份,2.58,2.61,2.54,2.57,164779,42479564.0,0.01,0.390625
2019-10-11,15:00,sz002256,兆新股份,2.57,2.61,2.53,2.57,163179,41869196.0,0.0,0.0
2019-10-14,15:00,sz002256,兆新股份,2.61,2.62,2.58,2.62,223610,58261220.0,0.05,1.9455252918287935
2019-10-15,15:00,sz002256,兆新股份,2.59,2.6,2.55,2.57,155103,39880928.0,-0.05,-1.9083969465648856
2019-10-16,15:00,sz002256,兆新股份,2.58,2.6,2.57,2.59,131537,33960220.0,0.02,0.7782101167315175
2019-10-17,15:00,sz002256,兆新股份,2.6,2.6,2.51,2.55,139262,35443420.0,-0.04,-1.5444015444015444
2019-10-18,15:00,sz002256,兆新股份,2.54,2.56,2.49,2.49,142134,35808512.0,-0.06,-2.3529411764705883
2019-10-21,15:00,sz002256,兆新股份,2.5,2.74,2.43,2.58,378140,97626656.0,0.09,3.614457831325301
2019-10-22,15:00,sz002256,兆新股份,2.58,2.71,2.58,2.69,454343,121311352.0,0.11,4.263565891472868
2019-10-23,15:00,sz002256,兆新股份,2.66,2.69,2.55,2.57,357628,92829728.0,-0.12,-4.4609665427509295
2019-10-24,15:00,sz002256,兆新股份,2.52,2.55,2.48,2.5,222672,55792360.0,-0.07,-2.723735408560312
2019-10-25,15:00,sz002256,兆新股份,2.5,2.51,2.45,2.49,135222,33504250.0,-0.01,-0.4
2019-10-28,15:00,sz002256,兆新股份,2.49,2.52,2.49,2.51,166709,41732828.0,0.02,0.8032128514056224
2019-10-29,15:00,sz002256,兆新股份,2.51,2.52,2.43,2.43,184940,45538740.0,-0.08,-3.187250996015936
2019-10-30,15:00,sz002256,兆新股份,2.41,2.44,2.32,2.37,178670,42603272.0,-0.06,-2.469135802469136
2019-10-31,15:00,sz002256,兆新股份,2.4,2.4,2.3,2.3,138251,32306430.0,-0.07,-2.9535864978902957
2019-11-01,15:00,sz002256,兆新股份,2.29,2.35,2.25,2.33,110863,25772220.0,0.03,1.3043478260869563
2019-11-04,15:00,sz002256,兆新股份,2.33,2.36,2.31,2.32,114602,26747138.0,-0.01,-0.4291845493562232
2019-11-05,15:00,sz002256,兆新股份,2.32,2.33,2.27,2.32,149845,34380004.0,0.0,0.0
2019-11-06,15:00,sz002256,兆新股份,2.33,2.33,2.28,2.28,97620,22413780.0,-0.04,-1.7241379310344829
2019-11-07,15:00,sz002256,兆新股份,2.3,2.33,2.27,2.31,88270,20375032.0,0.03,1.3157894736842104
2019-11-08,15:00,sz002256,兆新股份,2.31,2.38,2.31,2.38,204457,48019552.0,0.07,3.0303030303030303
2019-11-11,15:00,sz002256,兆新股份,2.36,2.41,2.27,2.38,233719,54397792.0,0.0,0.0
2019-11-12,15:00,sz002256,兆新股份,2.34,2.35,2.28,2.32,160265,37030540.0,-0.06,-2.5210084033613445
2019-11-13,15:00,sz002256,兆新股份,2.31,2.32,2.25,2.28,120582,27488830.0,-0.04,-1.7241379310344829
2019-11-14,15:00,sz002256,兆新股份,2.26,2.3,2.25,2.28,81886,18629438.0,0.0,0.0
2019-11-15,15:00,sz002256,兆新股份,2.28,2.28,2.23,2.23,85683,19309036.0,-0.05,-2.1929824561403506
2019-11-18,15:00,sz002256,兆新股份,2.23,2.26,2.2,2.24,94156,21040432.0,0.01,0.4484304932735426
2019-11-19,15:00,sz002256,兆新股份,2.25,2.32,2.23,2.3,159144,36441116.0,0.06,2.6785714285714284
2019-11-20,15:00,sz002256,兆新股份,2.53,2.53,2.53,2.53,179071,45305032.0,0.23,10.0
2019-11-21,15:00,sz002256,兆新股份,2.69,2.78,2.6,2.63,1448491,393524800.0,0.1,3.9525691699604746
2019-11-22,15:00,sz002256,兆新股份,2.46,2.62,2.43,2.46,971658,242076944.0,-0.17,-6.4638783269961975
2019-11-25,15:00,sz002256,兆新股份,2.45,2.46,2.32,2.36,506040,120175800.0,-0.1,-4.065040650406504
2019-11-26,15:00,sz002256,兆新股份,2.35,2.47,2.33,2.4,415522,99586040.0,0.04,1.694915254237288
2019-11-27,15:00,sz002256,兆新股份,2.45,2.55,2.41,2.43,514923,127665240.0,0.03,1.25
2019-11-28,15:00,sz002256,兆新股份,2.49,2.49,2.38,2.4,342038,83035760.0,-0.03,-1.2345679012345678
2019-11-29,15:00,sz002256,兆新股份,2.38,2.48,2.36,2.47,308311,74547600.0,0.07,2.9166666666666665
2019-12-02,15:00,sz002256,兆新股份,2.44,2.49,2.43,2.46,251845,61960844.0,-0.01,-0.4048582995951417
2019-12-03,15:00,sz002256,兆新股份,2.42,2.52,2.42,2.5,300325,74531472.0,0.04,1.6260162601626018
2019-12-04,15:00,sz002256,兆新股份,2.5,2.64,2.47,2.61,537384,138516000.0,0.11,4.4
2019-12-05,15:00,sz002256,兆新股份,2.75,2.86,2.66,2.7,789742,214887040.0,0.09,3.4482758620689653
2019-12-06,15:00,sz002256,兆新股份,2.9,2.95,2.77,2.89,1098962,313348416.0,0.19,7.037037037037037
2019-12-09,15:00,sz002256,兆新股份,2.95,3.09,2.83,3.08,1194378,356500288.0,0.19,6.57439446366782
2019-12-10,15:00,sz002256,兆新股份,2.95,3.02,2.77,2.85,1308890,375488928.0,-0.23,-7.467532467532467
2019-12-11,15:00,sz002256,兆新股份,2.89,3.1,2.86,2.93,1095433,324254112.0,0.08,2.807017543859649
2019-12-12,15:00,sz002256,兆新股份,2.65,2.83,2.65,2.68,1136737,307523232.0,-0.25,-8.532423208191126
2019-12-13,15:00,sz002256,兆新股份,2.68,2.74,2.62,2.68,680482,182475760.0,0.0,0.0
2019-12-16,15:00,sz002256,兆新股份,2.68,2.74,2.65,2.73,559876,151341344.0,0.05,1.8656716417910448
2019-12-17,15:00,sz002256,兆新股份,2.71,2.76,2.69,2.73,556112,151467424.0,0.0,0.0
2019-12-18,15:00,sz002256,兆新股份,2.7,2.73,2.66,2.71,390001,105143200.0,-0.02,-0.7326007326007326
2019-12-19,15:00,sz002256,兆新股份,2.7,2.78,2.68,2.74,549142,149947568.0,0.03,1.107011070110701
2019-12-20,15:00,sz002256,兆新股份,2.71,2.73,2.67,2.68,313974,84624568.0,-0.06,-2.18978102189781
2019-12-23,15:00,sz002256,兆新股份,2.62,2.64,2.5,2.51,432307,111162008.0,-0.17,-6.343283582089552
2019-12-24,15:00,sz002256,兆新股份,2.5,2.61,2.49,2.59,288291,73576104.0,0.08,3.187250996015936
2019-12-25,15:00,sz002256,兆新股份,2.56,2.59,2.54,2.55,224741,57478716.0,-0.04,-1.5444015444015444
2019-12-26,15:00,sz002256,兆新股份,2.54,2.57,2.52,2.56,156073,39734676.0,0.01,0.392156862745098
2019-12-27,15:00,sz002256,兆新股份,2.57,2.63,2.54,2.56,287168,74150072.0,0.0,0.0
2019-12-30,15:00,sz002256,兆新股份,2.52,2.53,2.4,2.53,242435,60328656.0,-0.03,-1.171875
2019-12-31,15:00,sz002256,兆新股份,2.52,2.59,2.52,2.59,206821,53149516.0,0.06,2.371541501976284
2020-01-02,15:00,sz002256,兆新股份,2.6,2.64,2.59,2.62,260704,68226096.0,0.03,1.1583011583011582
2020-01-03,15:00,sz002256,兆新股份,2.61,2.68,2.6,2.67,338055,89591816.0,0.05,1.9083969465648856
2020-01-06,15:00,sz002256,兆新股份,2.63,2.68,2.59,2.64,410619,108222224.0,-0.03,-1.1235955056179776
2020-01-07,15:00,sz002256,兆新股份,2.61,2.66,2.61,2.65,241940,63848836.0,0.01,0.3787878787878788
2020-01-08,15:00,sz002256,兆新股份,2.63,2.73,2.63,2.65,393363,104839696.0,0.0,0.0
2020-01-09,15:00,sz002256,兆新股份,2.66,2.68,2.62,2.66,273257,72454208.0,0.01,0.3773584905660377
2020-01-10,15:00,sz002256,兆新股份,2.65,2.72,2.59,2.69,358222,94958824.0,0.03,1.1278195488721805
2020-01-13,15:00,sz002256,兆新股份,2.65,2.67,2.59,2.62,302359,79187936.0,-0.07,-2.6022304832713754
2020-01-14,15:00,sz002256,兆新股份,2.61,2.67,2.6,2.62,242135,63680180.0,0.0,0.0
2020-01-15,15:00,sz002256,兆新股份,2.61,2.63,2.55,2.57,230826,59374888.0,-0.05,-1.9083969465648856
2020-01-16,15:00,sz002256,兆新股份,2.57,2.58,2.5,2.52,158242,40084896.0,-0.05,-1.9455252918287935
2020-01-17,15:00,sz002256,兆新股份,2.51,2.55,2.5,2.5,112386,28269652.0,-0.02,-0.7936507936507936
2020-01-20,15:00,sz002256,兆新股份,2.44,2.52,2.36,2.45,239748,58628968.0,-0.05,-2.0
2020-01-21,15:00,sz002256,兆新股份,2.45,2.46,2.37,2.38,175692,42247684.0,-0.07,-2.857142857142857
2020-01-22,15:00,sz002256,兆新股份,2.37,2.42,2.33,2.38,175753,41647028.0,0.0,0.0
2020-01-23,15:00,sz002256,兆新股份,2.39,2.39,2.27,2.3,192258,44636180.0,-0.08,-3.361344537815126
2020-02-03,15:00,sz002256,兆新股份,2.07,2.07,2.07,2.07,49039,10151073.0,-0.23,-10.0
2020-02-04,15:00,sz002256,兆新股份,1.87,2.07,1.87,2.0,314456,62622600.0,-0.07,-3.3816425120772946
2020-02-05,15:00,sz002256,兆新股份,2.03,2.09,2.0,2.08,228165,47151336.0,0.08,4.0
2020-02-06,15:00,sz002256,兆新股份,2.07,2.13,2.05,2.11,178890,37597492.0,0.03,1.4423076923076923
2020-02-07,15:00,sz002256,兆新股份,2.11,2.2,2.09,2.13,185574,39649204.0,0.02,0.9478672985781992
2020-02-10,15:00,sz002256,兆新股份,2.11,2.18,2.1,2.18,191076,41156412.0,0.05,2.3474178403755865
2020-02-11,15:00,sz002256,兆新股份,2.18,2.19,2.14,2.15,135780,29319802.0,-0.03,-1.376146788990826
2020-02-12,15:00,sz002256,兆新股份,2.16,2.23,2.15,2.22,184319,40499028.0,0.07,3.255813953488372
2020-02-13,15:00,sz002256,兆新股份,2.21,2.34,2.19,2.28,305506,69385120.0,0.06,2.702702702702702
2020-02-14,15:00,sz002256,兆新股份,2.22,2.26,2.2,2.22,178306,39617872.0,-0.06,-2.631578947368421
2020-02-17,15:00,sz002256,兆新股份,2.2,2.25,2.19,2.25,186875,41735360.0,0.03,1.351351351351351
2020-02-18,15:00,sz002256,兆新股份,2.24,2.28,2.23,2.26,181969,41060772.0,0.01,0.4444444444444444
2020-02-19,15:00,sz002256,兆新股份,2.26,2.49,2.26,2.49,606064,145496464.0,0.23,10.17699115044248
2020-02-20,15:00,sz002256,兆新股份,2.5,2.72,2.41,2.61,1334221,346614112.0,0.12,4.819277108433735
2020-02-21,15:00,sz002256,兆新股份,2.5,2.6,2.44,2.53,773223,194461216.0,-0.08,-3.065134099616858
2020-02-24,15:00,sz002256,兆新股份,2.47,2.51,2.41,2.48,543787,133112976.0,-0.05,-1.9762845849802373
2020-02-25,15:00,sz002256,兆新股份,2.4,2.47,2.38,2.46,449406,109229344.0,-0.02,-0.8064516129032258
2020-02-26,15:00,sz002256,兆新股份,2.43,2.65,2.4,2.51,653573,163769056.0,0.05,2.032520325203252
2020-02-27,15:00,sz002256,兆新股份,2.5,2.53,2.43,2.44,335239,82845224.0,-0.07,-2.788844621513944
2020-02-28,15:00,sz002256,兆新股份,2.36,2.39,2.25,2.25,436620,101126256.0,-0.19,-7.786885245901639
2020-03-02,15:00,sz002256,兆新股份,2.24,2.33,2.23,2.31,237641,54599776.0,0.06,2.666666666666667
2020-03-03,15:00,sz002256,兆新股份,2.33,2.37,2.3,2.32,239126,55897492.0,0.01,0.4329004329004329
2020-03-04,15:00,sz002256,兆新股份,2.3,2.34,2.28,2.31,192261,44334748.0,-0.01,-0.4310344827586206
2020-03-05,15:00,sz002256,兆新股份,2.33,2.4,2.31,2.37,340347,80307352.0,0.06,2.5974025974025974
2020-03-06,15:00,sz002256,兆新股份,2.34,2.44,2.32,2.43,384347,91004232.0,0.06,2.5316455696202533
2020-03-09,15:00,sz002256,兆新股份,2.6,2.66,2.4,2.46,864454,218815712.0,0.03,1.2345679012345678
2020-03-10,15:00,sz002256,兆新股份,2.3,2.39,2.25,2.39,609788,142277680.0,-0.07,-2.845528455284553
2020-03-11,15:00,sz002256,兆新股份,2.39,2.63,2.35,2.63,642872,166428032.0,0.24,10.0418410041841
2020-03-12,15:00,sz002256,兆新股份,2.65,2.66,2.49,2.53,1088408,278725248.0,-0.1,-3.802281368821293
2020-03-13,15:00,sz002256,兆新股份,2.3,2.46,2.28,2.4,723750,171568240.0,-0.13,-5.138339920948617
2020-03-16,15:00,sz002256,兆新股份,2.43,2.48,2.24,2.24,615864,143691888.0,-0.16,-6.666666666666667
2020-03-17,15:00,sz002256,兆新股份,2.2,2.27,2.08,2.17,400746,87016640.0,-0.07,-3.125
2020-03-18,15:00,sz002256,兆新股份,2.16,2.26,2.15,2.15,271127,59671080.0,-0.02,-0.9216589861751152
2020-03-19,15:00,sz002256,兆新股份,2.15,2.18,2.09,2.15,240260,51166984.0,0.0,0.0
2020-03-20,15:00,sz002256,兆新股份,2.18,2.18,2.13,2.16,149001,32193342.0,0.01,0.4651162790697674
2020-03-23,15:00,sz002256,兆新股份,2.12,2.13,2.03,2.04,212219,44304356.0,-0.12,-5.555555555555555
2020-03-24,15:00,sz002256,兆新股份,2.08,2.11,2.01,2.08,184276,38059980.0,0.04,1.96078431372549
2020-03-25,15:00,sz002256,兆新股份,2.13,2.18,2.1,2.17,205759,44005664.0,0.09,4.326923076923077
2020-03-26,15:00,sz002256,兆新股份,2.15,2.15,2.1,2.11,161292,34281948.0,-0.06,-2.7649769585253456
2020-03-27,15:00,sz002256,兆新股份,2.11,2.14,2.07,2.07,157502,33087890.0,-0.04,-1.895734597156398
2020-03-30,15:00,sz002256,兆新股份,2.0,2.03,1.96,2.0,223771,44515916.0,-0.07,-3.3816425120772946
2020-03-31,15:00,sz002256,兆新股份,2.01,2.03,1.93,1.93,203949,39973396.0,-0.07,-3.5000000000000004
2020-04-01,15:00,sz002256,兆新股份,1.91,1.93,1.87,1.9,185288,35290256.0,-0.03,-1.5544041450777202
2020-04-02,15:00,sz002256,兆新股份,1.89,1.94,1.86,1.94,165962,31708314.0,0.04,2.1052631578947367
2020-04-03,15:00,sz002256,兆新股份,1.94,1.96,1.89,1.92,146631,28237358.0,-0.02,-1.0309278350515465
2020-04-07,15:00,sz002256,兆新股份,1.92,1.96,1.92,1.95,188151,36589468.0,0.03,1.5625
2020-04-08,15:00,sz002256,兆新股份,1.95,1.95,1.91,1.92,241500,46449052.0,-0.03,-1.5384615384615383
2020-04-09,15:00,sz002256,兆新股份,1.93,1.94,1.9,1.91,329031,63148960.0,-0.01,-0.5208333333333333
2020-04-10,15:00,sz002256,兆新股份,1.91,1.91,1.81,1.82,414056,76438384.0,-0.09,-4.712041884816754
2020-04-13,15:00,sz002256,兆新股份,1.82,1.84,1.66,1.71,592802,103312472.0,-0.11,-6.043956043956044
2020-04-14,15:00,sz002256,兆新股份,1.72,1.8,1.7,1.75,627174,109492984.0,0.04,2.3391812865497075
2020-04-15,15:00,sz002256,兆新股份,1.75,1.76,1.68,1.69,325779,56013348.0,-0.06,-3.428571428571429
2020-04-16,15:00,sz002256,兆新股份,1.68,1.7,1.65,1.68,256809,42981012.0,-0.01,-0.591715976331361
2020-04-17,15:00,sz002256,兆新股份,1.7,1.7,1.64,1.65,297274,49769328.0,-0.03,-1.7857142857142856
2020-04-20,15:00,sz002256,兆新股份,1.59,1.67,1.59,1.66,265312,43669476.0,0.01,0.6060606060606061
2020-04-21,15:00,sz002256,兆新股份,1.66,1.67,1.61,1.63,221615,36152208.0,-0.03,-1.8072289156626504
2020-04-22,15:00,sz002256,兆新股份,1.63,1.63,1.58,1.63,275296,44110244.0,0.0,0.0
2020-04-23,15:00,sz002256,兆新股份,1.62,1.63,1.58,1.58,245881,39307832.0,-0.05,-3.067484662576687
2020-04-27,15:00,sz002256,兆新股份,1.5,1.5,1.5,1.5,17462,2619300.0,-0.08,-5.063291139240507
2020-04-28,15:00,sz002256,兆新股份,1.43,1.43,1.43,1.43,6082,869726.0,-0.07,-4.666666666666667
2020-04-29,15:00,sz002256,兆新股份,1.36,1.36,1.36,1.36,7113,967368.0,-0.07,-4.895104895104895
2020-04-30,15:00,sz002256,兆新股份,1.29,1.29,1.29,1.29,31779,4099491.0,-0.07,-5.147058823529411
2020-05-06,15:00,sz002256,兆新股份,1.23,1.23,1.23,1.23,22802,2804646.0,-0.06,-4.651162790697675
2020-05-07,15:00,sz002256,兆新股份,1.17,1.17,1.17,1.17,290552,33994584.0,-0.06,-4.878048780487805
2020-05-08,15:00,sz002256,兆新股份,1.11,1.16,1.11,1.11,1265875,141242512.0,-0.06,-5.128205128205128
2020-05-11,15:00,sz002256,兆新股份,1.09,1.09,1.05,1.05,395173,41884844.0,-0.06,-5.405405405405405
2020-05-12,15:00,sz002256,兆新股份,1.0,1.0,1.0,1.0,52356,5235600.0,-0.05,-4.761904761904762
2020-05-13,15:00,sz002256,兆新股份,0.95,0.95,0.95,0.95,39627,3764565.0,-0.05,-5.0
2020-05-14,15:00,sz002256,兆新股份,0.9,0.9,0.9,0.9,41771,3759390.0,-0.05,-5.263157894736842
2020-05-15,15:00,sz002256,兆新股份,0.86,0.94,0.86,0.89,1122884,99804696.0,-0.01,-1.1111111111111112
2020-05-18,15:00,sz002256,兆新股份,0.86,0.88,0.85,0.85,739580,63199260.0,-0.04,-4.49438202247191
2020-05-19,15:00,sz002256,兆新股份,0.82,0.83,0.81,0.81,186176,15164452.0,-0.04,-4.705882352941177
2020-05-20,15:00,sz002256,兆新股份,0.77,0.77,0.77,0.77,96258,7411866.0,-0.04,-4.938271604938271
2020-05-21,15:00,sz002256,兆新股份,0.73,0.73,0.73,0.73,115143,8405439.0,-0.04,-5.194805194805195
2020-05-22,15:00,sz002256,兆新股份,0.69,0.77,0.69,0.77,1076797,77699392.0,0.04,5.47945205479452
2020-05-25,15:00,sz002256,兆新股份,0.81,0.81,0.79,0.81,197084,15888482.0,0.04,5.194805194805195
2020-05-26,15:00,sz002256,兆新股份,0.85,0.85,0.85,0.85,18695,1589081.75,0.04,4.938271604938271
2020-05-27,15:00,sz002256,兆新股份,0.89,0.89,0.89,0.89,36273,3228297.0,0.04,4.705882352941177
2020-05-28,15:00,sz002256,兆新股份,0.93,0.93,0.89,0.93,1118341,103264192.0,0.04,4.49438202247191
2020-05-29,15:00,sz002256,兆新股份,0.95,0.96,0.92,0.92,830644,78084648.0,-0.01,-1.0752688172043012
2020-06-01,15:00,sz002256,兆新股份,0.92,0.94,0.87,0.92,743990,66455480.0,0.0,0.0
2020-06-02,15:00,sz002256,兆新股份,0.91,0.91,0.87,0.87,702268,62132660.0,-0.05,-5.434782608695652
2020-06-03,15:00,sz002256,兆新股份,0.9,0.91,0.88,0.91,415899,37578800.0,0.04,4.597701149425287
2020-06-04,15:00,sz002256,兆新股份,0.96,0.96,0.91,0.96,506855,48407220.0,0.05,5.494505494505495
2020-06-05,15:00,sz002256,兆新股份,1.0,1.01,0.97,1.01,947758,95193952.0,0.05,5.208333333333334
2020-06-08,15:00,sz002256,兆新股份,1.04,1.04,0.96,1.03,579504,58520404.0,0.02,1.98019801980198
2020-06-09,15:00,sz002256,兆新股份,1.0,1.02,0.98,0.98,404806,40183576.0,-0.05,-4.854368932038835
2020-06-10,15:00,sz002256,兆新股份,0.96,1.01,0.95,1.0,269578,26812740.0,0.02,2.0408163265306123
2020-06-11,15:00,sz002256,兆新股份,0.99,1.0,0.96,0.96,289475,28206968.0,-0.04,-4.0
2020-06-12,15:00,sz002256,兆新股份,0.94,0.96,0.93,0.94,171489,16201287.0,-0.02,-2.083333333333333
2020-06-15,15:00,sz002256,兆新股份,0.94,0.99,0.92,0.99,452362,44194896.0,0.05,5.319148936170213
2020-06-16,15:00,sz002256,兆新股份,0.98,1.04,0.97,1.04,540802,55212124.0,0.05,5.05050505050505
2020-06-17,15:00,sz002256,兆新股份,1.07,1.09,1.05,1.09,255094,27562416.0,0.05,4.807692307692308
2020-06-18,15:00,sz002256,兆新股份,1.12,1.14,1.06,1.1,776336,86745768.0,0.01,0.9174311926605504
2020-06-19,15:00,sz002256,兆新股份,1.05,1.15,1.05,1.14,574947,62502268.0,0.04,3.636363636363636
2020-06-22,15:00,sz002256,兆新股份,1.15,1.2,1.12,1.19,481910,56321168.0,0.05,4.385964912280701
2020-06-23,15:00,sz002256,兆新股份,1.17,1.21,1.15,1.17,372118,43969796.0,-0.02,-1.680672268907563
2020-06-24,15:00,sz002256,兆新股份,1.16,1.19,1.14,1.14,251486,29004008.0,-0.03,-2.564102564102564
2020-06-29,15:00,sz002256,兆新股份,1.15,1.19,1.14,1.17,248990,29163366.0,0.03,2.631578947368421
2020-06-30,15:00,sz002256,兆新股份,1.17,1.18,1.14,1.16,182288,21030308.0,-0.01,-0.8547008547008548
2020-07-01,15:00,sz002256,兆新股份,1.15,1.16,1.13,1.15,172698,19729170.0,-0.01,-0.8620689655172413
2020-07-02,15:00,sz002256,兆新股份,1.15,1.16,1.11,1.12,208403,23533476.0,-0.03,-2.608695652173913
2020-07-03,15:00,sz002256,兆新股份,1.12,1.18,1.12,1.18,408570,47804560.0,0.06,5.357142857142857
2020-07-06,15:00,sz002256,兆新股份,1.19,1.21,1.16,1.18,463573,54818500.0,0.0,0.0
2020-07-07,15:00,sz002256,兆新股份,1.17,1.19,1.16,1.17,321992,37724024.0,-0.01,-0.847457627118644
2020-07-08,15:00,sz002256,兆新股份,1.17,1.19,1.16,1.17,233783,27482002.0,0.0,0.0
2020-07-09,15:00,sz002256,兆新股份,1.17,1.18,1.13,1.16,305828,35250972.0,-0.01,-0.8547008547008548
2020-07-10,15:00,sz002256,兆新股份,1.16,1.16,1.12,1.13,230810,26185412.0,-0.03,-2.586206896551724
2020-07-13,15:00,sz002256,兆新股份,1.14,1.14,1.1,1.13,258476,28789484.0,0.0,0.0
2020-07-14,15:00,sz002256,兆新股份,1.12,1.13,1.1,1.1,208024,23031788.0,-0.03,-2.6548672566371683
2020-07-15,15:00,sz002256,兆新股份,1.09,1.1,1.05,1.05,355734,37841516.0,-0.05,-4.545454545454546
2020-07-16,15:00,sz002256,兆新股份,1.03,1.1,1.03,1.1,250936,27438924.0,0.05,4.761904761904762
2020-07-17,15:00,sz002256,兆新股份,1.14,1.16,1.12,1.16,333024,38439704.0,0.06,5.454545454545454
2020-07-20,15:00,sz002256,兆新股份,1.19,1.22,1.16,1.19,527484,62848628.0,0.03,2.586206896551724
2020-07-21,15:00,sz002256,兆新股份,1.16,1.18,1.15,1.16,197833,23033310.0,-0.03,-2.5210084033613445
2020-07-22,15:00,sz002256,兆新股份,1.16,1.19,1.15,1.17,162753,19113244.0,0.01,0.8620689655172413
2020-07-23,15:00,sz002256,兆新股份,1.18,1.19,1.13,1.15,166175,19174724.0,-0.02,-1.7094017094017095
2020-07-24,15:00,sz002256,兆新股份,1.15,1.17,1.12,1.13,188230,21497128.0,-0.02,-1.7391304347826086
2020-07-27,15:00,sz002256,兆新股份,1.13,1.15,1.12,1.12,84032,9460462.0,-0.01,-0.8849557522123894
2020-07-28,15:00,sz002256,兆新股份,1.12,1.18,1.12,1.18,362437,42439904.0,0.06,5.357142857142857
2020-07-29,15:00,sz002256,兆新股份,1.18,1.18,1.15,1.16,264609,30850512.0,-0.02,-1.694915254237288
2020-07-30,15:00,sz002256,兆新股份,1.16,1.18,1.15,1.16,122154,14223848.0,0.0,0.0
2020-07-31,15:00,sz002256,兆新股份,1.19,1.22,1.19,1.22,200219,24334606.0,0.06,5.172413793103448
2020-08-03,15:00,sz002256,兆新股份,1.26,1.28,1.25,1.28,266294,33878036.0,0.06,4.918032786885246
2020-08-04,15:00,sz002256,兆新股份,1.33,1.34,1.31,1.31,205697,27280276.0,0.03,2.34375
2020-08-05,15:00,sz002256,兆新股份,1.32,1.33,1.24,1.27,473165,60367264.0,-0.04,-3.0534351145038165
2020-08-06,15:00,sz002256,兆新股份,1.28,1.33,1.27,1.33,309299,40073920.0,0.06,4.724409448818897
2020-08-07,15:00,sz002256,兆新股份,1.39,1.4,1.33,1.4,487047,67126152.0,0.07,5.263157894736842
2020-08-10,15:00,sz002256,兆新股份,1.38,1.42,1.35,1.39,456173,63186624.0,-0.01,-0.7142857142857143
2020-08-11,15:00,sz002256,兆新股份,1.32,1.37,1.32,1.32,617856,82286352.0,-0.07,-5.035971223021583
2020-08-12,15:00,sz002256,兆新股份,1.32,1.32,1.25,1.26,353345,44532920.0,-0.06,-4.545454545454546
2020-08-13,15:00,sz002256,兆新股份,1.26,1.29,1.25,1.27,192230,24345642.0,0.01,0.7936507936507936
2020-08-14,15:00,sz002256,兆新股份,1.24,1.24,1.21,1.23,343352,41802392.0,-0.04,-3.149606299212598
2020-08-17,15:00,sz002256,兆新股份,1.17,1.26,1.17,1.25,331481,40124608.0,0.02,1.6260162601626018
2020-08-18,15:00,sz002256,兆新股份,1.21,1.25,1.2,1.22,347008,42231268.0,-0.03,-2.4
2020-08-19,15:00,sz002256,兆新股份,1.21,1.26,1.19,1.23,288088,35338944.0,0.01,0.819672131147541
2020-08-20,15:00,sz002256,兆新股份,1.21,1.23,1.19,1.22,199621,24188846.0,-0.01,-0.8130081300813009
2020-08-21,15:00,sz002256,兆新股份,1.2,1.24,1.2,1.21,197673,24090372.0,-0.01,-0.819672131147541
2020-08-24,15:00,sz002256,兆新股份,1.22,1.23,1.2,1.22,128482,15565606.0,0.01,0.8264462809917356
2020-08-25,15:00,sz002256,兆新股份,1.22,1.22,1.19,1.2,189789,22810922.0,-0.02,-1.639344262295082
2020-08-26,15:00,sz002256,兆新股份,1.2,1.26,1.19,1.26,431249,54027764.0,0.06,5.0
2020-08-27,15:00,sz002256,兆新股份,1.23,1.32,1.22,1.27,523127,66514988.0,0.01,0.7936507936507936
2020-08-28,15:00,sz002256,兆新股份,1.25,1.28,1.24,1.26,210459,26384202.0,-0.01,-0.7874015748031495
2020-08-31,15:00,sz002256,兆新股份,1.26,1.28,1.24,1.25,152209,19130236.0,-0.01,-0.7936507936507936
2020-09-01,15:00,sz002256,兆新股份,1.25,1.29,1.24,1.29,180039,22783502.0,0.04,3.2
2020-09-02,15:00,sz002256,兆新股份,1.28,1.35,1.27,1.33,342264,44908532.0,0.04,3.10077519379845
2020-09-03,15:00,sz002256,兆新股份,1.33,1.37,1.32,1.33,233077,31341206.0,0.0,0.0
2020-09-04,15:00,sz002256,兆新股份,1.31,1.33,1.27,1.31,209225,27232538.0,-0.02,-1.5037593984962403
2020-09-07,15:00,sz002256,兆新股份,1.32,1.38,1.3,1.38,520374,70921072.0,0.07,5.343511450381679
2020-09-08,15:00,sz002256,兆新股份,1.41,1.45,1.34,1.4,447912,62589408.0,0.02,1.4492753623188406
2020-09-09,15:00,sz002256,兆新股份,1.38,1.4,1.35,1.35,307786,42268256.0,-0.05,-3.571428571428571
2020-09-10,15:00,sz002256,兆新股份,1.41,1.41,1.29,1.3,380207,50838240.0,-0.05,-3.7037037037037033
2020-09-11,15:00,sz002256,兆新股份,1.29,1.3,1.25,1.26,201558,25592254.0,-0.04,-3.076923076923077
2020-09-14,15:00,sz002256,兆新股份,1.26,1.31,1.26,1.29,187669,24171864.0,0.03,2.380952380952381
2020-09-15,15:00,sz002256,兆新股份,1.28,1.28,1.23,1.24,293882,36722040.0,-0.05,-3.875968992248062
2020-09-16,15:00,sz002256,兆新股份,1.24,1.25,1.2,1.21,178939,21711696.0,-0.03,-2.419354838709677
2020-09-17,15:00,sz002256,兆新股份,1.22,1.24,1.2,1.23,204433,25017342.0,0.02,1.6528925619834711
2020-09-18,15:00,sz002256,兆新股份,1.22,1.29,1.22,1.29,293620,37098376.0,0.06,4.878048780487805
2020-09-21,15:00,sz002256,兆新股份,1.29,1.3,1.27,1.27,181638,23275868.0,-0.02,-1.550387596899225
2020-09-22,15:00,sz002256,兆新股份,1.26,1.31,1.25,1.28,141198,18031168.0,0.01,0.7874015748031495
2020-09-23,15:00,sz002256,兆新股份,1.28,1.29,1.26,1.26,93151,11831534.0,-0.02,-1.5625
2020-09-24,15:00,sz002256,兆新股份,1.26,1.26,1.22,1.24,122949,15190981.0,-0.02,-1.5873015873015872
2020-09-25,15:00,sz002256,兆新股份,1.24,1.24,1.21,1.23,101547,12450428.0,-0.01,-0.8064516129032258
2020-09-28,15:00,sz002256,兆新股份,1.22,1.24,1.21,1.23,57855,7074210.5,0.0,0.0
2020-09-29,15:00,sz002256,兆新股份,1.23,1.29,1.22,1.28,234447,29627392.0,0.05,4.065040650406504
2020-09-30,15:00,sz002256,兆新股份,1.27,1.27,1.22,1.23,145153,18046068.0,-0.05,-3.90625
2020-10-09,15:00,sz002256,兆新股份,1.24,1.28,1.23,1.26,115806,14533810.0,0.03,2.4390243902439024
2020-10-12,15:00,sz002256,兆新股份,1.25,1.27,1.25,1.26,118824,15001458.0,0.0,0.0
2020-10-13,15:00,sz002256,兆新股份,1.26,1.27,1.25,1.27,106444,13398848.0,0.01,0.7936507936507936
2020-10-14,15:00,sz002256,兆新股份,1.27,1.27,1.23,1.24,109816,13716118.0,-0.03,-2.3622047244094486
2020-10-15,15:00,sz002256,兆新股份,1.21,1.24,1.21,1.22,147574,18038280.0,-0.02,-1.6129032258064515
2020-10-16,15:00,sz002256,兆新股份,1.22,1.22,1.2,1.2,121567,14658905.0,-0.02,-1.639344262295082
2020-10-19,15:00,sz002256,兆新股份,1.21,1.22,1.2,1.21,75709,9159808.0,0.01,0.8333333333333334
2020-10-20,15:00,sz002256,兆新股份,1.21,1.21,1.18,1.2,93957,11274349.0,-0.01,-0.8264462809917356
2020-10-21,15:00,sz002256,兆新股份,1.21,1.24,1.19,1.22,131202,15901378.0,0.02,1.6666666666666667
2020-10-22,15:00,sz002256,兆新股份,1.21,1.22,1.19,1.19,87061,10462606.0,-0.03,-2.459016393442623
2020-10-23,15:00,sz002256,兆新股份,1.19,1.21,1.18,1.18,88062,10531886.0,-0.01,-0.8403361344537815
2020-10-26,15:00,sz002256,兆新股份,1.18,1.2,1.18,1.18,50284,5969364.0,0.0,0.0
2020-10-27,15:00,sz002256,兆新股份,1.19,1.2,1.18,1.19,73310,8736100.0,0.01,0.847457627118644
2020-10-28,15:00,sz002256,兆新股份,1.19,1.2,1.15,1.16,141067,16473196.0,-0.03,-2.5210084033613445
2020-10-29,15:00,sz002256,兆新股份,1.15,1.16,1.14,1.14,109531,12568403.0,-0.02,-1.7241379310344829
2020-10-30,15:00,sz002256,兆新股份,1.14,1.15,1.08,1.08,223510,24669692.0,-0.06,-5.263157894736842
2020-11-02,15:00,sz002256,兆新股份,1.05,1.06,1.03,1.03,96001,9912519.0,-0.05,-4.62962962962963
2020-11-03,15:00,sz002256,兆新股份,0.98,0.98,0.98,0.98,51890,5085220.0,-0.05,-4.854368932038835
2020-11-04,15:00,sz002256,兆新股份,0.97,1.03,0.97,1.03,151908,15123950.0,0.05,5.1020408163265305
2020-11-05,15:00,sz002256,兆新股份,1.08,1.08,1.06,1.08,89287,9631415.0,0.05,4.854368932038835
2020-11-06,15:00,sz002256,兆新股份,1.08,1.13,1.06,1.11,340054,37653732.0,0.03,2.7777777777777777
2020-11-09,15:00,sz002256,兆新股份,1.1,1.1,1.05,1.07,230225,24597528.0,-0.04,-3.603603603603604
2020-11-10,15:00,sz002256,兆新股份,1.07,1.12,1.05,1.11,322101,35620904.0,0.04,3.738317757009345
2020-11-11,15:00,sz002256,兆新股份,1.09,1.1,1.05,1.05,385949,41015768.0,-0.06,-5.405405405405405
2020-11-12,15:00,sz002256,兆新股份,1.04,1.05,1.0,1.02,227906,23239618.0,-0.03,-2.857142857142857
2020-11-13,15:00,sz002256,兆新股份,1.01,1.05,0.99,1.03,261933,26474512.0,0.01,0.9803921568627452
2020-11-16,15:00,sz002256,兆新股份,1.02,1.03,1.0,1.02,169432,17235218.0,-0.01,-0.9708737864077668
2020-11-17,15:00,sz002256,兆新股份,1.02,1.05,1.0,1.04,236361,24163252.0,0.02,1.96078431372549
2020-11-18,15:00,sz002256,兆新股份,1.02,1.05,1.01,1.04,146037,15061177.0,0.0,0.0
2020-11-19,15:00,sz002256,兆新股份,1.04,1.09,1.04,1.08,323473,34732748.0,0.04,3.8461538461538463
2020-11-20,15:00,sz002256,兆新股份,1.07,1.12,1.06,1.11,225245,24707244.0,0.03,2.7777777777777777
2020-11-23,15:00,sz002256,兆新股份,1.11,1.15,1.1,1.15,324790,36618368.0,0.04,3.603603603603604
2020-11-24,15:00,sz002256,兆新股份,1.16,1.21,1.16,1.21,443331,53212264.0,0.06,5.217391304347826
2020-11-25,15:00,sz002256,兆新股份,1.24,1.27,1.2,1.24,430945,53253424.0,0.03,2.479338842975207
2020-11-26,15:00,sz002256,兆新股份,1.21,1.22,1.18,1.18,302149,36031152.0,-0.06,-4.838709677419355
2020-11-27,15:00,sz002256,兆新股份,1.16,1.22,1.16,1.2,149093,17786098.0,0.02,1.694915254237288
2020-11-30,15:00,sz002256,兆新股份,1.23,1.23,1.19,1.2,194434,23537882.0,0.0,0.0
2020-12-01,15:00,sz002256,兆新股份,1.26,1.26,1.24,1.26,325269,40908888.0,0.06,5.0
2020-12-02,15:00,sz002256,兆新股份,1.29,1.3,1.23,1.24,517405,65537768.0,-0.02,-1.5873015873015872
2020-12-03,15:00,sz002256,兆新股份,1.24,1.24,1.2,1.22,221243,27015292.0,-0.02,-1.6129032258064515
2020-12-04,15:00,sz002256,兆新股份,1.22,1.25,1.19,1.24,201503,24625872.0,0.02,1.639344262295082
2020-12-07,15:00,sz002256,兆新股份,1.21,1.22,1.18,1.18,322703,38509440.0,-0.06,-4.838709677419355
2020-12-08,15:00,sz002256,兆新股份,1.16,1.24,1.15,1.22,258113,31004156.0,0.04,3.389830508474576
2020-12-09,15:00,sz002256,兆新股份,1.22,1.23,1.19,1.2,172305,20879978.0,-0.02,-1.639344262295082
2020-12-10,15:00,sz002256,兆新股份,1.19,1.19,1.16,1.17,159370,18702448.0,-0.03,-2.5
2020-12-11,15:00,sz002256,兆新股份,1.17,1.21,1.17,1.2,182366,21674158.0,0.03,2.564102564102564
2020-12-14,15:00,sz002256,兆新股份,1.25,1.26,1.23,1.26,343704,43093796.0,0.06,5.0
2020-12-15,15:00,sz002256,兆新股份,1.21,1.24,1.2,1.2,311486,37654456.0,-0.06,-4.761904761904762
2020-12-16,15:00,sz002256,兆新股份,1.17,1.2,1.15,1.16,196826,22935492.0,-0.04,-3.333333333333333
2020-12-17,15:00,sz002256,兆新股份,1.16,1.21,1.13,1.19,186518,22004914.0,0.03,2.586206896551724
2020-12-18,15:00,sz002256,兆新股份,1.2,1.21,1.16,1.17,182814,21598162.0,-0.02,-1.680672268907563
2020-12-21,15:00,sz002256,兆新股份,1.16,1.2,1.14,1.16,216260,25294448.0,-0.01,-0.8547008547008548
2020-12-22,15:00,sz002256,兆新股份,1.15,1.16,1.12,1.12,184946,21039398.0,-0.04,-3.4482758620689653
2020-12-23,15:00,sz002256,兆新股份,1.12,1.16,1.1,1.14,155865,17723970.0,0.02,1.7857142857142856
2020-12-24,15:00,sz002256,兆新股份,1.13,1.14,1.09,1.09,158288,17547030.0,-0.05,-4.385964912280701
2020-12-25,15:00,sz002256,兆新股份,1.09,1.12,1.08,1.1,105043,11601582.0,0.01,0.9174311926605504
2020-12-28,15:00,sz002256,兆新股份,1.1,1.16,1.1,1.14,152312,17320538.0,0.04,3.636363636363636
2020-12-29,15:00,sz002256,兆新股份,1.13,1.14,1.09,1.13,111725,12463148.0,-0.01,-0.8771929824561403
2020-12-30,15:00,sz002256,兆新股份,1.12,1.14,1.1,1.11,113462,12664144.0,-0.02,-1.7699115044247788
2020-12-31,15:00,sz002256,兆新股份,1.11,1.14,1.1,1.11,92133,10301198.0,0.0,0.0
2021-01-04,15:00,sz002256,兆新股份,1.1,1.13,1.1,1.11,133202,14819321.0,0.0,0.0
2021-01-05,15:00,sz002256,兆新股份,1.1,1.13,1.07,1.08,160014,17487200.0,-0.03,-2.702702702702702
2021-01-06,15:00,sz002256,兆新股份,1.08,1.08,1.03,1.05,158033,16668183.0,-0.03,-2.7777777777777777
2021-01-07,15:00,sz002256,兆新股份,1.04,1.06,1.01,1.02,170081,17461242.0,-0.03,-2.857142857142857
2021-01-08,15:00,sz002256,兆新股份,1.01,1.07,1.0,1.07,202058,20880576.0,0.05,4.901960784313726
2021-01-11,15:00,sz002256,兆新股份,1.06,1.11,1.04,1.07,149060,16022216.0,0.0,0.0
2021-01-12,15:00,sz002256,兆新股份,1.07,1.11,1.04,1.05,145308,15625256.0,-0.02,-1.8691588785046729
2021-01-13,15:00,sz002256,兆新股份,1.05,1.09,1.03,1.07,146991,15618782.0,0.02,1.9047619047619049
2021-01-14,15:00,sz002256,兆新股份,1.1,1.12,1.09,1.12,290783,32272924.0,0.05,4.672897196261682
2021-01-15,15:00,sz002256,兆新股份,1.15,1.18,1.14,1.18,203278,23826596.0,0.06,5.357142857142857
2021-01-18,15:00,sz002256,兆新股份,1.23,1.24,1.16,1.19,355625,42782352.0,0.01,0.847457627118644
2021-01-19,15:00,sz002256,兆新股份,1.2,1.23,1.18,1.21,218247,26351162.0,0.02,1.680672268907563
2021-01-20,15:00,sz002256,兆新股份,1.22,1.24,1.21,1.22,115836,14164456.0,0.01,0.8264462809917356
2021-01-21,15:00,sz002256,兆新股份,1.22,1.24,1.21,1.24,180135,22154758.0,0.02,1.639344262295082
2021-01-22,15:00,sz002256,兆新股份,1.25,1.3,1.25,1.3,532561,68995584.0,0.06,4.838709677419355
2021-01-25,15:00,sz002256,兆新股份,1.33,1.37,1.31,1.37,327910,44352336.0,0.07,5.384615384615385
2021-01-26,15:00,sz002256,兆新股份,1.44,1.44,1.3,1.3,755613,103412856.0,-0.07,-5.109489051094891
2021-01-27,15:00,sz002256,兆新股份,1.27,1.28,1.24,1.24,427231,53241016.0,-0.06,-4.615384615384616
2021-01-28,15:00,sz002256,兆新股份,1.19,1.3,1.19,1.3,388989,49454712.0,0.06,4.838709677419355
2021-01-29,15:00,sz002256,兆新股份,1.32,1.37,1.32,1.37,560410,76100808.0,0.07,5.384615384615385
2021-02-01,15:00,sz002256,兆新股份,1.38,1.44,1.31,1.44,569198,80260336.0,0.07,5.109489051094891
2021-02-02,15:00,sz002256,兆新股份,1.5,1.51,1.46,1.51,152369,22951486.0,0.07,4.861111111111112
2021-02-03,15:00,sz002256,兆新股份,1.59,1.59,1.43,1.43,1044379,158899616.0,-0.08,-5.298013245033113
2021-02-04,15:00,sz002256,兆新股份,1.44,1.5,1.43,1.5,778311,115387648.0,0.07,4.895104895104895
2021-02-05,15:00,sz002256,兆新股份,1.5,1.58,1.43,1.58,827770,125104880.0,0.08,5.333333333333334
2021-02-08,15:00,sz002256,兆新股份,1.59,1.65,1.53,1.56,696604,111316368.0,-0.02,-1.2658227848101269
2021-02-09,15:00,sz002256,兆新股份,1.5,1.55,1.48,1.49,536701,80304504.0,-0.07,-4.487179487179487
2021-02-10,15:00,sz002256,兆新股份,1.5,1.53,1.44,1.51,296648,44187872.0,0.02,1.342281879194631
2021-02-18,15:00,sz002256,兆新股份,1.52,1.58,1.49,1.53,329172,50548500.0,0.02,1.3245033112582782
2021-02-19,15:00,sz002256,兆新股份,1.53,1.53,1.47,1.49,286166,42948340.0,-0.04,-2.6143790849673203
2021-02-22,15:00,sz002256,兆新股份,1.48,1.48,1.42,1.48,543333,78693128.0,-0.01,-0.6711409395973155
2021-02-23,15:00,sz002256,兆新股份,1.49,1.51,1.45,1.47,241775,35623180.0,-0.01,-0.6756756756756757
2021-02-24,15:00,sz002256,兆新股份,1.44,1.48,1.42,1.45,254119,36683692.0,-0.02,-1.3605442176870748
2021-02-25,15:00,sz002256,兆新股份,1.45,1.46,1.38,1.38,349004,48783176.0,-0.07,-4.827586206896552
2021-02-26,15:00,sz002256,兆新股份,1.36,1.36,1.31,1.31,376892,49825460.0,-0.07,-5.072463768115942
2021-03-01,15:00,sz002256,兆新股份,1.29,1.38,1.25,1.38,423401,56009680.0,0.07,5.343511450381679
2021-03-02,15:00,sz002256,兆新股份,1.38,1.44,1.36,1.39,397245,55547740.0,0.01,0.7246376811594203
2021-03-03,15:00,sz002256,兆新股份,1.36,1.38,1.34,1.36,266900,36311536.0,-0.03,-2.158273381294964
2021-03-04,15:00,sz002256,兆新股份,1.35,1.41,1.34,1.39,295694,40925404.0,0.03,2.2058823529411766
2021-03-05,15:00,sz002256,兆新股份,1.39,1.46,1.37,1.46,375806,53279372.0,0.07,5.035971223021583
2021-03-08,15:00,sz002256,兆新股份,1.5,1.52,1.44,1.46,490439,72650552.0,0.0,0.0
2021-03-09,15:00,sz002256,兆新股份,1.44,1.46,1.39,1.39,371113,52065220.0,-0.07,-4.794520547945205
2021-03-10,15:00,sz002256,兆新股份,1.37,1.46,1.36,1.4,263315,37173612.0,0.01,0.7194244604316548
2021-03-11,15:00,sz002256,兆新股份,1.39,1.43,1.37,1.41,211656,29614106.0,0.01,0.7142857142857143
2021-03-12,15:00,sz002256,兆新股份,1.39,1.45,1.37,1.42,274393,38565484.0,0.01,0.7092198581560284
2021-03-15,15:00,sz002256,兆新股份,1.4,1.42,1.38,1.39,168840,23572632.0,-0.03,-2.112676056338028
2021-03-16,15:00,sz002256,兆新股份,1.39,1.4,1.35,1.37,253303,34787924.0,-0.02,-1.4388489208633095
2021-03-17,15:00,sz002256,兆新股份,1.36,1.39,1.35,1.37,180955,24702564.0,0.0,0.0
2021-03-18,15:00,sz002256,兆新股份,1.36,1.38,1.36,1.37,159198,21780036.0,0.0,0.0
2021-03-19,15:00,sz002256,兆新股份,1.36,1.4,1.35,1.38,227081,31325700.0,0.01,0.7299270072992701
2021-03-22,15:00,sz002256,兆新股份,1.39,1.45,1.37,1.45,370826,52954340.0,0.07,5.072463768115942
2021-03-23,15:00,sz002256,兆新股份,1.48,1.52,1.43,1.5,667293,99175736.0,0.05,3.4482758620689653
2021-03-24,15:00,sz002256,兆新股份,1.48,1.5,1.44,1.46,373426,54750660.0,-0.04,-2.666666666666667
2021-03-25,15:00,sz002256,兆新股份,1.44,1.49,1.41,1.45,222350,32231288.0,-0.01,-0.684931506849315
2021-03-26,15:00,sz002256,兆新股份,1.47,1.52,1.47,1.52,573917,86484296.0,0.07,4.827586206896552
2021-03-29,15:00,sz002256,兆新股份,1.52,1.6,1.51,1.58,856617,134721968.0,0.06,3.947368421052632
2021-03-30,15:00,sz002256,兆新股份,1.56,1.56,1.5,1.5,596782,90388496.0,-0.08,-5.063291139240507
2021-03-31,15:00,sz002256,兆新股份,1.47,1.58,1.47,1.58,450434,69286864.0,0.08,5.333333333333334
2021-04-01,15:00,sz002256,兆新股份,1.58,1.64,1.54,1.55,523848,83509216.0,-0.03,-1.89873417721519
2021-04-02,15:00,sz002256,兆新股份,1.52,1.53,1.48,1.51,446350,66954448.0,-0.04,-2.5806451612903225
2021-04-06,15:00,sz002256,兆新股份,1.5,1.55,1.47,1.53,361213,54533952.0,0.02,1.3245033112582782
2021-04-07,15:00,sz002256,兆新股份,1.53,1.55,1.5,1.52,265426,40596512.0,-0.01,-0.6535947712418301
2021-04-08,15:00,sz002256,兆新股份,1.51,1.52,1.47,1.48,296168,44309484.0,-0.04,-2.631578947368421
2021-04-09,15:00,sz002256,兆新股份,1.52,1.55,1.5,1.55,289990,44828680.0,0.07,4.72972972972973
2021-04-12,15:00,sz002256,兆新股份,1.57,1.61,1.53,1.54,507966,79434584.0,-0.01,-0.6451612903225806
2021-04-13,15:00,sz002256,兆新股份,1.52,1.57,1.51,1.53,278074,42666576.0,-0.01,-0.6493506493506493
2021-04-14,15:00,sz002256,兆新股份,1.54,1.61,1.52,1.61,448396,70891048.0,0.08,5.228758169934641
2021-04-15,15:00,sz002256,兆新股份,1.6,1.65,1.56,1.56,514365,81885736.0,-0.05,-3.1055900621118013
2021-04-16,15:00,sz002256,兆新股份,1.54,1.58,1.54,1.58,262446,41061148.0,0.02,1.282051282051282
2021-04-19,15:00,sz002256,兆新股份,1.58,1.66,1.58,1.64,412017,67622952.0,0.06,3.79746835443038
2021-04-20,15:00,sz002256,兆新股份,1.62,1.66,1.6,1.61,319774,51999252.0,-0.03,-1.829268292682927
2021-04-21,15:00,sz002256,兆新股份,1.6,1.62,1.56,1.58,237572,37577472.0,-0.03,-1.8633540372670807
2021-04-22,15:00,sz002256,兆新股份,1.58,1.64,1.57,1.64,202740,32475496.0,0.06,3.79746835443038
2021-04-23,15:00,sz002256,兆新股份,1.62,1.66,1.6,1.61,183799,29735372.0,-0.03,-1.829268292682927
2021-04-26,15:00,sz002256,兆新股份,1.63,1.69,1.6,1.66,338196,55685464.0,0.05,3.1055900621118013
2021-04-27,15:00,sz002256,兆新股份,1.68,1.74,1.67,1.74,764602,132375624.0,0.08,4.819277108433735
2021-04-28,15:00,sz002256,兆新股份,1.7,1.73,1.65,1.65,725932,121945896.0,-0.09,-5.172413793103448
2021-04-29,15:00,sz002256,兆新股份,1.65,1.71,1.63,1.65,394673,65935800.0,0.0,0.0
2021-04-30,15:00,sz002256,兆新股份,1.63,1.67,1.6,1.65,299057,48685944.0,0.0,0.0
2021-05-06,15:00,sz002256,兆新股份,1.64,1.69,1.63,1.66,281938,46948016.0,0.01,0.6060606060606061
2021-05-07,15:00,sz002256,兆新股份,1.66,1.72,1.64,1.7,297193,50036192.0,0.04,2.409638554216868
2021-05-10,15:00,sz002256,兆新股份,1.71,1.77,1.7,1.73,341928,59493388.0,0.03,1.7647058823529411
2021-05-11,15:00,sz002256,兆新股份,1.76,1.82,1.75,1.82,645207,116838024.0,0.09,5.202312138728324
2021-05-12,15:00,sz002256,兆新股份,1.82,1.84,1.78,1.81,653757,117893320.0,-0.01,-0.5494505494505495
2021-05-13,15:00,sz002256,兆新股份,1.8,1.9,1.78,1.9,552764,103573816.0,0.09,4.972375690607735
2021-05-14,15:00,sz002256,兆新股份,1.96,2.0,1.94,2.0,343020,68167224.0,0.1,5.263157894736842
2021-05-17,15:00,sz002256,兆新股份,2.1,2.1,1.9,1.9,703798,136395280.0,-0.1,-5.0
2021-05-18,15:00,sz002256,兆新股份,1.9,2.0,1.9,2.0,431849,85234416.0,0.1,5.263157894736842
2021-05-19,15:00,sz002256,兆新股份,2.02,2.1,2.0,2.1,477671,98862952.0,0.1,5.0
2021-05-20,15:00,sz002256,兆新股份,2.17,2.21,2.14,2.21,387926,85360928.0,0.11,5.238095238095238
2021-05-21,15:00,sz002256,兆新股份,2.15,2.31,2.1,2.17,931733,203945360.0,-0.04,-1.809954751131222
2021-05-24,15:00,sz002256,兆新股份,2.15,2.24,2.11,2.17,574479,125127552.0,0.0,0.0
2021-05-25,15:00,sz002256,兆新股份,2.16,2.18,2.07,2.1,516015,108552968.0,-0.07,-3.225806451612903
2021-05-26,15:00,sz002256,兆新股份,2.12,2.21,2.08,2.21,550495,118750360.0,0.11,5.238095238095238
2021-05-27,15:00,sz002256,兆新股份,2.25,2.32,2.2,2.32,621368,141025648.0,0.11,4.97737556561086
2021-05-28,15:00,sz002256,兆新股份,2.34,2.44,2.32,2.38,893279,213648000.0,0.06,2.586206896551724
2021-05-31,15:00,sz002256,兆新股份,2.4,2.5,2.38,2.5,367891,91128712.0,0.12,5.042016806722689
2021-06-01,15:00,sz002256,兆新股份,2.63,2.63,2.5,2.63,998658,257775152.0,0.13,5.2
2021-06-02,15:00,sz002256,兆新股份,2.62,2.76,2.54,2.76,774008,210020160.0,0.13,4.942965779467681
2021-06-03,15:00,sz002256,兆新股份,2.83,2.9,2.83,2.9,439177,126727264.0,0.14,5.072463768115942
2021-06-04,15:00,sz002256,兆新股份,3.01,3.05,2.91,3.05,318063,96052040.0,0.15,5.172413793103448
2021-06-07,15:00,sz002256,兆新股份,3.2,3.2,3.05,3.2,1222459,389476512.0,0.15,4.918032786885246
2021-06-08,15:00,sz002256,兆新股份,3.25,3.36,3.22,3.36,541048,180096080.0,0.16,5.0
2021-06-09,15:00,sz002256,兆新股份,3.52,3.53,3.19,3.19,1703441,579106624.0,-0.17,-5.059523809523809
2021-06-10,15:00,sz002256,兆新股份,3.03,3.22,3.03,3.03,692816,211934464.0,-0.16,-5.015673981191222
2021-06-11,15:00,sz002256,兆新股份,2.88,2.88,2.88,2.88,73866,21273408.0,-0.15,-4.950495049504951
2021-06-15,15:00,sz002256,兆新股份,2.74,3.02,2.74,3.02,1000355,280362880.0,0.14,4.861111111111112
2021-06-16,15:00,sz002256,兆新股份,2.98,3.02,2.87,2.87,1120810,326275744.0,-0.15,-4.966887417218543
2021-06-17,15:00,sz002256,兆新股份,2.81,2.99,2.73,2.86,1038767,293549888.0,-0.01,-0.3484320557491289
2021-06-18,15:00,sz002256,兆新股份,2.8,3.0,2.77,3.0,730211,213547312.0,0.14,4.895104895104895
2021-06-21,15:00,sz002256,兆新股份,3.08,3.15,3.05,3.15,457262,143084672.0,0.15,5.0
2021-06-22,15:00,sz002256,兆新股份,3.27,3.31,3.01,3.04,1271941,401148032.0,-0.11,-3.492063492063492
2021-06-23,15:00,sz002256,兆新股份,3.08,3.19,2.97,3.19,625484,194915200.0,0.15,4.934210526315789
2021-06-24,15:00,sz002256,兆新股份,3.26,3.35,3.11,3.3,1191991,389231200.0,0.11,3.4482758620689653
2021-06-25,15:00,sz002256,兆新股份,3.22,3.47,3.21,3.43,1156927,390643328.0,0.13,3.939393939393939
2021-06-28,15:00,sz002256,兆新股份,3.36,3.44,3.26,3.26,901651,299536064.0,-0.17,-4.956268221574344
2021-06-29,15:00,sz002256,兆新股份,3.2,3.24,3.1,3.1,762756,238568448.0,-0.16,-4.9079754601227
2021-06-30,15:00,sz002256,兆新股份,3.1,3.19,2.95,2.96,750202,226906064.0,-0.14,-4.516129032258064
2021-07-01,15:00,sz002256,兆新股份,3.0,3.11,2.92,3.08,838477,257221744.0,0.12,4.054054054054054
2021-07-02,15:00,sz002256,兆新股份,2.98,3.03,2.93,2.93,699519,206730480.0,-0.15,-4.870129870129871
2021-07-05,15:00,sz002256,兆新股份,2.92,3.06,2.89,2.99,521875,156093408.0,0.06,2.04778156996587
2021-07-06,15:00,sz002256,兆新股份,3.01,3.03,2.84,2.91,636215,185388176.0,-0.08,-2.6755852842809364
2021-07-07,15:00,sz002256,兆新股份,2.92,3.05,2.91,2.98,620773,184891056.0,0.07,2.405498281786942
2021-07-08,15:00,sz002256,兆新股份,3.03,3.13,2.97,3.12,1008863,311164032.0,0.14,4.697986577181208
2021-07-09,15:00,sz002256,兆新股份,3.08,3.21,3.01,3.12,695196,213978160.0,0.0,0.0
2021-07-12,15:00,sz002256,兆新股份,3.08,3.18,3.05,3.08,540888,167876560.0,-0.04,-1.282051282051282
2021-07-13,15:00,sz002256,兆新股份,3.08,3.11,2.98,3.01,533874,161365904.0,-0.07,-2.272727272727273
2021-07-14,15:00,sz002256,兆新股份,2.97,3.0,2.87,2.91,579856,169919760.0,-0.1,-3.322259136212625
2021-07-15,15:00,sz002256,兆新股份,2.89,3.06,2.87,3.06,756339,227037744.0,0.15,5.154639175257731
2021-07-16,15:00,sz002256,兆新股份,3.14,3.15,2.91,2.91,1090418,328997632.0,-0.15,-4.901960784313726
2021-07-19,15:00,sz002256,兆新股份,2.86,2.86,2.76,2.76,880840,244612000.0,-0.15,-5.154639175257731
2021-07-20,15:00,sz002256,兆新股份,2.69,2.81,2.62,2.71,910620,242712560.0,-0.05,-1.8115942028985508
2021-07-21,15:00,sz002256,兆新股份,2.64,2.77,2.59,2.71,691737,185569760.0,0.0,0.0
2021-07-22,15:00,sz002256,兆新股份,2.69,2.8,2.66,2.74,598792,163988976.0,0.03,1.107011070110701
2021-07-23,15:00,sz002256,兆新股份,2.75,2.78,2.61,2.63,657450,176066016.0,-0.11,-4.014598540145985
2021-07-26,15:00,sz002256,兆新股份,2.66,2.68,2.5,2.5,683868,174455360.0,-0.13,-4.942965779467681
2021-07-27,15:00,sz002256,兆新股份,2.47,2.47,2.38,2.38,692104,165977504.0,-0.12,-4.8
2021-07-28,15:00,sz002256,兆新股份,2.33,2.33,2.26,2.26,502753,114241968.0,-0.12,-5.042016806722689
2021-07-29,15:00,sz002256,兆新股份,2.2,2.3,2.19,2.22,647849,145366784.0,-0.04,-1.7699115044247788
2021-07-30,15:00,sz002256,兆新股份,2.21,2.29,2.2,2.26,571425,127949672.0,0.04,1.8018018018018016
2021-08-02,15:00,sz002256,兆新股份,2.33,2.37,2.31,2.37,169894,39945660.0,0.11,4.867256637168142
2021-08-04,15:00,sz002256,兆新股份,2.61,2.61,2.61,2.61,17857,4660687.5,0.24,10.126582278481012
2021-08-05,15:00,sz002256,兆新股份,2.87,2.87,2.87,2.87,5674,1628438.0,0.26,9.961685823754788
2021-08-06,15:00,sz002256,兆新股份,3.16,3.16,3.16,3.16,14586,4609176.0,0.29,10.104529616724738
2021-08-09,15:00,sz002256,兆新股份,3.48,3.48,3.48,3.48,32667,11368116.0,0.32,10.126582278481012
2021-08-10,15:00,sz002256,兆新股份,3.83,3.83,3.83,3.83,317905,121757616.0,0.35,10.057471264367816
2021-08-11,15:00,sz002256,兆新股份,4.21,4.21,4.21,4.21,83735,35252468.0,0.38,9.92167101827676
2021-08-12,15:00,sz002256,兆新股份,4.63,4.63,4.63,4.63,81237,37612732.0,0.42,9.97624703087886
2021-08-13,15:00,sz002256,兆新股份,5.09,5.09,5.09,5.09,285865,145505280.0,0.46,9.935205183585314
2021-08-16,15:00,sz002256,兆新股份,5.6,5.6,5.4,5.4,1437829,786284160.0,0.31,6.090373280943026
2021-08-17,15:00,sz002256,兆新股份,5.25,5.65,4.86,4.86,5302028,2745013248.0,-0.54,-10.0
2021-08-18,15:00,sz002256,兆新股份,4.74,5.06,4.55,4.74,3686951,1757334272.0,-0.12,-2.469135802469136
2021-08-19,15:00,sz002256,兆新股份,4.6,4.73,4.41,4.45,3040655,1387197184.0,-0.29,-6.118143459915612
2021-08-20,15:00,sz002256,兆新股份,4.38,4.42,4.01,4.24,3083797,1283980160.0,-0.21,-4.719101123595506
2021-08-23,15:00,sz002256,兆新股份,4.18,4.66,4.12,4.66,2547891,1105984128.0,0.42,9.90566037735849
2021-08-24,15:00,sz002256,兆新股份,4.71,5.13,4.52,4.8,4687890,2304870144.0,0.14,3.004291845493562
2021-08-25,15:00,sz002256,兆新股份,4.65,5.1,4.35,4.85,3332442,1558052736.0,0.05,1.0416666666666663
2021-08-26,15:00,sz002256,兆新股份,4.7,5.34,4.66,5.34,4242687,2214683904.0,0.49,10.103092783505154
2021-08-27,15:00,sz002256,兆新股份,5.33,5.87,5.09,5.87,4730172,2575060736.0,0.53,9.925093632958802
2021-08-30,15:00,sz002256,兆新股份,6.0,6.46,5.85,6.46,4771941,2999220480.0,0.59,10.051107325383304
2021-08-31,15:00,sz002256,兆新股份,6.38,6.39,5.84,6.1,4005992,2455163648.0,-0.36,-5.572755417956656
2021-09-01,15:00,sz002256,兆新股份,6.3,6.68,5.65,6.37,4640263,2910926080.0,0.27,4.426229508196721
2021-09-02,15:00,sz002256,兆新股份,6.1,6.47,6.01,6.16,2857890,1771589376.0,-0.21,-3.296703296703297
2021-09-03,15:00,sz002256,兆新股份,5.89,6.1,5.7,5.71,2449926,1422685696.0,-0.45,-7.305194805194805
2021-09-06,15:00,sz002256,兆新股份,5.88,6.15,5.74,6.01,2662175,1589729152.0,0.3,5.253940455341506
2021-09-07,15:00,sz002256,兆新股份,6.02,6.06,5.65,5.76,2594526,1495860224.0,-0.25,-4.159733777038269
2021-09-08,15:00,sz002256,兆新股份,5.75,5.87,5.61,5.63,1992432,1139147904.0,-0.13,-2.256944444444444
2021-09-09,15:00,sz002256,兆新股份,5.55,5.62,5.26,5.31,2165251,1165142528.0,-0.32,-5.683836589698046
2021-09-10,15:00,sz002256,兆新股份,5.29,5.8,5.2,5.65,2590324,1429335680.0,0.34,6.4030131826742
2021-09-13,15:00,sz002256,兆新股份,5.59,5.59,5.3,5.44,1760049,953603840.0,-0.21,-3.7168141592920354
2021-09-14,15:00,sz002256,兆新股份,5.4,5.65,5.12,5.54,2003392,1085900800.0,0.1,1.8382352941176472
2021-09-15,15:00,sz002256,兆新股份,5.49,5.68,5.34,5.4,1636444,897235584.0,-0.14,-2.527075812274368
2021-09-16,15:00,sz002256,兆新股份,5.23,5.3,4.86,4.87,2170448,1099905792.0,-0.53,-9.814814814814817
2021-09-17,15:00,sz002256,兆新股份,4.75,4.98,4.52,4.89,1306646,629592576.0,0.02,0.4106776180698152
2021-09-22,15:00,sz002256,兆新股份,4.82,5.12,4.82,4.95,1195748,598500032.0,0.06,1.2269938650306749
2021-09-23,15:00,sz002256,兆新股份,4.93,5.04,4.82,4.85,1067842,523625888.0,-0.1,-2.0202020202020203
2021-09-24,15:00,sz002256,兆新股份,4.85,4.88,4.53,4.54,1148216,536734848.0,-0.31,-6.391752577319587
2021-09-27,15:00,sz002256,兆新股份,4.61,4.65,4.2,4.34,1213942,537022272.0,-0.2,-4.405286343612335
2021-09-28,15:00,sz002256,兆新股份,4.41,4.5,4.23,4.41,1205780,525259776.0,0.07,1.6129032258064515
2021-09-29,15:00,sz002256,兆新股份,4.32,4.47,4.11,4.12,1017956,433063840.0,-0.29,-6.575963718820861
2021-09-30,15:00,sz002256,兆新股份,4.17,4.39,4.15,4.36,1101331,471983648.0,0.24,5.825242718446602
2021-10-08,15:00,sz002256,兆新股份,4.38,4.44,4.2,4.25,903017,385954336.0,-0.11,-2.522935779816514
2021-10-11,15:00,sz002256,兆新股份,4.27,4.29,4.07,4.14,729473,303107296.0,-0.11,-2.588235294117647
2021-10-12,15:00,sz002256,兆新股份,4.13,4.15,3.86,3.92,1022023,405758496.0,-0.22,-5.314009661835748
2021-10-13,15:00,sz002256,兆新股份,3.92,4.06,3.83,4.02,1226300,484928704.0,0.1,2.5510204081632653
2021-10-14,15:00,sz002256,兆新股份,3.95,4.08,3.81,4.02,1215925,482611968.0,0.0,0.0
2021-10-15,15:00,sz002256,兆新股份,3.82,3.97,3.74,3.88,1088928,420238240.0,-0.14,-3.482587064676617
2021-10-18,15:00,sz002256,兆新股份,3.86,4.27,3.83,4.27,651609,268616128.0,0.39,10.051546391752575
2021-10-19,15:00,sz002256,兆新股份,4.34,4.6,4.32,4.5,2533829,1131571072.0,0.23,5.386416861826698
2021-10-20,15:00,sz002256,兆新股份,4.38,4.68,4.29,4.57,2061571,929257856.0,0.07,1.5555555555555556
2021-10-21,15:00,sz002256,兆新股份,4.47,4.55,4.36,4.46,1369649,608290368.0,-0.11,-2.4070021881838075
2021-10-22,15:00,sz002256,兆新股份,4.41,4.45,4.21,4.23,1172617,505160032.0,-0.23,-5.15695067264574
2021-10-25,15:00,sz002256,兆新股份,4.3,4.35,4.18,4.29,838390,359025536.0,0.06,1.4184397163120568
2021-10-26,15:00,sz002256,兆新股份,4.3,4.46,4.2,4.24,1135685,491081504.0,-0.05,-1.1655011655011656
2021-10-27,15:00,sz002256,兆新股份,4.28,4.28,4.01,4.05,1144585,469152192.0,-0.19,-4.481132075471698
2021-10-28,15:00,sz002256,兆新股份,4.08,4.08,3.76,3.79,1166135,450002624.0,-0.26,-6.419753086419753
2021-10-29,15:00,sz002256,兆新股份,3.75,3.83,3.7,3.81,847609,320802560.0,0.02,0.5277044854881267
2021-11-01,15:00,sz002256,兆新股份,3.86,3.89,3.71,3.79,898339,341406080.0,-0.02,-0.5249343832020997
2021-11-02,15:00,sz002256,兆新股份,3.79,4.07,3.75,3.95,1430145,557264256.0,0.16,4.221635883905013
2021-11-03,15:00,sz002256,兆新股份,3.87,3.88,3.58,3.75,1119951,416232544.0,-0.2,-5.063291139240507
2021-11-04,15:00,sz002256,兆新股份,3.77,3.88,3.69,3.81,983246,373969536.0,0.06,1.6
2021-11-05,15:00,sz002256,兆新股份,3.76,3.76,3.51,3.55,1121479,406521856.0,-0.26,-6.824146981627297
2021-11-08,15:00,sz002256,兆新股份,3.5,3.91,3.45,3.91,1914456,730019264.0,0.36,10.140845070422536
2021-11-09,15:00,sz002256,兆新股份,3.91,3.92,3.77,3.8,1421789,544317568.0,-0.11,-2.813299232736573
2021-11-10,15:00,sz002256,兆新股份,3.79,3.84,3.61,3.72,1277093,472962592.0,-0.08,-2.1052631578947367
2021-11-11,15:00,sz002256,兆新股份,3.72,3.77,3.63,3.69,999466,368959168.0,-0.03,-0.8064516129032258
2021-11-12,15:00,sz002256,兆新股份,3.74,3.78,3.65,3.7,927109,344024800.0,0.01,0.2710027100271002
2021-11-15,15:00,sz002256,兆新股份,3.75,3.75,3.56,3.72,1037968,380192320.0,0.02,0.5405405405405406
2021-11-16,15:00,sz002256,兆新股份,3.69,3.72,3.56,3.56,875260,315769024.0,-0.16,-4.301075268817205
2021-11-17,15:00,sz002256,兆新股份,3.56,3.78,3.55,3.69,1075450,396447392.0,0.13,3.651685393258427
2021-11-18,15:00,sz002256,兆新股份,3.66,4.05,3.62,3.92,2123843,820479168.0,0.23,6.233062330623306
2021-11-19,15:00,sz002256,兆新股份,3.85,3.88,3.71,3.78,1364106,514376672.0,-0.14,-3.571428571428571
2021-11-22,15:00,sz002256,兆新股份,3.75,4.0,3.74,3.93,1448598,564557888.0,0.15,3.968253968253968
2021-11-23,15:00,sz002256,兆新股份,3.93,4.16,3.87,3.99,1705935,687474432.0,0.06,1.5267175572519085
2021-11-24,15:00,sz002256,兆新股份,3.97,3.97,3.82,3.86,1102812,428235776.0,-0.13,-3.258145363408521
2021-11-25,15:00,sz002256,兆新股份,3.86,3.9,3.78,3.79,790994,301755424.0,-0.07,-1.8134715025906731
2021-11-26,15:00,sz002256,兆新股份,3.77,3.93,3.73,3.83,887718,342168000.0,0.04,1.0554089709762533
2021-11-29,15:00,sz002256,兆新股份,3.74,3.92,3.65,3.87,839396,320523872.0,0.04,1.0443864229765014
2021-11-30,15:00,sz002256,兆新股份,3.87,3.89,3.75,3.8,752973,287219648.0,-0.07,-1.8087855297157625
2021-12-01,15:00,sz002256,兆新股份,3.76,3.85,3.71,3.83,638520,240339248.0,0.03,0.7894736842105263
2021-12-02,15:00,sz002256,兆新股份,3.8,3.81,3.73,3.74,518281,194816080.0,-0.09,-2.349869451697128
2021-12-03,15:00,sz002256,兆新股份,3.7,3.82,3.65,3.75,680470,252957648.0,0.01,0.267379679144385
2021-12-06,15:00,sz002256,兆新股份,3.73,3.79,3.7,3.71,532629,198394384.0,-0.04,-1.0666666666666669
2021-12-07,15:00,sz002256,兆新股份,3.73,3.73,3.61,3.65,539976,196894128.0,-0.06,-1.6172506738544474
2021-12-08,15:00,sz002256,兆新股份,3.64,3.76,3.62,3.73,658008,244702528.0,0.08,2.191780821917808
2021-12-09,15:00,sz002256,兆新股份,3.72,3.76,3.66,3.7,533280,197738224.0,-0.03,-0.8042895442359249
2021-12-10,15:00,sz002256,兆新股份,3.68,3.95,3.65,3.81,1295852,497525984.0,0.11,2.972972972972973
2021-12-13,15:00,sz002256,兆新股份,3.79,3.92,3.76,3.87,1083465,415367840.0,0.06,1.574803149606299
2021-12-14,15:00,sz002256,兆新股份,3.86,3.86,3.71,3.74,859288,323674752.0,-0.13,-3.359173126614987
2021-12-15,15:00,sz002256,兆新股份,3.71,3.85,3.68,3.79,722748,272120384.0,0.05,1.3368983957219251
2021-12-16,15:00,sz002256,兆新股份,3.8,4.06,3.76,3.88,1246397,487457696.0,0.09,2.3746701846965697
2021-12-17,15:00,sz002256,兆新股份,3.83,3.95,3.81,3.86,882554,341275840.0,-0.02,-0.5154639175257731
2021-12-20,15:00,sz002256,兆新股份,3.93,3.93,3.72,3.73,726770,274476128.0,-0.13,-3.3678756476683938
2021-12-21,15:00,sz002256,兆新股份,3.68,3.85,3.67,3.82,680393,255255312.0,0.09,2.412868632707774
2021-12-22,15:00,sz002256,兆新股份,3.82,4.2,3.8,4.2,2188465,904097216.0,0.38,9.947643979057592
2021-12-23,15:00,sz002256,兆新股份,4.22,4.58,4.07,4.13,3517992,1509378176.0,-0.07,-1.6666666666666667
2021-12-24,15:00,sz002256,兆新股份,4.07,4.18,3.86,3.89,1917995,766667712.0,-0.24,-5.811138014527845
2021-12-27,15:00,sz002256,兆新股份,3.84,3.92,3.75,3.8,1015723,387156032.0,-0.09,-2.313624678663239
2021-12-28,15:00,sz002256,兆新股份,3.8,4.18,3.72,4.18,1564335,616757504.0,0.38,10.0
2021-12-29,15:00,sz002256,兆新股份,4.13,4.49,3.95,4.22,2779037,1176762112.0,0.04,0.9569377990430622
2021-12-30,15:00,sz002256,兆新股份,4.09,4.58,4.05,4.34,2599419,1108761088.0,0.12,2.843601895734597
2021-12-31,15:00,sz002256,兆新股份,4.28,4.77,4.26,4.77,3167400,1451197824.0,0.43,9.90783410138249
