日期,时间,代码,名称,开盘,最高,最低,收盘,总手,金额,涨幅,涨幅比
2015-01-05,15:00,sz300158,振东制药,13.15,13.26,13.02,13.2,16311,21400252.0,0.03,0.2277904328018223
2015-01-06,15:00,sz300158,振东制药,13.16,13.72,13.01,13.65,27039,36430008.0,0.45,3.4090909090909087
2015-01-07,15:00,sz300158,振东制药,13.66,13.69,13.42,13.49,16476,22244610.0,-0.16,-1.1721611721611722
2015-01-08,15:00,sz300158,振东制药,13.43,13.68,13.43,13.51,17134,23269464.0,0.02,0.1482579688658265
2015-01-09,15:00,sz300158,振东制药,13.51,13.6,13.3,13.3,13755,18560550.0,-0.21,-1.5544041450777202
2015-01-12,15:00,sz300158,振东制药,13.21,13.21,12.85,12.99,16974,22066778.0,-0.31,-2.330827067669173
2015-01-13,15:00,sz300158,振东制药,12.99,13.31,12.92,13.27,20336,26725202.0,0.28,2.155504234026174
2015-01-14,15:00,sz300158,振东制药,13.27,13.68,13.23,13.48,28396,38356144.0,0.21,1.5825169555388092
2015-01-15,15:00,sz300158,振东制药,13.48,13.48,12.98,13.08,38817,51041568.0,-0.4,-2.967359050445104
2015-01-16,15:00,sz300158,振东制药,13.08,13.22,12.99,13.19,28172,36974860.0,0.11,0.8409785932721712
2015-01-19,15:00,sz300158,振东制药,13.0,13.47,12.8,12.95,48378,63748092.0,-0.24,-1.819560272934041
2015-01-20,15:00,sz300158,振东制药,13.03,13.42,13.01,13.36,62691,82839224.0,0.41,3.166023166023166
2015-01-21,15:00,sz300158,振东制药,13.45,13.75,13.36,13.69,68365,92960088.0,0.33,2.470059880239521
2015-01-22,15:00,sz300158,振东制药,13.67,13.95,13.53,13.94,63841,87654936.0,0.25,1.8261504747991235
2015-01-23,15:00,sz300158,振东制药,13.92,13.92,13.67,13.75,54837,75458200.0,-0.19,-1.362984218077475
2015-01-26,15:00,sz300158,振东制药,13.81,14.4,13.81,14.33,78315,111016744.0,0.58,4.218181818181818
2015-01-27,15:00,sz300158,振东制药,14.27,14.28,13.96,14.2,56348,79530064.0,-0.13,-0.9071877180739708
2015-01-28,15:00,sz300158,振东制药,14.13,14.21,13.98,14.08,32452,45728196.0,-0.12,-0.8450704225352111
2015-01-29,15:00,sz300158,振东制药,13.97,14.4,13.82,14.15,47465,67581744.0,0.07,0.4971590909090909
2015-01-30,15:00,sz300158,振东制药,14.17,14.23,13.83,13.83,22846,31965762.0,-0.32,-2.2614840989399294
2015-02-02,15:00,sz300158,振东制药,13.74,14.1,13.62,13.94,17989,25053720.0,0.11,0.7953723788864787
2015-02-03,15:00,sz300158,振东制药,14.06,14.32,14.0,14.28,32941,46864000.0,0.34,2.4390243902439024
2015-02-04,15:00,sz300158,振东制药,14.27,14.3,13.92,14.0,33333,46938228.0,-0.28,-1.96078431372549
2015-02-05,15:00,sz300158,振东制药,14.08,14.25,13.93,13.94,37726,53142440.0,-0.06,-0.4285714285714286
2015-02-06,15:00,sz300158,振东制药,13.88,13.98,13.46,13.5,23934,32857944.0,-0.44,-3.1563845050215207
2015-02-09,15:00,sz300158,振东制药,13.55,13.59,13.25,13.25,14622,19623254.0,-0.25,-1.851851851851852
2015-02-10,15:00,sz300158,振东制药,13.3,13.45,13.16,13.45,13817,18392928.0,0.2,1.509433962264151
2015-02-11,15:00,sz300158,振东制药,13.5,13.69,13.46,13.54,15603,21176632.0,0.09,0.6691449814126395
2015-02-12,15:00,sz300158,振东制药,13.53,13.76,13.48,13.69,15323,20930282.0,0.15,1.1078286558345642
2015-02-13,15:00,sz300158,振东制药,13.7,14.07,13.7,13.97,27336,38149056.0,0.28,2.0452885317750185
2015-02-16,15:00,sz300158,振东制药,13.98,14.24,13.91,14.2,29650,41823452.0,0.23,1.6463851109520402
2015-02-17,15:00,sz300158,振东制药,14.23,14.27,14.01,14.17,25035,35384276.0,-0.03,-0.2112676056338027
2015-02-25,15:00,sz300158,振东制药,14.15,14.23,14.0,14.07,23179,32719670.0,-0.1,-0.7057163020465773
2015-02-26,15:00,sz300158,振东制药,14.03,14.34,14.03,14.18,41183,58459900.0,0.11,0.7818052594171997
2015-02-27,15:00,sz300158,振东制药,14.24,14.46,14.24,14.33,37002,53143068.0,0.15,1.0578279266572637
2015-03-02,15:00,sz300158,振东制药,14.44,14.58,14.28,14.56,49049,70707792.0,0.23,1.6050244242847174
2015-03-03,15:00,sz300158,振东制药,14.45,14.56,14.24,14.29,44882,64721944.0,-0.27,-1.8543956043956045
2015-03-04,15:00,sz300158,振东制药,14.28,14.76,14.22,14.7,65431,95318576.0,0.41,2.869139258222533
2015-03-05,15:00,sz300158,振东制药,14.69,14.98,14.63,14.78,59613,88182864.0,0.08,0.5442176870748299
2015-03-06,15:00,sz300158,振东制药,14.78,14.99,14.42,14.54,46091,67636544.0,-0.24,-1.6238159675236803
2015-03-09,15:00,sz300158,振东制药,14.53,14.7,14.26,14.69,46686,67554280.0,0.15,1.031636863823934
2015-03-10,15:00,sz300158,振东制药,14.7,15.11,14.53,14.94,64447,95932992.0,0.25,1.701837985023826
2015-03-11,15:00,sz300158,振东制药,14.87,14.99,14.7,14.76,50480,74819616.0,-0.18,-1.2048192771084338
2015-03-12,15:00,sz300158,振东制药,14.8,14.93,14.49,14.63,43205,63544312.0,-0.13,-0.8807588075880758
2015-03-13,15:00,sz300158,振东制药,14.67,14.94,14.65,14.85,42922,63538004.0,0.22,1.5037593984962403
2015-03-16,15:00,sz300158,振东制药,14.92,15.46,14.88,15.37,73828,113006592.0,0.52,3.5016835016835017
2015-03-17,15:00,sz300158,振东制药,15.37,16.02,15.32,15.62,100124,157318864.0,0.25,1.626545217957059
2015-03-18,15:00,sz300158,振东制药,15.62,16.33,15.44,16.2,106152,169547632.0,0.58,3.713188220230474
2015-03-19,15:00,sz300158,振东制药,16.16,16.86,15.96,16.74,114839,186813952.0,0.54,3.333333333333333
2015-03-20,15:00,sz300158,振东制药,16.85,16.85,16.45,16.66,89425,148668912.0,-0.08,-0.4778972520908005
2015-03-23,15:00,sz300158,振东制药,16.68,16.93,16.48,16.7,82905,137691856.0,0.04,0.2400960384153661
2015-03-24,15:00,sz300158,振东制药,16.67,16.68,15.87,16.55,89303,146224528.0,-0.15,-0.8982035928143712
2015-03-25,15:00,sz300158,振东制药,16.45,17.15,16.23,16.85,87429,145746848.0,0.3,1.812688821752266
2015-03-26,15:00,sz300158,振东制药,16.73,17.05,16.3,16.52,69448,115608336.0,-0.33,-1.9584569732937689
2015-03-27,15:00,sz300158,振东制药,16.59,17.0,16.5,17.0,82348,138625120.0,0.48,2.905569007263922
2015-03-30,15:00,sz300158,振东制药,17.3,17.4,16.69,16.91,83383,141897056.0,-0.09,-0.5294117647058824
2015-03-31,15:00,sz300158,振东制药,16.91,17.34,16.72,17.17,81236,138808640.0,0.26,1.537551744529864
2015-04-01,15:00,sz300158,振东制药,17.29,17.9,17.11,17.82,83923,147394304.0,0.65,3.7856726849155504
2015-04-02,15:00,sz300158,振东制药,17.88,18.06,17.52,18.06,75089,133774752.0,0.24,1.3468013468013469
2015-04-03,15:00,sz300158,振东制药,18.18,18.66,17.96,18.2,85724,156413888.0,0.14,0.7751937984496124
2015-04-07,15:00,sz300158,振东制药,18.31,18.58,18.02,18.58,79617,145958848.0,0.38,2.087912087912088
2015-04-08,15:00,sz300158,振东制药,18.62,18.88,17.61,18.22,85911,156121776.0,-0.36,-1.9375672766415504
2015-04-09,15:00,sz300158,振东制药,18.22,18.46,17.2,18.02,72860,129723912.0,-0.2,-1.0976948408342482
2015-04-10,15:00,sz300158,振东制药,17.95,19.25,17.78,19.05,111904,209054960.0,1.03,5.715871254162042
2015-04-13,15:00,sz300158,振东制药,19.04,19.94,18.95,19.28,103848,201154752.0,0.23,1.207349081364829
2015-04-14,15:00,sz300158,振东制药,19.02,19.5,18.7,19.07,62465,118838368.0,-0.21,-1.089211618257261
2015-04-15,15:00,sz300158,振东制药,19.1,19.45,17.88,17.96,71483,131604672.0,-1.11,-5.820660723649711
2015-04-16,15:00,sz300158,振东制药,17.7,19.0,17.36,18.41,93168,168210560.0,0.45,2.505567928730512
2015-04-17,15:00,sz300158,振东制药,18.38,18.48,17.89,17.9,77305,139776496.0,-0.51,-2.770233568712656
2015-04-20,15:00,sz300158,振东制药,17.9,17.97,17.01,17.35,65745,115374952.0,-0.55,-3.072625698324022
2015-04-21,15:00,sz300158,振东制药,17.34,17.97,17.15,17.85,61978,109389256.0,0.5,2.881844380403458
2015-04-22,15:00,sz300158,振东制药,17.92,18.4,17.92,18.26,63950,116373424.0,0.41,2.296918767507003
2015-04-23,15:00,sz300158,振东制药,18.44,18.75,18.04,18.57,90117,165609280.0,0.31,1.6976998904709748
2015-04-24,15:00,sz300158,振东制药,18.26,19.17,18.1,18.9,96435,179084624.0,0.33,1.777059773828756
2015-11-04,15:00,sz300158,振东制药,19.3,19.8,17.38,18.65,341021,628671808.0,-0.25,-1.3227513227513228
2015-11-05,15:00,sz300158,振东制药,18.01,19.3,17.8,17.99,237090,437379264.0,-0.66,-3.53887399463807
2015-11-06,15:00,sz300158,振东制药,17.7,18.27,17.66,17.95,173114,311168256.0,-0.04,-0.2223457476375764
2015-11-09,15:00,sz300158,振东制药,17.9,19.75,17.82,19.75,168527,315846240.0,1.8,10.027855153203342
2015-11-10,15:00,sz300158,振东制药,20.22,20.69,19.51,19.84,204094,409777600.0,0.09,0.4556962025316456
2015-11-11,15:00,sz300158,振东制药,19.73,20.2,19.5,19.81,151911,300155520.0,-0.03,-0.1512096774193548
2015-11-12,15:00,sz300158,振东制药,19.85,20.9,19.7,19.92,164777,333278944.0,0.11,0.5552751135790005
2015-11-13,15:00,sz300158,振东制药,19.75,19.78,18.48,18.55,146243,278663488.0,-1.37,-6.877510040160642
2015-11-16,15:00,sz300158,振东制药,18.13,19.04,18.0,18.9,87070,161849360.0,0.35,1.8867924528301887
2015-11-17,15:00,sz300158,振东制药,18.99,19.24,18.68,18.91,88350,167454560.0,0.01,0.0529100529100529
2015-11-18,15:00,sz300158,振东制药,18.85,19.28,18.68,19.04,57766,109591784.0,0.13,0.6874669487043892
2015-11-19,15:00,sz300158,振东制药,19.01,19.9,18.97,19.77,87485,170914624.0,0.73,3.8340336134453774
2015-11-20,15:00,sz300158,振东制药,19.82,20.19,19.3,19.79,78720,155400224.0,0.02,0.1011633788568538
2015-11-23,15:00,sz300158,振东制药,19.81,21.3,19.81,20.8,135480,279656512.0,1.01,5.103587670540676
2015-11-24,15:00,sz300158,振东制药,20.8,20.84,20.0,20.5,81394,165314016.0,-0.3,-1.4423076923076923
2015-11-25,15:00,sz300158,振东制药,20.52,20.76,20.22,20.58,74696,153490112.0,0.08,0.3902439024390244
2015-11-26,15:00,sz300158,振东制药,20.61,20.74,19.88,20.24,89066,180025808.0,-0.34,-1.6520894071914478
2015-11-27,15:00,sz300158,振东制药,20.1,20.59,18.23,18.47,94990,186164912.0,-1.77,-8.745059288537549
2015-11-30,15:00,sz300158,振东制药,18.6,18.78,17.55,18.32,87476,159873776.0,-0.15,-0.8121277747698972
2015-12-01,15:00,sz300158,振东制药,18.29,18.97,18.25,18.6,60544,112034536.0,0.28,1.5283842794759823
2015-12-02,15:00,sz300158,振东制药,18.53,19.0,17.6,18.4,53640,98544904.0,-0.2,-1.0752688172043012
2015-12-03,15:00,sz300158,振东制药,18.4,18.95,18.39,18.95,46201,86102176.0,0.55,2.989130434782609
2015-12-04,15:00,sz300158,振东制药,18.81,19.5,18.61,18.86,48899,92773936.0,-0.09,-0.4749340369393139
2015-12-07,15:00,sz300158,振东制药,19.05,19.28,18.83,19.2,39129,74597400.0,0.34,1.8027571580063628
2015-12-08,15:00,sz300158,振东制药,19.02,19.2,18.33,18.35,41286,76969960.0,-0.85,-4.427083333333334
2015-12-09,15:00,sz300158,振东制药,18.25,18.46,18.15,18.33,34984,64066200.0,-0.02,-0.108991825613079
2015-12-10,15:00,sz300158,振东制药,18.26,18.53,18.25,18.38,24535,45079968.0,0.05,0.2727768685215493
2015-12-11,15:00,sz300158,振东制药,18.3,18.36,18.05,18.2,18975,34508480.0,-0.18,-0.9793253536452664
2015-12-14,15:00,sz300158,振东制药,18.0,18.53,17.76,18.53,33024,59719184.0,0.33,1.8131868131868132
2015-12-15,15:00,sz300158,振东制药,18.53,19.02,18.51,18.7,35710,66982004.0,0.17,0.9174311926605504
2015-12-16,15:00,sz300158,振东制药,18.74,19.2,18.74,18.93,36762,69824688.0,0.23,1.2299465240641712
2015-12-17,15:00,sz300158,振东制药,18.9,19.66,18.89,19.49,56926,110416112.0,0.56,2.958267300581088
2015-12-18,15:00,sz300158,振东制药,19.43,19.62,19.19,19.54,47788,92974392.0,0.05,0.2565418163160595
2015-12-21,15:00,sz300158,振东制药,19.61,19.98,19.47,19.7,50261,99298648.0,0.16,0.8188331627430911
2015-12-22,15:00,sz300158,振东制药,19.7,19.79,19.48,19.69,32844,64452244.0,-0.01,-0.0507614213197969
2015-12-23,15:00,sz300158,振东制药,19.74,19.95,19.18,19.25,54225,106096648.0,-0.44,-2.23463687150838
2015-12-24,15:00,sz300158,振东制药,19.26,19.39,18.5,19.14,43961,83207064.0,-0.11,-0.5714285714285714
2015-12-25,15:00,sz300158,振东制药,19.15,19.65,19.12,19.47,31582,61313944.0,0.33,1.7241379310344829
2015-12-28,15:00,sz300158,振东制药,19.52,20.23,19.0,19.15,73354,145025888.0,-0.32,-1.6435541859270673
2015-12-29,15:00,sz300158,振东制药,19.06,19.25,18.9,19.25,33688,64302280.0,0.1,0.5221932114882507
2015-12-30,15:00,sz300158,振东制药,19.29,20.5,19.19,20.0,82850,164555456.0,0.75,3.896103896103896
2015-12-31,15:00,sz300158,振东制药,20.41,20.71,19.91,20.25,80727,164079840.0,0.25,1.25
2016-01-04,15:00,sz300158,振东制药,20.3,20.44,18.23,18.23,73727,139507616.0,-2.02,-9.975308641975309
2016-01-05,15:00,sz300158,振东制药,17.1,17.98,16.53,17.1,79510,137312736.0,-1.13,-6.198573779484367
2016-01-06,15:00,sz300158,振东制药,17.11,17.7,17.02,17.41,47066,81549264.0,0.31,1.8128654970760236
2016-01-07,15:00,sz300158,振东制药,16.96,17.08,15.67,15.67,16249,26363156.0,-1.74,-9.99425617461229
2016-01-08,15:00,sz300158,振东制药,16.2,16.3,14.72,15.75,57586,90787648.0,0.08,0.5105296745373326
2016-01-11,15:00,sz300158,振东制药,15.48,15.55,14.41,14.45,64802,97927424.0,-1.3,-8.253968253968253
2016-01-12,15:00,sz300158,振东制药,14.5,15.21,14.41,15.05,56679,83865080.0,0.6,4.1522491349480966
2016-01-13,15:00,sz300158,振东制药,15.05,15.35,14.4,14.54,32746,49065884.0,-0.51,-3.388704318936877
2016-01-14,15:00,sz300158,振东制药,14.07,15.4,13.99,15.24,43968,64797476.0,0.7,4.814305364511692
2016-01-15,15:00,sz300158,振东制药,15.03,15.25,14.5,14.67,33004,49282628.0,-0.57,-3.740157480314961
2016-01-18,15:00,sz300158,振东制药,14.59,15.25,14.45,14.84,42234,62768128.0,0.17,1.1588275391956373
2016-01-19,15:00,sz300158,振东制药,14.76,15.35,14.5,15.3,49517,74245032.0,0.46,3.0997304582210243
2016-01-20,15:00,sz300158,振东制药,15.13,15.4,14.82,14.97,43407,65409228.0,-0.33,-2.156862745098039
2016-01-21,15:00,sz300158,振东制药,14.8,15.17,14.4,14.4,47752,70923992.0,-0.57,-3.807615230460922
2016-01-22,15:00,sz300158,振东制药,14.66,14.78,14.2,14.7,40030,58037124.0,0.3,2.083333333333333
2016-01-25,15:00,sz300158,振东制药,14.88,15.12,14.7,15.01,33323,49716624.0,0.31,2.1088435374149657
2016-01-26,15:00,sz300158,振东制药,14.8,14.93,13.7,14.0,48660,69804432.0,-1.01,-6.7288474350433045
2016-01-27,15:00,sz300158,振东制药,14.24,14.32,13.22,14.18,52334,73002808.0,0.18,1.2857142857142856
2016-01-28,15:00,sz300158,振东制药,13.99,14.17,13.51,13.6,22701,31509980.0,-0.58,-4.090267983074753
2016-01-29,15:00,sz300158,振东制药,13.65,14.41,13.51,14.41,33971,47864420.0,0.81,5.955882352941176
2016-02-01,15:00,sz300158,振东制药,14.29,14.42,13.81,14.02,22000,31086574.0,-0.39,-2.70645385149202
2016-02-02,15:00,sz300158,振东制药,14.15,14.85,14.06,14.66,32660,47629692.0,0.64,4.56490727532097
2016-02-03,15:00,sz300158,振东制药,14.55,15.5,14.55,15.13,60895,91862576.0,0.47,3.2060027285129604
2016-02-04,15:00,sz300158,振东制药,15.09,15.37,15.02,15.27,36542,55489068.0,0.14,0.9253139458030404
2016-02-05,15:00,sz300158,振东制药,15.9,16.56,15.13,15.39,46631,73611840.0,0.12,0.7858546168958742
2016-02-15,15:00,sz300158,振东制药,15.0,15.8,14.88,15.7,29416,45554752.0,0.31,2.014294996751137
2016-02-16,15:00,sz300158,振东制药,15.61,16.08,15.61,16.05,40174,63802800.0,0.35,2.229299363057325
2016-02-17,15:00,sz300158,振东制药,15.99,16.01,15.58,15.91,34678,54961292.0,-0.14,-0.8722741433021807
2016-02-18,15:00,sz300158,振东制药,15.98,16.05,15.74,15.9,28193,44849560.0,-0.01,-0.0628535512256442
2016-02-29,15:00,sz300158,振东制药,15.43,15.46,14.31,14.31,34041,49140372.0,-1.59,-10.0
2016-03-01,15:00,sz300158,振东制药,14.1,14.2,13.35,13.98,38850,53671500.0,-0.33,-2.3060796645702304
2016-03-02,15:00,sz300158,振东制药,14.03,14.65,13.86,14.64,30241,43218568.0,0.66,4.721030042918455
2016-03-03,15:00,sz300158,振东制药,14.58,14.93,14.5,14.56,21977,32244428.0,-0.08,-0.546448087431694
2016-03-04,15:00,sz300158,振东制药,14.45,14.65,13.72,13.9,22493,31833132.0,-0.66,-4.532967032967033
2016-03-07,15:00,sz300158,振东制药,14.0,14.46,14.0,14.29,17375,24836948.0,0.39,2.805755395683453
2016-03-08,15:00,sz300158,振东制药,14.15,14.6,13.77,14.47,22575,31939948.0,0.18,1.2596221133659902
2016-03-09,15:00,sz300158,振东制药,14.24,14.61,14.05,14.42,24484,35217724.0,-0.05,-0.3455425017277125
2016-03-10,15:00,sz300158,振东制药,14.42,14.7,14.07,14.08,16972,24418908.0,-0.34,-2.3578363384188625
2016-03-11,15:00,sz300158,振东制药,14.08,14.28,13.88,14.24,12556,17685440.0,0.16,1.1363636363636365
2016-03-14,15:00,sz300158,振东制药,14.46,14.97,14.46,14.71,27697,40891736.0,0.47,3.300561797752809
2016-03-15,15:00,sz300158,振东制药,14.77,14.86,14.62,14.71,13157,19386740.0,0.0,0.0
2016-03-16,15:00,sz300158,振东制药,14.94,15.19,14.35,14.45,19958,29243650.0,-0.26,-1.7675050985723997
2016-03-17,15:00,sz300158,振东制药,14.46,15.07,14.41,14.98,34170,50684816.0,0.53,3.667820069204152
2016-03-18,15:00,sz300158,振东制药,15.1,15.63,14.9,15.5,35330,54344588.0,0.52,3.4712950600801067
2016-03-21,15:00,sz300158,振东制药,15.63,15.9,15.58,15.81,32977,51814532.0,0.31,2.0
2016-03-22,15:00,sz300158,振东制药,15.7,16.02,15.6,15.8,20948,33159184.0,-0.01,-0.0632511068943706
2016-03-23,15:00,sz300158,振东制药,15.84,16.12,15.7,15.94,19652,31291438.0,0.14,0.8860759493670887
2016-03-24,15:00,sz300158,振东制药,15.96,15.96,15.54,15.54,25018,39429428.0,-0.4,-2.5094102885821834
2016-03-25,15:00,sz300158,振东制药,15.52,15.75,15.42,15.7,21950,34220800.0,0.16,1.0296010296010296
2016-03-28,15:00,sz300158,振东制药,15.8,16.23,15.56,15.71,32450,51795848.0,0.01,0.0636942675159235
2016-03-29,15:00,sz300158,振东制药,15.65,15.99,15.53,15.8,22653,35753780.0,0.09,0.5728835136855506
2016-03-30,15:00,sz300158,振东制药,15.96,16.25,15.79,16.2,26850,43016568.0,0.4,2.5316455696202533
2016-03-31,15:00,sz300158,振东制药,16.23,16.28,16.0,16.01,22048,35606564.0,-0.19,-1.1728395061728396
2016-04-01,15:00,sz300158,振东制药,16.02,16.3,15.86,16.29,32364,52113792.0,0.28,1.7489069331667706
2016-04-05,15:00,sz300158,振东制药,16.27,16.77,16.13,16.68,35768,59216584.0,0.39,2.394106813996317
2016-04-06,15:00,sz300158,振东制药,16.58,16.95,16.42,16.66,32436,54201152.0,-0.02,-0.1199040767386091
2016-04-07,15:00,sz300158,振东制药,16.71,16.95,16.31,16.59,33028,54779296.0,-0.07,-0.4201680672268907
2016-04-08,15:00,sz300158,振东制药,16.37,16.58,16.1,16.44,27405,44673244.0,-0.15,-0.9041591320072332
2016-04-11,15:00,sz300158,振东制药,16.47,16.8,16.21,16.73,49024,81719680.0,0.29,1.7639902676399026
2016-04-12,15:00,sz300158,振东制药,16.9,16.9,16.47,16.64,30971,51610200.0,-0.09,-0.5379557680812911
2016-04-13,15:00,sz300158,振东制药,16.66,16.91,16.64,16.66,34484,57972340.0,0.02,0.1201923076923077
2016-04-14,15:00,sz300158,振东制药,16.81,16.99,16.69,16.92,30236,51045688.0,0.26,1.56062424969988
2016-04-15,15:00,sz300158,振东制药,16.82,17.47,16.82,17.27,42485,72674824.0,0.35,2.068557919621749
2016-04-18,15:00,sz300158,振东制药,17.18,17.27,16.91,16.99,26364,44948600.0,-0.28,-1.6213086276780544
2016-04-19,15:00,sz300158,振东制药,16.99,17.23,16.66,16.95,29384,49902972.0,-0.04,-0.2354326074161271
2016-04-20,15:00,sz300158,振东制药,16.83,16.98,15.71,15.98,41180,67465112.0,-0.97,-5.722713864306785
2016-04-21,15:00,sz300158,振东制药,15.91,16.19,15.72,15.83,17519,28067756.0,-0.15,-0.9386733416770964
2016-04-22,15:00,sz300158,振东制药,15.83,16.09,15.79,15.99,17016,27123710.0,0.16,1.010739102969046
2016-04-25,15:00,sz300158,振东制药,16.29,16.3,15.7,16.04,18357,29278314.0,0.05,0.3126954346466541
2016-04-26,15:00,sz300158,振东制药,15.92,16.09,15.81,16.06,16268,25989088.0,0.02,0.1246882793017456
2016-04-27,15:00,sz300158,振东制药,16.09,16.15,15.93,16.03,20676,33119160.0,-0.03,-0.186799501867995
2016-04-28,15:00,sz300158,振东制药,16.08,16.08,15.73,16.08,15236,24288862.0,0.05,0.3119151590767312
2016-04-29,15:00,sz300158,振东制药,16.03,16.29,15.96,16.17,13817,22311596.0,0.09,0.5597014925373134
2016-05-03,15:00,sz300158,振东制药,16.15,16.58,16.06,16.5,22593,37117744.0,0.33,2.0408163265306123
2016-05-04,15:00,sz300158,振东制药,16.39,16.61,16.31,16.5,23104,38081884.0,0.0,0.0
2016-05-05,15:00,sz300158,振东制药,16.49,16.71,16.33,16.63,19205,31857788.0,0.13,0.787878787878788
2016-05-06,15:00,sz300158,振东制药,16.68,16.77,15.81,15.98,32409,52889840.0,-0.65,-3.9085989176187614
2016-05-09,15:00,sz300158,振东制药,15.77,15.95,15.3,15.59,21794,34048792.0,-0.39,-2.4405506883604504
2016-05-10,15:00,sz300158,振东制药,15.59,15.73,15.37,15.44,10148,15740114.0,-0.15,-0.9621552277100706
2016-05-11,15:00,sz300158,振东制药,15.6,15.75,15.3,15.45,17343,27024832.0,0.01,0.0647668393782383
2016-05-12,15:00,sz300158,振东制药,15.35,15.55,15.06,15.42,19594,30067380.0,-0.03,-0.1941747572815534
2016-05-13,15:00,sz300158,振东制药,15.42,15.58,15.31,15.42,11199,17271290.0,0.0,0.0
2016-05-16,15:00,sz300158,振东制药,15.38,15.61,15.27,15.52,16196,25051344.0,0.1,0.648508430609598
2016-05-17,15:00,sz300158,振东制药,15.51,15.66,15.33,15.51,15189,23549670.0,-0.01,-0.0644329896907216
2016-05-18,15:00,sz300158,振东制药,15.51,15.85,15.15,15.68,32735,50768692.0,0.17,1.096067053513862
2016-05-19,15:00,sz300158,振东制药,15.58,15.94,15.51,15.78,23918,37721496.0,0.1,0.6377551020408163
2016-05-20,15:00,sz300158,振东制药,15.85,16.22,15.62,16.19,33678,54120512.0,0.41,2.5982256020278838
2016-05-23,15:00,sz300158,振东制药,16.3,16.35,16.01,16.15,39147,63316028.0,-0.04,-0.2470660901791229
2016-05-24,15:00,sz300158,振东制药,16.0,16.18,15.79,16.14,21566,34426168.0,-0.01,-0.0619195046439628
2016-05-25,15:00,sz300158,振东制药,16.38,16.43,16.01,16.14,28217,45801352.0,0.0,0.0
2016-05-26,15:00,sz300158,振东制药,16.06,16.16,15.72,16.14,17272,27563650.0,0.0,0.0
2016-05-27,15:00,sz300158,振东制药,16.15,16.57,16.01,16.36,32208,52428216.0,0.22,1.3630731102850062
2016-05-30,15:00,sz300158,振东制药,16.45,16.66,16.23,16.38,24230,39629832.0,0.02,0.1222493887530562
2016-05-31,15:00,sz300158,振东制药,16.48,16.89,16.39,16.83,50812,84834184.0,0.45,2.7472527472527477
2016-06-01,15:00,sz300158,振东制药,16.84,17.09,16.63,16.68,40286,67805776.0,-0.15,-0.8912655971479502
2016-06-02,15:00,sz300158,振东制药,16.69,16.97,16.65,16.77,29529,49571008.0,0.09,0.539568345323741
2016-06-03,15:00,sz300158,振东制药,16.75,16.94,16.65,16.89,46540,78210448.0,0.12,0.7155635062611807
2016-06-06,15:00,sz300158,振东制药,16.28,16.4,16.07,16.21,32976,53553876.0,-0.68,-4.026050917702783
2016-06-07,15:00,sz300158,振东制药,16.24,16.29,16.01,16.2,26989,43637452.0,-0.01,-0.0616903146206045
2016-06-08,15:00,sz300158,振东制药,16.23,16.28,16.06,16.12,24287,39188012.0,-0.08,-0.4938271604938271
2016-06-13,15:00,sz300158,振东制药,15.98,15.98,15.07,15.07,24118,37761688.0,-1.05,-6.513647642679901
2016-06-14,15:00,sz300158,振东制药,15.14,15.24,14.95,15.07,23183,35032356.0,0.0,0.0
2016-06-15,15:00,sz300158,振东制药,15.07,16.05,15.07,16.03,60692,95634464.0,0.96,6.370272063702721
2016-06-16,15:00,sz300158,振东制药,15.8,15.83,15.62,15.63,32187,50480160.0,-0.4,-2.4953212726138494
2016-06-17,15:00,sz300158,振东制药,15.71,15.89,15.63,15.66,23192,36545096.0,0.03,0.1919385796545105
2016-06-20,15:00,sz300158,振东制药,15.69,15.7,15.35,15.65,17088,26573830.0,-0.01,-0.0638569604086845
2016-06-21,15:00,sz300158,振东制药,15.71,15.82,15.1,15.32,19720,30743088.0,-0.33,-2.1086261980830674
2016-06-22,15:00,sz300158,振东制药,15.31,15.75,15.25,15.68,18549,28872126.0,0.36,2.349869451697128
2016-06-23,15:00,sz300158,振东制药,15.83,15.96,15.55,15.75,21050,33203420.0,0.07,0.4464285714285714
2016-06-24,15:00,sz300158,振东制药,15.69,15.82,15.01,15.4,24671,38225532.0,-0.35,-2.2222222222222223
2016-06-27,15:00,sz300158,振东制药,15.29,15.8,15.29,15.77,19817,31115470.0,0.37,2.4025974025974026
2016-06-28,15:00,sz300158,振东制药,15.72,16.19,15.71,16.1,33058,52852744.0,0.33,2.092580849714648
2016-06-29,15:00,sz300158,振东制药,16.16,16.34,16.02,16.13,27972,45210016.0,0.03,0.186335403726708
2016-06-30,15:00,sz300158,振东制药,16.13,16.2,15.85,16.15,27988,44842536.0,0.02,0.1239925604463732
2016-07-01,15:00,sz300158,振东制药,16.18,16.84,16.09,16.42,58139,96418952.0,0.27,1.671826625386997
2016-07-04,15:00,sz300158,振东制药,16.3,17.15,16.3,16.71,54580,91691152.0,0.29,1.7661388550548112
2016-07-05,15:00,sz300158,振东制药,16.64,16.95,16.62,16.8,34998,58590280.0,0.09,0.5385996409335727
2016-07-06,15:00,sz300158,振东制药,16.72,16.98,16.62,16.89,26586,44754512.0,0.09,0.5357142857142857
2016-07-07,15:00,sz300158,振东制药,16.84,17.45,16.84,17.11,72577,125045432.0,0.22,1.3025458851391356
2016-07-08,15:00,sz300158,振东制药,17.17,17.19,16.88,16.94,29734,50514716.0,-0.17,-0.9935710111046172
2016-07-11,15:00,sz300158,振东制药,16.95,17.06,16.84,16.85,29449,49905616.0,-0.09,-0.5312868949232585
2016-07-12,15:00,sz300158,振东制药,16.88,17.25,16.73,17.23,35187,59949068.0,0.38,2.255192878338278
2016-07-13,15:00,sz300158,振东制药,17.39,17.78,17.14,17.7,55966,98082200.0,0.47,2.727800348229832
2016-07-14,15:00,sz300158,振东制药,17.56,17.86,17.43,17.8,47904,84494432.0,0.1,0.5649717514124294
2016-07-15,15:00,sz300158,振东制药,18.03,18.54,17.87,18.12,77792,141923504.0,0.32,1.7977528089887642
2016-07-18,15:00,sz300158,振东制药,18.47,18.47,17.48,17.72,48282,86104304.0,-0.4,-2.207505518763797
2016-07-19,15:00,sz300158,振东制药,17.73,18.2,17.4,18.18,41872,74173024.0,0.46,2.595936794582393
2016-07-20,15:00,sz300158,振东制药,18.02,18.45,17.84,18.18,51085,92485400.0,0.0,0.0
2016-07-21,15:00,sz300158,振东制药,18.45,18.68,17.6,17.88,66901,120652136.0,-0.3,-1.65016501650165
2016-07-22,15:00,sz300158,振东制药,17.75,18.0,17.47,17.88,39795,70584384.0,0.0,0.0
2016-07-25,15:00,sz300158,振东制药,17.74,18.05,17.64,18.0,24519,43837416.0,0.12,0.6711409395973155
2016-07-26,15:00,sz300158,振东制药,17.97,18.48,17.87,18.36,66517,121322496.0,0.36,2.0
2016-07-27,15:00,sz300158,振东制药,18.66,18.66,17.32,17.58,69200,123327112.0,-0.78,-4.248366013071895
2016-07-28,15:00,sz300158,振东制药,17.57,17.78,17.41,17.68,40059,70727168.0,0.1,0.5688282138794084
2016-07-29,15:00,sz300158,振东制药,17.59,17.88,17.17,17.75,59510,104842296.0,0.07,0.3959276018099547
2016-08-01,15:00,sz300158,振东制药,17.6,17.73,16.69,17.36,40320,69678784.0,-0.39,-2.197183098591549
2016-08-02,15:00,sz300158,振东制药,17.19,17.55,17.13,17.52,28093,48916256.0,0.16,0.9216589861751152
2016-08-03,15:00,sz300158,振东制药,17.7,17.89,17.36,17.77,30238,53304864.0,0.25,1.4269406392694064
2016-08-04,15:00,sz300158,振东制药,17.77,17.98,17.65,17.95,31799,56664092.0,0.18,1.0129431626336522
2016-08-05,15:00,sz300158,振东制药,17.99,17.99,17.49,17.75,26498,46967492.0,-0.2,-1.1142061281337048
2016-08-08,15:00,sz300158,振东制药,17.7,18.18,17.53,18.08,33804,60501804.0,0.33,1.8591549295774648
2016-08-09,15:00,sz300158,振东制药,18.24,18.4,17.96,18.37,64517,117629384.0,0.29,1.603982300884956
2016-08-10,15:00,sz300158,振东制药,18.28,18.36,18.12,18.12,16394,29846468.0,-0.25,-1.360914534567229
2016-08-11,15:00,sz300158,振东制药,18.12,18.45,17.92,18.3,32970,60211416.0,0.18,0.9933774834437088
2016-08-12,15:00,sz300158,振东制药,18.23,18.4,17.83,18.03,28479,51405836.0,-0.27,-1.475409836065574
2016-08-15,15:00,sz300158,振东制药,18.01,18.56,18.01,18.48,59578,109255712.0,0.45,2.4958402662229617
2016-08-16,15:00,sz300158,振东制药,18.67,18.88,18.35,18.77,51370,95827512.0,0.29,1.5692640692640691
2016-08-17,15:00,sz300158,振东制药,18.88,19.19,18.26,18.47,62003,115186104.0,-0.3,-1.5982951518380393
2016-08-18,15:00,sz300158,振东制药,18.4,18.58,18.04,18.18,39956,72898464.0,-0.29,-1.570113697888468
2016-08-19,15:00,sz300158,振东制药,18.18,18.47,18.08,18.16,31974,58481224.0,-0.02,-0.11001100110011
2016-08-22,15:00,sz300158,振东制药,18.2,18.3,18.04,18.18,15068,27375958.0,0.02,0.1101321585903083
2016-08-23,15:00,sz300158,振东制药,18.11,18.31,17.75,17.88,22913,41434872.0,-0.3,-1.65016501650165
2016-08-24,15:00,sz300158,振东制药,17.88,18.24,17.81,18.16,18285,33135604.0,0.28,1.5659955257270697
2016-08-25,15:00,sz300158,振东制药,18.16,18.17,17.76,18.08,16068,28893842.0,-0.08,-0.4405286343612335
2016-08-26,15:00,sz300158,振东制药,18.01,18.39,17.93,18.32,32070,58516024.0,0.24,1.327433628318584
2016-08-29,15:00,sz300158,振东制药,18.26,18.88,18.12,18.8,58516,108677520.0,0.48,2.6200873362445414
2016-08-30,15:00,sz300158,振东制药,18.91,18.95,18.44,18.76,62467,116947200.0,-0.04,-0.2127659574468085
2016-08-31,15:00,sz300158,振东制药,18.66,18.78,18.28,18.46,32341,59708860.0,-0.3,-1.5991471215351811
2016-09-01,15:00,sz300158,振东制药,18.45,18.56,18.28,18.28,17681,32535564.0,-0.18,-0.9750812567713976
2016-09-02,15:00,sz300158,振东制药,18.39,18.39,18.12,18.2,16794,30600896.0,-0.08,-0.437636761487965
2016-09-05,15:00,sz300158,振东制药,18.36,18.45,18.21,18.45,13401,24626226.0,0.25,1.3736263736263736
2016-09-06,15:00,sz300158,振东制药,18.44,18.6,18.21,18.55,21765,40186136.0,0.1,0.5420054200542005
2016-09-07,15:00,sz300158,振东制药,18.52,18.61,18.3,18.39,14955,27652232.0,-0.16,-0.862533692722372
2016-09-08,15:00,sz300158,振东制药,18.31,18.46,18.23,18.39,13494,24749284.0,0.0,0.0
2016-09-09,15:00,sz300158,振东制药,18.39,18.51,18.26,18.39,21705,39969244.0,0.0,0.0
2016-09-12,15:00,sz300158,振东制药,18.0,18.68,17.93,18.54,47415,87311720.0,0.15,0.8156606851549755
2016-09-13,15:00,sz300158,振东制药,18.57,19.06,18.45,18.9,44260,83477136.0,0.36,1.9417475728155336
2016-09-14,15:00,sz300158,振东制药,18.79,19.08,18.69,18.84,28112,53157084.0,-0.06,-0.3174603174603174
2016-09-19,15:00,sz300158,振东制药,18.9,19.13,18.81,19.03,29244,55486820.0,0.19,1.0084925690021231
2016-09-20,15:00,sz300158,振东制药,19.05,19.08,18.56,18.7,22066,41444540.0,-0.33,-1.7341040462427744
2016-09-21,15:00,sz300158,振东制药,18.7,18.76,18.53,18.63,11601,21677940.0,-0.07,-0.374331550802139
2016-09-22,15:00,sz300158,振东制药,18.7,18.9,18.65,18.85,13787,25918904.0,0.22,1.1808910359635
2016-09-23,15:00,sz300158,振东制药,18.87,19.45,18.87,19.18,49183,94494976.0,0.33,1.750663129973475
2016-09-26,15:00,sz300158,振东制药,19.02,19.21,18.6,18.63,27927,52973772.0,-0.55,-2.867570385818561
2016-09-27,15:00,sz300158,振东制药,18.53,18.68,17.72,18.23,48734,88353136.0,-0.4,-2.147074610842727
2016-09-28,15:00,sz300158,振东制药,18.2,18.28,17.88,18.09,21310,38509408.0,-0.14,-0.7679648930334613
2016-09-29,15:00,sz300158,振东制药,18.1,18.23,17.89,18.17,19910,36027780.0,0.08,0.4422332780541735
2016-09-30,15:00,sz300158,振东制药,18.34,18.34,17.94,18.1,14180,25711436.0,-0.07,-0.3852504127682994
2016-10-10,15:00,sz300158,振东制药,18.2,18.88,18.02,18.7,38486,71520888.0,0.6,3.314917127071823
2016-10-11,15:00,sz300158,振东制药,18.66,18.79,18.55,18.72,28062,52398504.0,0.02,0.106951871657754
2016-10-12,15:00,sz300158,振东制药,18.62,18.8,18.54,18.8,30743,57489028.0,0.08,0.4273504273504274
2016-10-13,15:00,sz300158,振东制药,18.8,18.85,18.67,18.77,20592,38626108.0,-0.03,-0.1595744680851063
2016-10-14,15:00,sz300158,振东制药,18.72,18.96,18.68,18.85,32971,62136936.0,0.08,0.4262120404901438
2016-10-17,15:00,sz300158,振东制药,18.74,19.08,18.58,18.83,35920,67760656.0,-0.02,-0.1061007957559681
2016-10-18,15:00,sz300158,振东制药,18.8,18.98,18.66,18.93,28317,53360048.0,0.1,0.5310674455655868
2016-10-19,15:00,sz300158,振东制药,18.92,19.06,18.76,19.02,36264,68679776.0,0.09,0.4754358161648178
2016-10-20,15:00,sz300158,振东制药,19.02,19.3,18.92,19.2,38743,74151488.0,0.18,0.946372239747634
2016-10-21,15:00,sz300158,振东制药,19.11,19.55,18.83,19.24,61021,117520728.0,0.04,0.2083333333333333
2016-10-24,15:00,sz300158,振东制药,19.52,19.52,18.88,19.0,46585,89126456.0,-0.24,-1.2474012474012477
2016-10-25,15:00,sz300158,振东制药,19.15,19.15,18.52,18.72,36209,68004672.0,-0.28,-1.4736842105263157
2016-10-26,15:00,sz300158,振东制药,18.78,18.85,18.52,18.8,17969,33679656.0,0.08,0.4273504273504274
2016-10-27,15:00,sz300158,振东制药,18.8,19.05,18.58,19.01,33352,62761292.0,0.21,1.1170212765957448
2016-10-28,15:00,sz300158,振东制药,19.0,19.2,18.71,19.05,42441,80515256.0,0.04,0.2104155707522356
2016-10-31,15:00,sz300158,振东制药,19.01,19.13,18.85,19.04,17768,33774064.0,-0.01,-0.0524934383202099
2016-11-01,15:00,sz300158,振东制药,19.04,19.67,19.04,19.64,65536,127522048.0,0.6,3.1512605042016806
2016-11-02,15:00,sz300158,振东制药,19.51,19.68,19.41,19.48,28782,56159212.0,-0.16,-0.8146639511201629
2016-11-03,15:00,sz300158,振东制药,19.44,20.2,19.44,20.0,62166,124020152.0,0.52,2.6694045174537986
2016-11-04,15:00,sz300158,振东制药,20.1,20.37,19.98,20.3,64248,129784976.0,0.3,1.5
2016-11-07,15:00,sz300158,振东制药,20.7,20.7,20.0,20.05,40712,82737016.0,-0.25,-1.2315270935960592
2016-11-08,15:00,sz300158,振东制药,20.24,20.95,20.05,20.93,60047,123523616.0,0.88,4.389027431421447
2016-11-09,15:00,sz300158,振东制药,20.94,21.25,20.41,20.85,63875,133248456.0,-0.08,-0.3822264691829909
2016-11-10,15:00,sz300158,振东制药,21.08,21.11,20.69,20.98,45050,93933864.0,0.13,0.6235011990407674
2016-11-11,15:00,sz300158,振东制药,20.96,21.67,20.88,21.6,49909,106855840.0,0.62,2.9551954242135365
2016-11-14,15:00,sz300158,振东制药,21.66,22.13,21.33,21.6,48554,105201224.0,0.0,0.0
2016-11-15,15:00,sz300158,振东制药,21.72,21.96,21.21,21.84,45523,98579968.0,0.24,1.1111111111111112
2016-11-16,15:00,sz300158,振东制药,21.8,22.27,21.41,22.08,60921,133102152.0,0.24,1.098901098901099
2016-11-17,15:00,sz300158,振东制药,21.94,22.4,21.72,21.72,57321,126293856.0,-0.36,-1.6304347826086956
2016-11-18,15:00,sz300158,振东制药,22.0,22.53,21.53,22.3,76078,168019760.0,0.58,2.6703499079189688
2016-11-21,15:00,sz300158,振东制药,22.05,22.62,21.91,22.58,55727,124376984.0,0.28,1.2556053811659191
2016-11-22,15:00,sz300158,振东制药,22.58,22.8,22.26,22.51,41420,93314760.0,-0.07,-0.3100088573959256
2016-11-23,15:00,sz300158,振东制药,22.48,22.58,21.95,22.47,53798,119566672.0,-0.04,-0.1776988005330964
2016-11-24,15:00,sz300158,振东制药,22.3,22.68,21.81,22.18,51298,114033032.0,-0.29,-1.290609701824655
2016-11-25,15:00,sz300158,振东制药,22.03,22.29,21.7,21.95,28742,63118084.0,-0.23,-1.0369702434625787
2016-11-28,15:00,sz300158,振东制药,22.0,22.24,21.55,21.55,25985,56731712.0,-0.4,-1.8223234624145783
2016-11-29,15:00,sz300158,振东制药,21.55,22.2,21.55,22.0,38751,84881544.0,0.45,2.088167053364269
2016-11-30,15:00,sz300158,振东制药,22.0,22.17,21.73,21.96,28157,61824476.0,-0.04,-0.1818181818181818
2016-12-01,15:00,sz300158,振东制药,21.95,22.08,21.43,22.04,38997,84880928.0,0.08,0.3642987249544626
2016-12-02,15:00,sz300158,振东制药,21.98,22.04,21.11,21.5,31085,67178136.0,-0.54,-2.450090744101633
2016-12-05,15:00,sz300158,振东制药,21.34,21.59,20.71,20.73,26243,55335208.0,-0.77,-3.581395348837209
2016-12-06,15:00,sz300158,振东制药,20.76,20.94,20.41,20.72,24985,51755064.0,-0.01,-0.0482392667631452
2016-12-07,15:00,sz300158,振东制药,20.8,21.03,20.65,20.95,18870,39443448.0,0.23,1.1100386100386102
2016-12-08,15:00,sz300158,振东制药,20.86,21.03,20.47,20.47,21757,45041764.0,-0.48,-2.2911694510739857
2016-12-09,15:00,sz300158,振东制药,20.49,20.7,20.3,20.66,22699,46554856.0,0.19,0.9281875915974596
2016-12-12,15:00,sz300158,振东制药,20.66,20.79,19.3,19.55,47094,94111384.0,-1.11,-5.372700871248791
2016-12-13,15:00,sz300158,振东制药,19.5,19.91,19.13,19.66,47191,92133392.0,0.11,0.5626598465473146
2016-12-14,15:00,sz300158,振东制药,19.88,20.07,19.25,19.88,39719,78310032.0,0.22,1.119023397761953
2016-12-15,15:00,sz300158,振东制药,19.71,20.33,19.62,19.88,39494,78481064.0,0.0,0.0
2016-12-16,15:00,sz300158,振东制药,19.81,20.18,19.68,20.0,32438,64596776.0,0.12,0.6036217303822937
2016-12-19,15:00,sz300158,振东制药,20.0,20.13,19.2,19.41,42692,83599968.0,-0.59,-2.95
2016-12-20,15:00,sz300158,振东制药,19.45,19.63,19.32,19.54,12273,23904958.0,0.13,0.6697578567748583
2016-12-21,15:00,sz300158,振东制药,19.59,19.83,19.55,19.8,13692,26982588.0,0.26,1.3306038894575232
2016-12-22,15:00,sz300158,振东制药,19.83,19.92,19.63,19.8,11948,23653804.0,0.0,0.0
2016-12-23,15:00,sz300158,振东制药,19.83,19.93,19.35,19.44,19117,37600904.0,-0.36,-1.818181818181818
2016-12-26,15:00,sz300158,振东制药,19.44,19.8,19.33,19.74,14850,29042902.0,0.3,1.5432098765432098
2016-12-27,15:00,sz300158,振东制药,19.74,19.93,19.66,19.82,15343,30409642.0,0.08,0.4052684903748734
2016-12-28,15:00,sz300158,振东制药,19.83,19.92,19.66,19.75,13718,27130490.0,-0.07,-0.3531786074672048
2016-12-29,15:00,sz300158,振东制药,19.72,19.87,19.62,19.75,10605,20979796.0,0.0,0.0
2016-12-30,15:00,sz300158,振东制药,19.83,19.87,19.35,19.58,21430,41949044.0,-0.17,-0.8607594936708861
2017-01-03,15:00,sz300158,振东制药,19.56,20.27,19.56,20.26,33128,66286404.0,0.68,3.472931562819203
2017-01-04,15:00,sz300158,振东制药,20.25,21.33,20.13,21.33,48005,100096528.0,1.07,5.281342546890425
2017-01-05,15:00,sz300158,振东制药,21.29,21.29,20.8,21.08,33950,71441464.0,-0.25,-1.1720581340834506
2017-01-06,15:00,sz300158,振东制药,20.81,21.41,20.81,21.39,33898,71827960.0,0.31,1.4705882352941175
2017-01-09,15:00,sz300158,振东制药,21.23,21.48,21.07,21.37,19806,42102736.0,-0.02,-0.0935016362786348
2017-01-10,15:00,sz300158,振东制药,21.3,21.45,21.03,21.27,15026,31873874.0,-0.1,-0.4679457182966776
2017-01-11,15:00,sz300158,振东制药,21.15,21.45,20.8,20.8,21015,44263408.0,-0.47,-2.209685002350729
2017-01-12,15:00,sz300158,振东制药,20.81,21.25,20.8,20.96,22017,46376832.0,0.16,0.7692307692307693
2017-01-13,15:00,sz300158,振东制药,20.88,21.28,20.64,20.98,23964,50336640.0,0.02,0.0954198473282442
2017-01-16,15:00,sz300158,振东制药,20.79,20.9,19.66,20.32,33646,68754464.0,-0.66,-3.145853193517636
2017-01-17,15:00,sz300158,振东制药,20.2,20.58,20.02,20.34,17879,36265896.0,0.02,0.0984251968503936
2017-01-18,15:00,sz300158,振东制药,20.33,20.66,20.2,20.56,16971,34615000.0,0.22,1.0816125860373649
2017-01-19,15:00,sz300158,振东制药,20.77,21.66,20.56,20.82,27825,58449608.0,0.26,1.264591439688716
2017-01-20,15:00,sz300158,振东制药,20.66,21.04,20.42,20.98,18498,38550888.0,0.16,0.7684918347742555
2017-01-23,15:00,sz300158,振东制药,21.05,21.09,20.78,20.99,15214,31881054.0,0.01,0.0476644423260247
2017-01-24,15:00,sz300158,振东制药,20.98,21.07,20.62,20.75,13873,28881042.0,-0.24,-1.1434016198189614
2017-01-25,15:00,sz300158,振东制药,20.69,20.93,20.61,20.91,9785,20364426.0,0.16,0.7710843373493975
2017-01-26,15:00,sz300158,振东制药,20.81,21.02,20.6,20.96,20341,42341880.0,0.05,0.2391200382592061
2017-02-03,15:00,sz300158,振东制药,20.96,20.97,20.57,20.57,16063,33362770.0,-0.39,-1.8606870229007637
2017-02-06,15:00,sz300158,振东制药,20.6,20.67,20.22,20.43,17915,36596228.0,-0.14,-0.6806028196402528
2017-02-07,15:00,sz300158,振东制药,20.58,20.61,20.16,20.34,15499,31477860.0,-0.09,-0.4405286343612335
2017-02-08,15:00,sz300158,振东制药,20.25,20.29,19.93,20.13,16913,34006172.0,-0.21,-1.0324483775811208
2017-02-09,15:00,sz300158,振东制药,20.17,20.4,20.11,20.33,20955,42380004.0,0.2,0.9935419771485344
2017-02-10,15:00,sz300158,振东制药,20.31,20.33,20.08,20.15,16242,32731982.0,-0.18,-0.8853910477127398
2017-02-13,15:00,sz300158,振东制药,20.11,20.46,20.01,20.44,19395,39433676.0,0.29,1.4392059553349876
2017-02-14,15:00,sz300158,振东制药,20.36,20.5,20.24,20.39,11994,24431944.0,-0.05,-0.2446183953033268
2017-02-15,15:00,sz300158,振东制药,20.3,20.43,20.04,20.06,12348,25037994.0,-0.33,-1.6184404119666502
2017-02-16,15:00,sz300158,振东制药,20.05,20.14,19.84,19.93,13991,27962388.0,-0.13,-0.6480558325024925
2017-02-17,15:00,sz300158,振东制药,19.96,20.11,19.71,20.04,13128,26150242.0,0.11,0.5519317611640743
2017-02-20,15:00,sz300158,振东制药,20.04,20.39,19.94,20.29,15793,31811442.0,0.25,1.2475049900199602
2017-02-21,15:00,sz300158,振东制药,20.26,20.47,20.16,20.43,13721,27944830.0,0.14,0.6899950714637753
2017-02-22,15:00,sz300158,振东制药,20.43,20.46,20.26,20.43,8681,17674702.0,0.0,0.0
2017-02-23,15:00,sz300158,振东制药,20.43,20.69,20.2,20.59,24602,50371864.0,0.16,0.7831620166421929
2017-02-24,15:00,sz300158,振东制药,20.59,20.78,20.43,20.63,14279,29400748.0,0.04,0.1942690626517726
2017-02-27,15:00,sz300158,振东制药,20.88,20.88,20.53,20.71,23910,49632364.0,0.08,0.3877847794474067
2017-02-28,15:00,sz300158,振东制药,20.63,20.82,20.58,20.69,12573,26050972.0,-0.02,-0.0965717044905842
2017-03-01,15:00,sz300158,振东制药,20.67,20.8,20.6,20.69,21023,43577936.0,0.0,0.0
2017-03-02,15:00,sz300158,振东制药,20.7,20.78,20.02,20.11,19454,39712336.0,-0.58,-2.803286611889802
2017-03-03,15:00,sz300158,振东制药,20.11,20.59,20.07,20.51,15788,32159082.0,0.4,1.9890601690701144
2017-03-06,15:00,sz300158,振东制药,20.49,20.55,20.17,20.3,24794,50431008.0,-0.21,-1.023890784982935
2017-03-07,15:00,sz300158,振东制药,20.3,20.91,20.3,20.88,33153,68680912.0,0.58,2.857142857142857
2017-03-08,15:00,sz300158,振东制药,20.91,20.98,20.62,20.8,22810,47415872.0,-0.08,-0.3831417624521072
2017-03-09,15:00,sz300158,振东制药,20.77,20.78,20.42,20.51,12961,26647516.0,-0.29,-1.3942307692307694
2017-03-10,15:00,sz300158,振东制药,20.51,20.64,20.45,20.5,7582,15576702.0,-0.01,-0.0487567040468064
2017-03-13,15:00,sz300158,振东制药,20.5,20.66,20.26,20.63,11762,24130362.0,0.13,0.6341463414634146
2017-03-14,15:00,sz300158,振东制药,20.63,20.67,20.36,20.44,16594,33950340.0,-0.19,-0.9209888511875908
2017-03-15,15:00,sz300158,振东制药,20.36,20.57,20.32,20.48,10227,20919800.0,0.04,0.1956947162426614
2017-03-16,15:00,sz300158,振东制药,20.5,20.77,20.5,20.66,19354,39931120.0,0.18,0.87890625
2017-03-17,15:00,sz300158,振东制药,20.66,20.73,20.47,20.54,12862,26535560.0,-0.12,-0.5808325266214909
2017-03-20,15:00,sz300158,振东制药,20.54,20.88,20.4,20.86,19506,40432100.0,0.32,1.557935735150925
2017-03-21,15:00,sz300158,振东制药,20.72,21.01,20.69,20.93,24874,51980760.0,0.07,0.3355704697986577
2017-03-22,15:00,sz300158,振东制药,20.82,21.07,20.52,20.62,21329,44274400.0,-0.31,-1.48112756808409
2017-03-23,15:00,sz300158,振东制药,20.58,20.75,20.32,20.66,20055,41256544.0,0.04,0.1939864209505334
2017-03-24,15:00,sz300158,振东制药,20.66,20.91,20.53,20.82,17174,35568672.0,0.16,0.7744433688286544
2017-03-27,15:00,sz300158,振东制药,20.78,20.96,20.56,20.68,19831,41092608.0,-0.14,-0.6724303554274735
2017-03-28,15:00,sz300158,振东制药,20.62,20.79,20.56,20.7,9222,19057194.0,0.02,0.0967117988394584
2017-03-29,15:00,sz300158,振东制药,20.7,20.74,20.2,20.35,14954,30539836.0,-0.35,-1.6908212560386473
2017-03-30,15:00,sz300158,振东制药,20.28,20.38,19.5,19.65,24667,48768484.0,-0.7,-3.43980343980344
2017-03-31,15:00,sz300158,振东制药,19.65,19.95,19.61,19.9,12329,24371472.0,0.25,1.2722646310432568
2017-04-05,15:00,sz300158,振东制药,19.89,20.42,19.3,20.4,17719,35721208.0,0.5,2.512562814070352
2017-04-06,15:00,sz300158,振东制药,20.3,20.58,20.21,20.53,15223,31121818.0,0.13,0.6372549019607843
2017-04-07,15:00,sz300158,振东制药,20.61,20.76,20.49,20.6,17593,36276740.0,0.07,0.3409644422795908
2017-04-10,15:00,sz300158,振东制药,20.55,20.85,20.5,20.73,16268,33703000.0,0.13,0.6310679611650485
2017-04-11,15:00,sz300158,振东制药,20.65,20.77,20.18,20.49,19195,39220368.0,-0.24,-1.1577424023154848
2017-04-12,15:00,sz300158,振东制药,20.5,20.64,20.27,20.53,15486,31645876.0,0.04,0.1952171791117618
2017-04-13,15:00,sz300158,振东制药,20.53,20.77,20.42,20.77,18351,37942492.0,0.24,1.169020944958597
2017-04-14,15:00,sz300158,振东制药,20.7,20.85,20.39,20.52,12154,24951810.0,-0.25,-1.203659123736158
2017-04-17,15:00,sz300158,振东制药,20.52,20.55,20.15,20.31,14266,29093002.0,-0.21,-1.023391812865497
2017-04-18,15:00,sz300158,振东制药,20.3,20.53,19.92,19.96,13012,26324938.0,-0.35,-1.7232890201871
2017-04-19,15:00,sz300158,振东制药,19.81,20.08,18.75,19.18,24660,47688144.0,-0.78,-3.9078156312625247
2017-04-20,15:00,sz300158,振东制药,19.11,19.39,18.86,19.19,19095,36616956.0,0.01,0.0521376433785192
2017-04-21,15:00,sz300158,振东制药,19.24,19.48,18.86,19.0,22116,42282696.0,-0.19,-0.99009900990099
2017-04-24,15:00,sz300158,振东制药,18.89,18.9,18.08,18.33,15973,29394654.0,-0.67,-3.5263157894736845
2017-04-25,15:00,sz300158,振东制药,18.3,18.43,18.2,18.23,12818,23460164.0,-0.1,-0.5455537370430987
2017-04-26,15:00,sz300158,振东制药,18.11,18.35,17.63,18.14,21389,38537628.0,-0.09,-0.4936917169500823
2017-04-27,15:00,sz300158,振东制药,18.1,18.34,17.72,18.23,14426,26063614.0,0.09,0.4961411245865491
2017-04-28,15:00,sz300158,振东制药,18.38,18.64,18.14,18.39,13827,25444632.0,0.16,0.877674163466813
2017-05-02,15:00,sz300158,振东制药,18.45,18.78,18.31,18.62,14939,27816656.0,0.23,1.2506797172376292
2017-05-03,15:00,sz300158,振东制药,18.77,18.89,18.51,18.66,11839,22135462.0,0.04,0.2148227712137486
2017-05-04,15:00,sz300158,振东制药,18.55,18.83,18.36,18.39,11442,21303748.0,-0.27,-1.4469453376205788
2017-05-05,15:00,sz300158,振东制药,18.3,18.45,17.83,17.99,10490,18983632.0,-0.4,-2.175095160413268
2017-05-08,15:00,sz300158,振东制药,17.69,18.15,17.38,17.41,12247,21597256.0,-0.58,-3.224013340744859
2017-05-09,15:00,sz300158,振东制药,17.48,17.8,17.3,17.7,13314,23458474.0,0.29,1.665709362435382
2017-05-10,15:00,sz300158,振东制药,17.7,17.82,16.7,16.93,18423,31745106.0,-0.77,-4.350282485875706
2017-05-11,15:00,sz300158,振东制药,16.9,16.94,16.4,16.78,17498,29139996.0,-0.15,-0.8860011813349086
2017-05-12,15:00,sz300158,振东制药,16.85,16.85,16.2,16.35,19083,31377372.0,-0.43,-2.562574493444577
2017-05-15,15:00,sz300158,振东制药,16.32,16.91,16.32,16.73,18318,30525892.0,0.38,2.324159021406728
2017-05-16,15:00,sz300158,振东制药,16.73,17.08,16.54,17.0,18878,31667938.0,0.27,1.6138673042438731
2017-05-17,15:00,sz300158,振东制药,16.95,17.23,16.91,17.0,19584,33408894.0,0.0,0.0
2017-05-18,15:00,sz300158,振东制药,16.98,17.1,16.53,16.59,19274,32389066.0,-0.41,-2.411764705882353
2017-05-19,15:00,sz300158,振东制药,16.6,16.79,16.46,16.56,12310,20474584.0,-0.03,-0.1808318264014466
2017-05-22,15:00,sz300158,振东制药,16.66,16.74,16.14,16.22,16439,27025186.0,-0.34,-2.0531400966183577
2017-05-23,15:00,sz300158,振东制药,16.04,16.25,15.45,15.51,17712,28133900.0,-0.71,-4.37731196054254
2017-05-24,15:00,sz300158,振东制药,15.39,15.9,15.13,15.3,25735,39849896.0,-0.21,-1.3539651837524178
2017-05-25,15:00,sz300158,振东制药,15.35,15.8,15.18,15.79,22185,34311816.0,0.49,3.202614379084967
2017-05-26,15:00,sz300158,振东制药,15.72,15.89,15.42,15.55,18053,28234570.0,-0.24,-1.5199493350221658
2017-05-31,15:00,sz300158,振东制药,15.8,15.91,15.57,15.69,14505,22842572.0,0.14,0.9003215434083601
2017-06-01,15:00,sz300158,振东制药,15.69,15.69,15.15,15.49,16774,25946258.0,-0.2,-1.2746972594008923
2017-06-02,15:00,sz300158,振东制药,15.46,15.67,14.92,15.59,25082,38273036.0,0.1,0.6455777921239509
2017-06-05,15:00,sz300158,振东制药,15.51,15.76,15.46,15.6,16736,26086456.0,0.01,0.064143681847338
2017-06-06,15:00,sz300158,振东制药,15.6,15.73,15.4,15.72,17281,26918638.0,0.12,0.7692307692307693
2017-06-07,15:00,sz300158,振东制药,15.71,16.07,15.7,16.03,18289,29120632.0,0.31,1.9720101781170485
2017-06-08,15:00,sz300158,振东制药,16.0,16.11,15.8,15.91,18472,29334154.0,-0.12,-0.7485963817841547
2017-06-09,15:00,sz300158,振东制药,15.86,15.96,15.64,15.74,15407,24267936.0,-0.17,-1.0685103708359522
2017-06-12,15:00,sz300158,振东制药,15.83,15.83,15.59,15.61,14698,23108730.0,-0.13,-0.8259212198221092
2017-06-13,15:00,sz300158,振东制药,15.5,15.8,15.45,15.71,12431,19472802.0,0.1,0.6406149903907752
2017-06-14,15:00,sz300158,振东制药,15.77,15.85,15.65,15.8,10001,15774929.0,0.09,0.5728835136855506
2017-06-15,15:00,sz300158,振东制药,15.8,16.11,15.8,16.08,14764,23654942.0,0.28,1.7721518987341771
2017-06-16,15:00,sz300158,振东制药,16.09,16.14,15.92,15.96,10124,16203722.0,-0.12,-0.7462686567164178
2017-06-19,15:00,sz300158,振东制药,15.95,16.15,15.87,16.11,12135,19476710.0,0.15,0.9398496240601504
2017-06-20,15:00,sz300158,振东制药,16.12,16.48,16.08,16.2,19382,31623752.0,0.09,0.5586592178770949
2017-06-21,15:00,sz300158,振东制药,16.34,16.44,16.07,16.41,14483,23494512.0,0.21,1.2962962962962965
2017-06-22,15:00,sz300158,振东制药,16.41,16.45,16.0,16.06,15084,24482322.0,-0.35,-2.1328458257160268
2017-06-23,15:00,sz300158,振东制药,16.05,16.13,15.4,15.73,14882,23497466.0,-0.33,-2.054794520547945
2017-06-26,15:00,sz300158,振东制药,15.73,16.35,15.63,16.3,21771,35045780.0,0.57,3.623649078194533
2017-06-27,15:00,sz300158,振东制药,16.25,16.38,16.19,16.22,13975,22740374.0,-0.08,-0.49079754601227
2017-06-28,15:00,sz300158,振东制药,16.2,16.49,16.14,16.33,17079,27865818.0,0.11,0.6781750924784217
2017-06-29,15:00,sz300158,振东制药,16.38,16.48,16.22,16.44,13549,22188108.0,0.11,0.6736068585425597
2017-06-30,15:00,sz300158,振东制药,16.37,16.37,16.12,16.22,16639,26960114.0,-0.22,-1.338199513381995
2017-07-03,15:00,sz300158,振东制药,16.23,16.45,16.19,16.34,18334,29930822.0,0.12,0.7398273736128237
2017-07-04,15:00,sz300158,振东制药,16.34,16.35,16.13,16.22,14037,22753536.0,-0.12,-0.7343941248470013
2017-07-05,15:00,sz300158,振东制药,16.19,16.58,16.17,16.54,22957,37712096.0,0.32,1.972872996300863
2017-07-06,15:00,sz300158,振东制药,16.54,16.65,16.45,16.58,20813,34496616.0,0.04,0.241837968561064
2017-07-07,15:00,sz300158,振东制药,16.56,16.99,16.56,16.79,23006,38694684.0,0.21,1.2665862484921593
2017-07-10,15:00,sz300158,振东制药,16.7,17.08,16.64,17.01,26486,44769896.0,0.22,1.3103037522334724
2017-07-11,15:00,sz300158,振东制药,17.02,17.31,16.91,17.01,28148,48317520.0,0.0,0.0
2017-07-12,15:00,sz300158,振东制药,17.03,17.11,16.71,16.85,22862,38512416.0,-0.16,-0.940623162845385
2017-07-13,15:00,sz300158,振东制药,17.24,17.27,16.8,16.92,34542,58772524.0,0.07,0.4154302670623145
2017-07-14,15:00,sz300158,振东制药,16.9,17.28,16.8,16.99,24753,42215660.0,0.07,0.4137115839243498
2017-07-17,15:00,sz300158,振东制药,16.9,16.95,15.3,15.7,28668,46048220.0,-1.29,-7.5927015891701
2017-07-18,15:00,sz300158,振东制药,15.7,16.29,15.6,16.25,18860,30190972.0,0.55,3.5031847133757963
2017-07-19,15:00,sz300158,振东制药,16.31,16.35,16.08,16.28,13268,21511384.0,0.03,0.1846153846153846
2017-07-20,15:00,sz300158,振东制药,16.25,16.6,16.1,16.18,16231,26528656.0,-0.1,-0.6142506142506142
2017-07-21,15:00,sz300158,振东制药,16.2,16.38,16.0,16.31,14060,22878454.0,0.13,0.8034610630407911
2017-07-24,15:00,sz300158,振东制药,16.28,16.39,16.1,16.25,18049,29281848.0,-0.06,-0.3678724708767627
2017-07-25,15:00,sz300158,振东制药,16.18,16.35,16.12,16.26,15920,25858650.0,0.01,0.0615384615384615
2017-07-26,15:00,sz300158,振东制药,16.23,16.37,16.19,16.23,9955,16187819.0,-0.03,-0.1845018450184501
2017-07-27,15:00,sz300158,振东制药,16.28,17.15,16.23,17.12,46187,77559112.0,0.89,5.483672211953173
2017-07-28,15:00,sz300158,振东制药,17.1,17.27,16.81,16.93,36046,61242020.0,-0.19,-1.1098130841121494
2017-07-31,15:00,sz300158,振东制药,16.93,16.96,16.66,16.87,27790,46719812.0,-0.06,-0.3544004725339634
2017-08-01,15:00,sz300158,振东制药,16.8,16.92,16.66,16.86,22696,38104124.0,-0.01,-0.0592768227622999
2017-08-02,15:00,sz300158,振东制药,16.73,16.84,16.58,16.59,23077,38518732.0,-0.27,-1.601423487544484
2017-08-03,15:00,sz300158,振东制药,16.58,16.85,16.56,16.69,19605,32779004.0,0.1,0.6027727546714888
2017-08-04,15:00,sz300158,振东制药,16.7,16.83,16.62,16.67,13231,22113494.0,-0.02,-0.1198322348711803
2017-08-07,15:00,sz300158,振东制药,16.74,16.78,16.6,16.7,14888,24847534.0,0.03,0.1799640071985603
2017-08-08,15:00,sz300158,振东制药,16.6,16.6,15.86,15.98,40115,64525552.0,-0.72,-4.311377245508982
2017-08-09,15:00,sz300158,振东制药,15.9,16.27,15.85,16.15,19711,31808926.0,0.17,1.0638297872340423
2017-08-10,15:00,sz300158,振东制药,16.15,16.2,15.87,15.91,18572,29781832.0,-0.24,-1.4860681114551082
2017-08-11,15:00,sz300158,振东制药,15.86,16.87,15.8,16.52,55041,91076768.0,0.61,3.8340666247642994
2017-08-14,15:00,sz300158,振东制药,16.41,16.86,16.32,16.79,26706,44649772.0,0.27,1.6343825665859564
2017-08-15,15:00,sz300158,振东制药,16.78,16.97,16.62,16.86,24837,41612024.0,0.07,0.4169148302561048
2017-08-16,15:00,sz300158,振东制药,16.77,17.07,16.77,16.89,25884,43815572.0,0.03,0.1779359430604982
2017-08-17,15:00,sz300158,振东制药,16.9,17.23,16.78,17.15,24357,41530004.0,0.26,1.5393724097098875
2017-08-18,15:00,sz300158,振东制药,17.11,17.39,16.99,17.15,24021,41382664.0,0.0,0.0
2017-08-21,15:00,sz300158,振东制药,17.21,17.35,17.0,17.06,20842,35626340.0,-0.09,-0.5247813411078718
2017-08-22,15:00,sz300158,振东制药,17.1,17.17,16.74,16.8,18231,30776100.0,-0.26,-1.5240328253223916
2017-08-23,15:00,sz300158,振东制药,16.64,16.95,16.64,16.88,13776,23220676.0,0.08,0.4761904761904762
2017-08-24,15:00,sz300158,振东制药,16.88,16.95,16.71,16.82,11411,19202474.0,-0.06,-0.3554502369668246
2017-08-25,15:00,sz300158,振东制药,16.89,17.09,16.81,17.0,20299,34507112.0,0.18,1.070154577883472
2017-08-28,15:00,sz300158,振东制药,16.98,17.34,16.95,17.29,27569,47218112.0,0.29,1.7058823529411766
2017-08-29,15:00,sz300158,振东制药,17.23,17.25,16.8,16.84,27153,46104700.0,-0.45,-2.6026604973973395
2017-08-30,15:00,sz300158,振东制药,16.84,16.96,16.78,16.84,15689,26476730.0,0.0,0.0
2017-08-31,15:00,sz300158,振东制药,16.92,16.97,16.82,16.91,13150,22250808.0,0.07,0.4156769596199525
2017-09-01,15:00,sz300158,振东制药,16.9,17.08,16.88,17.06,30743,52261456.0,0.15,0.8870490833826138
2017-09-04,15:00,sz300158,振东制药,17.07,17.07,16.82,16.9,25328,42836444.0,-0.16,-0.9378663540445484
2017-09-05,15:00,sz300158,振东制药,16.91,17.05,16.89,16.98,21128,35826484.0,0.08,0.4733727810650888
2017-09-06,15:00,sz300158,振东制药,16.92,16.98,16.7,16.81,19782,33236166.0,-0.17,-1.0011778563015312
2017-09-07,15:00,sz300158,振东制药,16.81,17.05,16.77,16.91,24391,41237200.0,0.1,0.594883997620464
2017-09-08,15:00,sz300158,振东制药,16.89,17.17,16.84,17.02,20253,34486128.0,0.11,0.6505026611472502
2017-09-11,15:00,sz300158,振东制药,17.06,17.71,16.95,17.64,45964,80183872.0,0.62,3.6427732079906
2017-09-12,15:00,sz300158,振东制药,17.55,17.58,17.2,17.28,38489,66838336.0,-0.36,-2.0408163265306123
2017-09-13,15:00,sz300158,振东制药,17.24,17.49,17.24,17.4,17500,30434466.0,0.12,0.6944444444444444
2017-09-14,15:00,sz300158,振东制药,17.45,17.49,17.2,17.24,13359,23159102.0,-0.16,-0.9195402298850576
2017-09-15,15:00,sz300158,振东制药,17.25,17.34,17.03,17.07,15818,27104384.0,-0.17,-0.9860788863109048
2017-09-18,15:00,sz300158,振东制药,17.09,17.23,17.09,17.22,15919,27329668.0,0.15,0.8787346221441126
2017-09-19,15:00,sz300158,振东制药,17.28,17.3,17.09,17.12,10911,18719826.0,-0.1,-0.5807200929152149
2017-09-20,15:00,sz300158,振东制药,17.19,17.48,17.02,17.37,18094,31268368.0,0.25,1.4602803738317758
2017-09-21,15:00,sz300158,振东制药,17.33,17.4,16.88,16.95,19405,33305866.0,-0.42,-2.417962003454232
2017-09-22,15:00,sz300158,振东制药,16.85,16.95,16.52,16.76,25254,42363244.0,-0.19,-1.12094395280236
2017-09-25,15:00,sz300158,振东制药,16.18,16.3,16.0,16.13,37055,59847024.0,-0.63,-3.758949880668258
2017-09-26,15:00,sz300158,振东制药,16.03,16.28,16.03,16.21,16342,26453130.0,0.08,0.4959702417854928
2017-09-27,15:00,sz300158,振东制药,16.2,16.52,16.11,16.45,13524,22113996.0,0.24,1.4805675508945095
2017-09-28,15:00,sz300158,振东制药,16.41,16.45,16.25,16.36,8484,13867606.0,-0.09,-0.547112462006079
2017-09-29,15:00,sz300158,振东制药,16.46,16.58,16.29,16.36,7632,12538621.0,0.0,0.0
2017-10-09,15:00,sz300158,振东制药,16.42,16.72,16.42,16.51,17169,28396216.0,0.15,0.9168704156479218
2017-10-10,15:00,sz300158,振东制药,16.59,17.22,16.55,17.13,35366,60001008.0,0.62,3.755299818291944
2017-10-11,15:00,sz300158,振东制药,17.18,17.29,16.94,17.0,25568,43639560.0,-0.13,-0.7589025102159953
2017-10-12,15:00,sz300158,振东制药,16.92,17.39,16.82,17.29,29413,50577040.0,0.29,1.7058823529411766
2017-10-13,15:00,sz300158,振东制药,17.24,17.37,17.15,17.28,23979,41373128.0,-0.01,-0.057836899942163
2017-10-16,15:00,sz300158,振东制药,17.11,17.24,16.46,16.53,30149,50495464.0,-0.75,-4.340277777777778
2017-10-17,15:00,sz300158,振东制药,16.53,16.81,16.5,16.63,16050,26795392.0,0.1,0.6049606775559588
2017-10-18,15:00,sz300158,振东制药,16.76,16.78,16.52,16.58,13516,22566192.0,-0.05,-0.3006614552014431
2017-10-19,15:00,sz300158,振东制药,16.55,16.83,16.55,16.59,15576,26028884.0,0.01,0.060313630880579
2017-10-20,15:00,sz300158,振东制药,16.53,17.06,16.32,16.88,13948,23166948.0,0.29,1.7480409885473176
2017-10-23,15:00,sz300158,振东制药,16.87,17.06,16.86,17.02,17420,29565702.0,0.14,0.8293838862559242
2017-10-24,15:00,sz300158,振东制药,17.01,17.14,16.9,17.11,18777,31972588.0,0.09,0.5287896592244419
2017-10-25,15:00,sz300158,振东制药,17.13,17.22,16.97,17.16,17621,30090306.0,0.05,0.2922267679719462
2017-10-26,15:00,sz300158,振东制药,17.13,17.27,17.04,17.07,24609,42182764.0,-0.09,-0.5244755244755245
2017-10-27,15:00,sz300158,振东制药,17.13,17.13,16.82,16.92,19561,33170060.0,-0.15,-0.8787346221441126
2017-10-30,15:00,sz300158,振东制药,16.87,16.98,16.3,16.34,29542,49003336.0,-0.58,-3.4278959810874707
2017-10-31,15:00,sz300158,振东制药,16.34,16.51,16.08,16.32,20842,33999192.0,-0.02,-0.1223990208078335
2017-11-01,15:00,sz300158,振东制药,16.31,16.51,16.25,16.3,19508,31916336.0,-0.02,-0.1225490196078431
2017-11-02,15:00,sz300158,振东制药,16.22,16.37,16.04,16.04,21549,34926456.0,-0.26,-1.5950920245398774
2017-11-03,15:00,sz300158,振东制药,16.11,16.15,15.33,15.48,33278,52344104.0,-0.56,-3.491271820448877
2017-11-06,15:00,sz300158,振东制药,15.48,15.7,15.21,15.52,24758,38176964.0,0.04,0.2583979328165375
2017-11-07,15:00,sz300158,振东制药,15.59,15.59,15.35,15.55,18203,28115760.0,0.03,0.1932989690721649
2017-11-08,15:00,sz300158,振东制药,15.52,15.69,15.43,15.55,17131,26675286.0,0.0,0.0
2017-11-09,15:00,sz300158,振东制药,15.59,15.7,15.46,15.61,13601,21220894.0,0.06,0.3858520900321543
2017-11-10,15:00,sz300158,振东制药,15.61,15.66,15.43,15.57,17727,27554530.0,-0.04,-0.25624599615631
2017-11-13,15:00,sz300158,振东制药,15.62,15.67,15.45,15.54,19403,30222768.0,-0.03,-0.1926782273603083
2017-11-14,15:00,sz300158,振东制药,15.57,15.6,15.0,15.19,22269,34090376.0,-0.35,-2.2522522522522523
2017-11-15,15:00,sz300158,振东制药,15.1,15.31,15.06,15.28,15734,23954192.0,0.09,0.5924950625411455
2017-11-16,15:00,sz300158,振东制药,15.29,15.29,15.15,15.17,9248,14064003.0,-0.11,-0.7198952879581152
2017-11-17,15:00,sz300158,振东制药,15.19,15.21,14.6,14.68,23122,34286276.0,-0.49,-3.230059327620304
2017-11-20,15:00,sz300158,振东制药,14.69,14.79,14.33,14.56,18647,26927802.0,-0.12,-0.8174386920980926
2017-11-21,15:00,sz300158,振东制药,14.55,14.63,14.23,14.32,16023,23081180.0,-0.24,-1.6483516483516485
2017-11-22,15:00,sz300158,振东制药,14.33,14.39,14.06,14.15,20370,28981826.0,-0.17,-1.1871508379888267
2017-11-23,15:00,sz300158,振东制药,14.18,14.3,14.04,14.08,19696,27861282.0,-0.07,-0.4946996466431095
2017-11-24,15:00,sz300158,振东制药,14.06,14.24,13.91,14.19,12658,17851228.0,0.11,0.78125
2017-11-27,15:00,sz300158,振东制药,14.21,14.24,13.99,14.02,10425,14722805.0,-0.17,-1.1980267794221282
2017-11-28,15:00,sz300158,振东制药,14.02,14.31,14.02,14.29,11958,16964504.0,0.27,1.925820256776034
2017-11-29,15:00,sz300158,振东制药,14.34,14.34,14.1,14.24,10222,14531246.0,-0.05,-0.3498950314905528
2017-11-30,15:00,sz300158,振东制药,14.17,14.29,14.05,14.11,10932,15501990.0,-0.13,-0.9129213483146068
2017-12-01,15:00,sz300158,振东制药,14.08,14.44,14.08,14.38,11856,16964022.0,0.27,1.913536498936924
2017-12-04,15:00,sz300158,振东制药,14.36,14.39,13.95,13.97,21629,30446146.0,-0.41,-2.851182197496523
2017-12-05,15:00,sz300158,振东制药,13.98,14.03,13.45,13.6,18691,25742844.0,-0.37,-2.6485325697924123
2017-12-06,15:00,sz300158,振东制药,13.66,13.81,13.56,13.75,17491,23933174.0,0.15,1.1029411764705883
2017-12-07,15:00,sz300158,振东制药,13.67,13.84,13.66,13.78,14962,20546712.0,0.03,0.2181818181818182
2017-12-08,15:00,sz300158,振东制药,13.77,13.98,13.71,13.87,12804,17787428.0,0.09,0.6531204644412192
2017-12-11,15:00,sz300158,振东制药,13.88,14.0,13.82,13.97,10475,14586270.0,0.1,0.7209805335255948
2017-12-12,15:00,sz300158,振东制药,14.01,14.01,13.72,13.72,13438,18615974.0,-0.25,-1.789549033643522
2017-12-13,15:00,sz300158,振东制药,13.72,13.86,13.7,13.8,9126,12591912.0,0.08,0.5830903790087464
2017-12-14,15:00,sz300158,振东制药,13.85,13.92,13.77,13.85,7813,10825084.0,0.05,0.3623188405797101
2017-12-15,15:00,sz300158,振东制药,13.86,14.1,13.83,14.03,16535,23108430.0,0.18,1.2996389891696751
2017-12-18,15:00,sz300158,振东制药,14.02,14.03,13.85,13.96,10014,13941620.0,-0.07,-0.4989308624376337
2017-12-19,15:00,sz300158,振东制药,13.95,14.15,13.85,14.15,13713,19300112.0,0.19,1.361031518624642
2017-12-20,15:00,sz300158,振东制药,14.14,14.16,13.81,13.89,12888,17969446.0,-0.26,-1.8374558303886923
2017-12-21,15:00,sz300158,振东制药,13.78,14.05,13.65,13.97,13271,18433984.0,0.08,0.5759539236861051
2017-12-22,15:00,sz300158,振东制药,13.95,14.05,13.88,13.98,8358,11687911.0,0.01,0.0715819613457408
2017-12-25,15:00,sz300158,振东制药,13.9,13.96,13.59,13.66,14488,19915472.0,-0.32,-2.28898426323319
2017-12-26,15:00,sz300158,振东制药,13.79,14.17,13.72,13.97,24721,34547156.0,0.31,2.269399707174232
2017-12-27,15:00,sz300158,振东制药,14.09,14.25,13.8,13.86,24644,34520944.0,-0.11,-0.7874015748031495
2017-12-28,15:00,sz300158,振东制药,13.78,13.98,13.72,13.81,19387,26769968.0,-0.05,-0.3607503607503607
2017-12-29,15:00,sz300158,振东制药,13.77,13.91,13.73,13.8,23828,32894126.0,-0.01,-0.0724112961622013
2018-01-02,15:00,sz300158,振东制药,13.84,13.95,13.79,13.9,27509,38148400.0,0.1,0.7246376811594203
2018-01-03,15:00,sz300158,振东制药,13.88,14.23,13.88,14.18,65152,91472816.0,0.28,2.014388489208633
2018-01-04,15:00,sz300158,振东制药,14.2,14.23,14.0,14.04,36620,51643784.0,-0.14,-0.9873060648801129
2018-01-05,15:00,sz300158,振东制药,14.08,14.19,13.99,14.17,35753,50327292.0,0.13,0.9259259259259258
2018-01-08,15:00,sz300158,振东制药,14.15,14.16,14.01,14.11,30239,42522548.0,-0.06,-0.4234297812279464
2018-01-09,15:00,sz300158,振东制药,14.08,14.33,14.05,14.3,40223,57246464.0,0.19,1.3465627214741318
2018-01-10,15:00,sz300158,振东制药,14.25,14.28,14.03,14.09,35025,49409548.0,-0.21,-1.4685314685314683
2018-01-11,15:00,sz300158,振东制药,14.09,14.22,14.01,14.18,23908,33811300.0,0.09,0.63875088715401
2018-01-12,15:00,sz300158,振东制药,14.17,14.24,14.0,14.01,29545,41540316.0,-0.17,-1.1988716502115655
2018-01-15,15:00,sz300158,振东制药,13.98,14.01,13.05,13.14,62792,84462376.0,-0.87,-6.209850107066381
2018-01-16,15:00,sz300158,振东制药,13.14,13.31,13.06,13.16,28914,38057464.0,0.02,0.15220700152207
2018-01-17,15:00,sz300158,振东制药,13.18,13.35,13.02,13.29,27355,36154204.0,0.13,0.9878419452887538
2018-01-18,15:00,sz300158,振东制药,13.29,13.34,13.17,13.22,16558,21963762.0,-0.07,-0.5267118133935289
2018-01-19,15:00,sz300158,振东制药,13.23,13.33,13.17,13.24,20210,26802130.0,0.02,0.151285930408472
2018-01-22,15:00,sz300158,振东制药,12.9,13.06,12.61,12.95,47119,60508404.0,-0.29,-2.190332326283988
2018-01-23,15:00,sz300158,振东制药,12.9,13.04,12.86,12.95,23538,30506710.0,0.0,0.0
2018-01-24,15:00,sz300158,振东制药,14.25,14.25,14.05,14.25,130171,185453872.0,1.3,10.038610038610038
2018-01-25,15:00,sz300158,振东制药,14.33,15.47,14.01,14.7,272213,404006656.0,0.45,3.1578947368421053
2018-01-26,15:00,sz300158,振东制药,14.3,15.38,14.22,14.98,185792,277918304.0,0.28,1.9047619047619049
2018-01-29,15:00,sz300158,振东制药,14.81,15.07,14.6,14.84,95309,141183360.0,-0.14,-0.9345794392523364
2018-01-30,15:00,sz300158,振东制药,14.78,15.23,14.73,14.94,92544,138521408.0,0.1,0.6738544474393532
2018-01-31,15:00,sz300158,振东制药,14.91,14.91,14.44,14.58,80941,118790936.0,-0.36,-2.409638554216868
2018-02-01,15:00,sz300158,振东制药,14.58,14.74,14.3,14.49,85099,123721248.0,-0.09,-0.6172839506172839
2018-02-02,15:00,sz300158,振东制药,14.39,14.39,13.38,13.65,99187,137128144.0,-0.84,-5.797101449275362
2018-02-05,15:00,sz300158,振东制药,13.48,13.89,13.24,13.44,64509,87876560.0,-0.21,-1.5384615384615383
2018-02-06,15:00,sz300158,振东制药,13.17,13.55,12.59,12.61,75816,99462616.0,-0.83,-6.175595238095238
2018-02-07,15:00,sz300158,振东制药,12.85,13.39,12.5,13.1,80248,103956824.0,0.49,3.885804916732752
2018-02-08,15:00,sz300158,振东制药,13.06,13.81,13.02,13.65,79021,106887240.0,0.55,4.198473282442748
2018-02-09,15:00,sz300158,振东制药,13.28,13.59,12.71,13.08,85735,113502128.0,-0.57,-4.175824175824175
2018-02-12,15:00,sz300158,振东制药,13.29,14.39,13.19,14.09,106557,148380048.0,1.01,7.721712538226299
2018-02-13,15:00,sz300158,振东制药,14.19,14.29,13.87,13.87,76215,107113488.0,-0.22,-1.5613910574875798
2018-02-14,15:00,sz300158,振东制药,13.94,14.07,13.5,13.51,70270,96012936.0,-0.36,-2.595529920692141
2018-02-22,15:00,sz300158,振东制药,13.66,13.76,13.55,13.72,47542,65001672.0,0.21,1.5544041450777202
2018-02-23,15:00,sz300158,振东制药,13.66,13.74,13.54,13.66,36316,49486128.0,-0.06,-0.4373177842565597
2018-02-26,15:00,sz300158,振东制药,13.72,14.26,13.72,14.24,75192,105491616.0,0.58,4.24597364568082
2018-02-27,15:00,sz300158,振东制药,14.25,14.44,14.0,14.19,117522,166956160.0,-0.05,-0.3511235955056179
2018-02-28,15:00,sz300158,振东制药,14.08,14.37,13.93,14.22,64891,91884112.0,0.03,0.2114164904862579
2018-03-01,15:00,sz300158,振东制药,14.02,14.38,14.02,14.38,66702,94872832.0,0.16,1.1251758087201125
2018-03-02,15:00,sz300158,振东制药,14.16,14.3,14.04,14.05,60884,86179352.0,-0.33,-2.294853963838665
2018-03-05,15:00,sz300158,振东制药,14.1,14.13,13.83,13.96,50736,70667712.0,-0.09,-0.6405693950177936
2018-03-06,15:00,sz300158,振东制药,14.03,14.34,13.98,14.26,76957,109365600.0,0.3,2.148997134670487
2018-03-07,15:00,sz300158,振东制药,14.35,14.9,14.33,14.57,117027,171331088.0,0.31,2.1739130434782608
2018-03-08,15:00,sz300158,振东制药,14.46,14.84,14.42,14.7,83509,122162464.0,0.13,0.8922443376801648
2018-03-09,15:00,sz300158,振东制药,15.2,15.8,15.1,15.3,168316,258803024.0,0.6,4.081632653061225
2018-03-12,15:00,sz300158,振东制药,15.39,15.74,15.26,15.5,130916,202969056.0,0.2,1.30718954248366
2018-03-13,15:00,sz300158,振东制药,15.4,15.4,15.05,15.08,88699,134925360.0,-0.42,-2.7096774193548385
2018-03-14,15:00,sz300158,振东制药,15.02,15.22,14.88,14.92,60853,91296528.0,-0.16,-1.0610079575596816
2018-03-15,15:00,sz300158,振东制药,14.89,15.09,14.71,15.02,57831,86115768.0,0.1,0.6702412868632708
2018-03-16,15:00,sz300158,振东制药,15.06,15.07,14.6,14.63,59879,88850040.0,-0.39,-2.596537949400799
2018-03-19,15:00,sz300158,振东制药,14.61,14.88,14.56,14.71,43927,64742960.0,0.08,0.5468215994531784
2018-03-20,15:00,sz300158,振东制药,14.53,15.34,14.52,15.2,101497,153044496.0,0.49,3.331067301155676
2018-03-21,15:00,sz300158,振东制药,15.27,15.32,14.83,14.88,74626,112771248.0,-0.32,-2.1052631578947367
2018-03-22,15:00,sz300158,振东制药,14.93,15.04,14.78,14.93,43141,64264188.0,0.05,0.336021505376344
2018-03-23,15:00,sz300158,振东制药,14.43,14.62,13.64,13.86,92380,131030480.0,-1.07,-7.166778298727394
2018-03-26,15:00,sz300158,振东制药,13.7,14.25,13.55,14.24,50842,71045208.0,0.38,2.741702741702741
2018-03-27,15:00,sz300158,振东制药,14.42,15.04,14.32,14.72,99794,146641232.0,0.48,3.3707865168539324
2018-03-28,15:00,sz300158,振东制药,14.5,15.25,14.4,15.08,112246,168504976.0,0.36,2.4456521739130435
2018-03-29,15:00,sz300158,振东制药,15.09,15.2,14.81,15.03,62753,93918088.0,-0.05,-0.3315649867374005
2018-03-30,15:00,sz300158,振东制药,15.04,15.35,15.01,15.32,99063,150977984.0,0.29,1.9294743845642048
2018-04-02,15:00,sz300158,振东制药,15.27,15.38,15.05,15.09,79350,120566880.0,-0.23,-1.501305483028721
2018-04-03,15:00,sz300158,振东制药,14.95,15.45,14.82,15.42,99946,152405600.0,0.33,2.1868787276341948
2018-04-04,15:00,sz300158,振东制药,15.52,15.86,15.13,15.21,115612,179398688.0,-0.21,-1.3618677042801557
2018-04-09,15:00,sz300158,振东制药,15.0,15.25,14.92,15.18,55186,83270792.0,-0.03,-0.1972386587771203
2018-04-10,15:00,sz300158,振东制药,15.0,15.0,14.43,14.7,107699,157649328.0,-0.48,-3.1620553359683794
2018-04-11,15:00,sz300158,振东制药,14.7,14.9,14.65,14.74,62711,92780056.0,0.04,0.2721088435374149
2018-04-12,15:00,sz300158,振东制药,14.75,14.77,14.49,14.55,51520,75383944.0,-0.19,-1.289009497964722
2018-04-13,15:00,sz300158,振东制药,14.64,14.74,14.48,14.57,38899,56807264.0,0.02,0.1374570446735395
2018-04-16,15:00,sz300158,振东制药,14.49,14.6,14.24,14.34,36933,53122164.0,-0.23,-1.578586135895676
2018-04-17,15:00,sz300158,振东制药,14.41,14.47,13.79,13.93,44111,62444012.0,-0.41,-2.8591352859135286
2018-04-18,15:00,sz300158,振东制药,14.06,14.24,13.71,14.21,36049,50653920.0,0.28,2.010050251256281
2018-04-19,15:00,sz300158,振东制药,14.18,14.35,14.12,14.25,27668,39501972.0,0.04,0.2814919071076706
2018-04-20,15:00,sz300158,振东制药,14.18,14.31,13.6,13.7,41072,57220504.0,-0.55,-3.8596491228070176
2018-04-23,15:00,sz300158,振东制药,13.9,13.94,13.62,13.75,27281,37669384.0,0.05,0.364963503649635
2018-04-24,15:00,sz300158,振东制药,13.86,14.17,13.77,14.15,34257,48126380.0,0.4,2.909090909090909
2018-04-25,15:00,sz300158,振东制药,14.09,14.3,13.92,14.24,37359,52599180.0,0.09,0.6360424028268552
2018-04-26,15:00,sz300158,振东制药,14.11,14.15,13.63,13.65,44310,61208312.0,-0.59,-4.143258426966292
2018-04-27,15:00,sz300158,振东制药,13.64,13.87,13.58,13.66,27875,38237492.0,0.01,0.0732600732600732
2018-05-02,15:00,sz300158,振东制药,13.74,13.89,13.5,13.73,23542,32229468.0,0.07,0.5124450951683748
2018-05-03,15:00,sz300158,振东制药,13.66,13.73,13.25,13.7,33216,44808564.0,-0.03,-0.2184996358339402
2018-05-04,15:00,sz300158,振东制药,13.61,13.67,13.43,13.57,25798,34962528.0,-0.13,-0.948905109489051
2018-05-07,15:00,sz300158,振东制药,13.6,13.96,13.56,13.89,30688,42382868.0,0.32,2.3581429624170966
2018-05-08,15:00,sz300158,振东制药,13.86,14.1,13.86,13.99,29353,41081820.0,0.1,0.7199424046076314
2018-05-09,15:00,sz300158,振东制药,13.94,14.05,13.9,14.01,22476,31347116.0,0.02,0.1429592566118656
2018-05-10,15:00,sz300158,振东制药,14.05,14.4,14.01,14.3,52501,74663208.0,0.29,2.0699500356887937
2018-05-11,15:00,sz300158,振东制药,14.4,14.43,14.02,14.07,36849,52420340.0,-0.23,-1.6083916083916083
2018-05-14,15:00,sz300158,振东制药,14.0,14.0,13.72,13.76,29614,41054368.0,-0.31,-2.203269367448472
2018-05-15,15:00,sz300158,振东制药,13.77,13.98,13.77,13.98,18189,25205086.0,0.22,1.5988372093023258
2018-05-16,15:00,sz300158,振东制药,13.94,14.26,13.89,14.09,52380,74050168.0,0.11,0.7868383404864091
2018-05-17,15:00,sz300158,振东制药,14.04,14.1,13.8,13.87,32360,44906680.0,-0.22,-1.5613910574875798
2018-05-18,15:00,sz300158,振东制药,13.92,13.92,13.61,13.84,32499,44785928.0,-0.03,-0.2162941600576784
2018-05-21,15:00,sz300158,振东制药,13.87,13.96,13.8,13.92,47773,66295520.0,0.08,0.5780346820809248
2018-05-22,15:00,sz300158,振东制药,13.94,13.94,13.82,13.92,23452,32527788.0,0.0,0.0
2018-05-23,15:00,sz300158,振东制药,13.91,14.06,13.84,13.86,32219,44943348.0,-0.06,-0.4310344827586206
2018-05-24,15:00,sz300158,振东制药,13.81,13.9,13.78,13.79,18209,25198996.0,-0.07,-0.5050505050505051
2018-05-25,15:00,sz300158,振东制药,13.8,13.85,13.42,13.46,29634,40192360.0,-0.33,-2.393038433647571
2018-05-28,15:00,sz300158,振东制药,13.45,13.53,13.18,13.29,30404,40521008.0,-0.17,-1.263001485884101
2018-05-29,15:00,sz300158,振东制药,13.27,13.55,13.18,13.36,37980,50715472.0,0.07,0.5267118133935289
2018-05-30,15:00,sz300158,振东制药,13.19,13.19,12.75,12.8,39372,50997200.0,-0.56,-4.191616766467066
2018-05-31,15:00,sz300158,振东制药,12.86,12.93,12.7,12.86,25094,32254776.0,0.06,0.46875
2018-06-01,15:00,sz300158,振东制药,12.8,12.98,12.66,12.71,21449,27524474.0,-0.15,-1.166407465007776
2018-06-04,15:00,sz300158,振东制药,12.8,12.86,12.38,12.4,26915,34005692.0,-0.31,-2.4390243902439024
2018-06-05,15:00,sz300158,振东制药,12.49,12.62,12.36,12.6,49349,61608764.0,0.2,1.6129032258064515
2018-06-06,15:00,sz300158,振东制药,12.59,12.62,12.46,12.51,24437,30640984.0,-0.09,-0.7142857142857143
2018-06-07,15:00,sz300158,振东制药,12.73,13.19,12.73,12.89,65085,84262696.0,0.38,3.037569944044764
2018-06-08,15:00,sz300158,振东制药,12.78,12.98,12.66,12.97,31735,40680624.0,0.08,0.6206361520558572
2018-06-11,15:00,sz300158,振东制药,12.87,13.04,12.68,12.9,34624,44443936.0,-0.07,-0.5397070161912104
2018-06-12,15:00,sz300158,振东制药,12.85,12.88,12.6,12.81,22565,28800526.0,-0.09,-0.6976744186046512
2018-06-13,15:00,sz300158,振东制药,12.85,12.88,12.03,12.05,46028,57284812.0,-0.76,-5.932864949258392
2018-06-14,15:00,sz300158,振东制药,6.04,6.05,5.72,5.77,74234,43499664.0,-6.28,-52.11618257261412
2018-06-15,15:00,sz300158,振东制药,5.78,5.85,5.41,5.47,74548,41452056.0,-0.3,-5.1993067590987865
2018-06-19,15:00,sz300158,振东制药,5.31,5.39,4.92,4.92,94372,48041284.0,-0.55,-10.054844606946984
2018-06-20,15:00,sz300158,振东制药,4.95,5.05,4.83,4.99,64581,31979560.0,0.07,1.4227642276422765
2018-06-21,15:00,sz300158,振东制药,4.99,5.1,4.92,4.95,61343,30790710.0,-0.04,-0.8016032064128256
2018-06-22,15:00,sz300158,振东制药,4.94,5.07,4.88,5.04,36714,18390658.0,0.09,1.818181818181818
2018-06-25,15:00,sz300158,振东制药,5.19,5.23,5.04,5.04,55878,28740168.0,0.0,0.0
2018-06-26,15:00,sz300158,振东制药,4.93,5.15,4.9,5.09,45952,23207736.0,0.05,0.992063492063492
2018-06-27,15:00,sz300158,振东制药,5.07,5.15,5.01,5.02,39142,19899752.0,-0.07,-1.37524557956778
2018-06-28,15:00,sz300158,振东制药,5.04,5.12,4.96,5.0,35028,17686148.0,-0.02,-0.398406374501992
2018-06-29,15:00,sz300158,振东制药,5.03,5.14,5.0,5.12,57250,29181468.0,0.12,2.4
2018-07-02,15:00,sz300158,振东制药,5.13,5.13,4.98,4.99,51588,26075656.0,-0.13,-2.5390625
2018-07-03,15:00,sz300158,振东制药,5.0,5.08,4.97,5.06,44953,22627296.0,0.07,1.402805611222445
2018-07-04,15:00,sz300158,振东制药,5.07,5.07,4.96,4.98,39832,19967416.0,-0.08,-1.5810276679841897
2018-07-05,15:00,sz300158,振东制药,4.99,5.01,4.84,4.85,38381,18939982.0,-0.13,-2.610441767068273
2018-07-06,15:00,sz300158,振东制药,4.9,4.92,4.69,4.85,50727,24587584.0,0.0,0.0
2018-07-09,15:00,sz300158,振东制药,4.87,5.1,4.85,5.04,60865,30311130.0,0.19,3.917525773195876
2018-07-10,15:00,sz300158,振东制药,5.03,5.09,4.99,5.05,39609,19950780.0,0.01,0.1984126984126984
2018-07-11,15:00,sz300158,振东制药,4.87,4.87,4.55,4.58,142781,66440740.0,-0.47,-9.306930693069306
2018-07-12,15:00,sz300158,振东制药,4.6,4.7,4.53,4.66,91957,42615848.0,0.08,1.7467248908296942
2018-07-13,15:00,sz300158,振东制药,4.65,4.73,4.62,4.67,56504,26481688.0,0.01,0.2145922746781116
2018-07-16,15:00,sz300158,振东制药,4.63,4.7,4.55,4.7,72682,33738332.0,0.03,0.6423982869379015
2018-07-17,15:00,sz300158,振东制药,4.7,4.7,4.59,4.66,49907,23159190.0,-0.04,-0.851063829787234
2018-07-18,15:00,sz300158,振东制药,4.66,4.7,4.64,4.64,41969,19608542.0,-0.02,-0.4291845493562232
2018-07-19,15:00,sz300158,振东制药,4.63,4.65,4.47,4.51,69049,31394514.0,-0.13,-2.8017241379310347
2018-07-20,15:00,sz300158,振东制药,4.49,4.59,4.46,4.56,45905,20855292.0,0.05,1.1086474501108647
2018-07-23,15:00,sz300158,振东制药,4.52,4.58,4.48,4.57,43536,19769926.0,0.01,0.219298245614035
2018-07-24,15:00,sz300158,振东制药,4.55,4.67,4.53,4.65,74955,34707280.0,0.08,1.75054704595186
2018-07-25,15:00,sz300158,振东制药,4.67,4.69,4.62,4.64,56438,26253674.0,-0.01,-0.2150537634408602
2018-07-26,15:00,sz300158,振东制药,4.64,4.73,4.63,4.69,81669,38267248.0,0.05,1.0775862068965518
2018-07-27,15:00,sz300158,振东制药,4.69,4.76,4.61,4.62,69304,32374294.0,-0.07,-1.4925373134328357
2018-07-30,15:00,sz300158,振东制药,4.63,4.65,4.48,4.52,62357,28334184.0,-0.1,-2.1645021645021645
2018-07-31,15:00,sz300158,振东制药,4.53,4.54,4.5,4.52,46697,21080112.0,0.0,0.0
2018-08-01,15:00,sz300158,振东制药,4.52,4.54,4.43,4.45,52368,23490768.0,-0.07,-1.5486725663716814
2018-08-02,15:00,sz300158,振东制药,4.45,4.45,4.12,4.18,78585,33487006.0,-0.27,-6.067415730337078
2018-08-03,15:00,sz300158,振东制药,4.2,4.25,4.15,4.15,37555,15781033.0,-0.03,-0.7177033492822966
2018-08-06,15:00,sz300158,振东制药,4.16,4.22,4.08,4.14,46216,19171230.0,-0.01,-0.2409638554216867
2018-08-07,15:00,sz300158,振东制药,4.16,4.23,4.1,4.21,45232,18872128.0,0.07,1.6908212560386473
2018-08-08,15:00,sz300158,振东制药,4.22,4.24,4.15,4.16,41081,17224820.0,-0.05,-1.187648456057007
2018-08-09,15:00,sz300158,振东制药,4.16,4.26,4.13,4.24,59165,25008438.0,0.08,1.9230769230769231
2018-08-10,15:00,sz300158,振东制药,4.23,4.29,4.16,4.24,96746,40820920.0,0.0,0.0
2018-08-13,15:00,sz300158,振东制药,4.17,4.24,4.15,4.23,56036,23486860.0,-0.01,-0.2358490566037736
2018-08-14,15:00,sz300158,振东制药,4.21,4.26,4.2,4.22,39976,16906266.0,-0.01,-0.2364066193853428
2018-08-15,15:00,sz300158,振东制药,4.23,4.23,4.11,4.14,52184,21706340.0,-0.08,-1.895734597156398
2018-08-16,15:00,sz300158,振东制药,4.08,4.13,4.0,4.05,68089,27767092.0,-0.09,-2.1739130434782608
2018-08-17,15:00,sz300158,振东制药,4.06,4.08,3.88,3.9,79669,31799814.0,-0.15,-3.7037037037037033
2018-08-20,15:00,sz300158,振东制药,3.91,3.94,3.8,3.89,48394,18787756.0,-0.01,-0.2564102564102564
2018-08-21,15:00,sz300158,振东制药,3.88,3.95,3.88,3.92,45165,17718022.0,0.03,0.7712082262210797
2018-08-22,15:00,sz300158,振东制药,3.92,3.93,3.86,3.88,31379,12213801.0,-0.04,-1.020408163265306
2018-08-23,15:00,sz300158,振东制药,3.89,3.95,3.86,3.95,52818,20628192.0,0.07,1.804123711340206
2018-08-24,15:00,sz300158,振东制药,3.92,3.95,3.88,3.93,44875,17593890.0,-0.02,-0.5063291139240507
2018-08-27,15:00,sz300158,振东制药,3.95,3.99,3.92,3.97,60877,24086696.0,0.04,1.0178117048346056
2018-08-28,15:00,sz300158,振东制药,3.97,4.04,3.96,3.98,40738,16245171.0,0.01,0.2518891687657431
2018-08-29,15:00,sz300158,振东制药,3.97,3.98,3.93,3.96,33381,13196538.0,-0.02,-0.5025125628140703
2018-08-30,15:00,sz300158,振东制药,3.93,3.95,3.86,3.88,45431,17719334.0,-0.08,-2.0202020202020203
2018-08-31,15:00,sz300158,振东制药,3.86,3.87,3.75,3.76,56686,21543410.0,-0.12,-3.0927835051546397
2018-09-03,15:00,sz300158,振东制药,3.77,3.86,3.73,3.84,57418,21792602.0,0.08,2.127659574468085
2018-09-04,15:00,sz300158,振东制药,3.84,3.99,3.83,3.95,91060,35880452.0,0.11,2.864583333333333
2018-09-05,15:00,sz300158,振东制药,3.94,4.04,3.91,3.96,74459,29554264.0,0.01,0.2531645569620253
2018-09-06,15:00,sz300158,振东制药,3.95,4.01,3.91,3.93,50000,19799980.0,-0.03,-0.7575757575757576
2018-09-07,15:00,sz300158,振东制药,3.93,4.01,3.93,3.99,50326,20024748.0,0.06,1.5267175572519085
2018-09-10,15:00,sz300158,振东制药,4.03,4.03,3.9,3.9,46055,18133194.0,-0.09,-2.255639097744361
2018-09-11,15:00,sz300158,振东制药,3.9,3.97,3.87,3.97,41133,16143358.0,0.07,1.7948717948717947
2018-09-12,15:00,sz300158,振东制药,3.98,4.01,3.94,3.97,52903,21054120.0,0.0,0.0
2018-09-13,15:00,sz300158,振东制药,3.98,4.04,3.94,4.01,66647,26563916.0,0.04,1.0075566750629723
2018-09-14,15:00,sz300158,振东制药,4.01,4.01,3.94,3.96,40906,16267240.0,-0.05,-1.2468827930174564
2018-09-17,15:00,sz300158,振东制药,3.94,3.97,3.88,3.89,53594,20987302.0,-0.07,-1.7676767676767675
2018-09-18,15:00,sz300158,振东制药,3.86,3.98,3.85,3.96,40355,15817885.0,0.07,1.7994858611825193
2018-09-19,15:00,sz300158,振东制药,3.95,4.02,3.93,3.99,52459,20919660.0,0.03,0.7575757575757576
2018-09-20,15:00,sz300158,振东制药,3.99,4.03,3.98,4.03,48639,19497968.0,0.04,1.0025062656641603
2018-09-21,15:00,sz300158,振东制药,4.0,4.16,4.0,4.12,86384,35364896.0,0.09,2.2332506203473943
2018-09-25,15:00,sz300158,振东制药,4.09,4.12,4.07,4.1,36530,14957714.0,-0.02,-0.4854368932038834
2018-09-26,15:00,sz300158,振东制药,4.11,4.17,4.08,4.13,64779,26785740.0,0.03,0.7317073170731708
2018-09-27,15:00,sz300158,振东制药,4.12,4.22,4.09,4.15,80799,33688424.0,0.02,0.4842615012106537
2018-09-28,15:00,sz300158,振东制药,4.18,4.25,4.14,4.25,62102,26132246.0,0.1,2.409638554216868
2018-10-08,15:00,sz300158,振东制药,4.19,4.19,4.05,4.07,62419,25748424.0,-0.18,-4.235294117647059
2018-10-09,15:00,sz300158,振东制药,4.08,4.13,4.06,4.11,30064,12328324.0,0.04,0.9828009828009828
2018-10-10,15:00,sz300158,振东制药,4.12,4.16,4.05,4.15,34803,14300838.0,0.04,0.97323600973236
2018-10-11,15:00,sz300158,振东制药,4.05,4.05,3.8,3.85,90616,35435692.0,-0.3,-7.228915662650602
2018-10-12,15:00,sz300158,振东制药,3.8,3.97,3.78,3.93,55882,21641144.0,0.08,2.0779220779220777
2018-10-15,15:00,sz300158,振东制药,3.9,3.95,3.84,3.85,53014,20613664.0,-0.08,-2.035623409669211
2018-10-16,15:00,sz300158,振东制药,3.84,3.91,3.75,3.8,42267,16168759.0,-0.05,-1.2987012987012987
2018-10-17,15:00,sz300158,振东制药,3.82,3.83,3.59,3.68,63946,23706960.0,-0.12,-3.1578947368421053
2018-10-18,15:00,sz300158,振东制药,3.65,3.67,3.57,3.61,23671,8579866.0,-0.07,-1.9021739130434785
2018-10-19,15:00,sz300158,振东制药,3.56,3.73,3.5,3.72,57740,20954758.0,0.11,3.0470914127423825
2018-10-22,15:00,sz300158,振东制药,3.72,3.9,3.72,3.84,49958,19152120.0,0.12,3.225806451612903
2018-10-23,15:00,sz300158,振东制药,3.84,3.88,3.8,3.82,33398,12826990.0,-0.02,-0.5208333333333333
2018-10-24,15:00,sz300158,振东制药,3.85,3.86,3.75,3.8,44043,16703506.0,-0.02,-0.5235602094240838
2018-10-25,15:00,sz300158,振东制药,3.7,3.74,3.65,3.72,47589,17647376.0,-0.08,-2.1052631578947367
2018-10-26,15:00,sz300158,振东制药,3.74,3.78,3.73,3.78,38233,14382244.0,0.06,1.6129032258064515
2018-10-29,15:00,sz300158,振东制药,3.74,3.8,3.71,3.73,40310,15160012.0,-0.05,-1.3227513227513228
2018-10-30,15:00,sz300158,振东制药,3.72,3.8,3.71,3.78,44615,16777736.0,0.05,1.3404825737265416
2018-10-31,15:00,sz300158,振东制药,3.8,3.84,3.75,3.82,47828,18170512.0,0.04,1.058201058201058
2018-11-01,15:00,sz300158,振东制药,3.82,3.95,3.8,3.84,69245,26737726.0,0.02,0.5235602094240838
2018-11-02,15:00,sz300158,振东制药,3.86,3.93,3.86,3.92,44469,17360448.0,0.08,2.083333333333333
2018-11-05,15:00,sz300158,振东制药,3.93,4.02,3.9,3.98,59242,23416970.0,0.06,1.530612244897959
2018-11-06,15:00,sz300158,振东制药,3.96,3.97,3.91,3.97,37266,14662039.0,-0.01,-0.2512562814070351
2018-11-07,15:00,sz300158,振东制药,3.9,3.95,3.89,3.9,50369,19760878.0,-0.07,-1.7632241813602016
2018-11-08,15:00,sz300158,振东制药,3.91,3.93,3.88,3.89,34143,13326712.0,-0.01,-0.2564102564102564
2018-11-09,15:00,sz300158,振东制药,3.86,3.88,3.84,3.87,42807,16538332.0,-0.02,-0.5141388174807198
2018-11-12,15:00,sz300158,振东制药,3.88,4.02,3.86,4.02,78015,30965816.0,0.15,3.875968992248062
2018-11-13,15:00,sz300158,振东制药,3.99,4.2,3.96,4.14,100766,41341944.0,0.12,2.985074626865672
2018-11-14,15:00,sz300158,振东制药,4.14,4.2,4.08,4.12,95894,39523696.0,-0.02,-0.4830917874396135
2018-11-15,15:00,sz300158,振东制药,4.15,4.17,4.07,4.14,69223,28561290.0,0.02,0.4854368932038834
2018-11-16,15:00,sz300158,振东制药,4.15,4.23,4.14,4.21,86128,36103696.0,0.07,1.6908212560386473
2018-11-19,15:00,sz300158,振东制药,4.21,4.25,4.18,4.25,60644,25563810.0,0.04,0.9501187648456058
2018-11-20,15:00,sz300158,振东制药,4.21,4.25,4.09,4.1,62435,26026564.0,-0.15,-3.5294117647058822
2018-11-21,15:00,sz300158,振东制药,4.05,4.18,4.03,4.15,45044,18604726.0,0.05,1.2195121951219512
2018-11-22,15:00,sz300158,振东制药,4.16,4.22,4.12,4.21,46568,19450730.0,0.06,1.4457831325301205
2018-11-23,15:00,sz300158,振东制药,4.18,4.21,4.03,4.04,58111,23872552.0,-0.17,-4.038004750593824
2018-11-26,15:00,sz300158,振东制药,4.04,4.07,3.99,4.05,34062,13737956.0,0.01,0.2475247524752475
2018-11-27,15:00,sz300158,振东制药,4.06,4.1,4.04,4.09,35134,14282695.0,0.04,0.9876543209876544
2018-11-28,15:00,sz300158,振东制药,4.08,4.1,4.0,4.08,38946,15783998.0,-0.01,-0.2444987775061124
2018-11-29,15:00,sz300158,振东制药,4.09,4.14,4.02,4.02,37988,15501368.0,-0.06,-1.4705882352941175
2018-11-30,15:00,sz300158,振东制药,4.0,4.03,3.96,4.02,34523,13793461.0,0.0,0.0
2018-12-03,15:00,sz300158,振东制药,4.08,4.14,4.03,4.1,101689,41513872.0,0.08,1.9900497512437807
2018-12-04,15:00,sz300158,振东制药,4.07,4.14,4.06,4.13,53490,21956800.0,0.03,0.7317073170731708
2018-12-05,15:00,sz300158,振东制药,4.07,4.16,4.03,4.12,53852,22102716.0,-0.01,-0.2421307506053268
2018-12-06,15:00,sz300158,振东制药,4.1,4.16,4.06,4.09,46254,18963868.0,-0.03,-0.7281553398058253
2018-12-07,15:00,sz300158,振东制药,4.08,4.08,3.99,4.0,44983,18068918.0,-0.09,-2.2004889975550124
2018-12-10,15:00,sz300158,振东制药,3.95,3.97,3.87,3.88,36439,14251732.0,-0.12,-3.0
2018-12-11,15:00,sz300158,振东制药,3.88,3.93,3.87,3.89,18470,7205983.5,0.01,0.2577319587628865
2018-12-12,15:00,sz300158,振东制药,3.92,3.92,3.84,3.91,37580,14553498.0,0.02,0.5141388174807198
2018-12-13,15:00,sz300158,振东制药,3.89,3.92,3.86,3.91,42907,16700912.0,0.0,0.0
2018-12-14,15:00,sz300158,振东制药,3.89,3.9,3.79,3.82,40405,15534309.0,-0.09,-2.301790281329924
2018-12-17,15:00,sz300158,振东制药,3.81,3.84,3.75,3.77,28759,10894645.0,-0.05,-1.3089005235602094
2018-12-18,15:00,sz300158,振东制药,3.77,3.78,3.68,3.76,41705,15543578.0,-0.01,-0.2652519893899204
2018-12-19,15:00,sz300158,振东制药,3.74,3.77,3.72,3.74,20773,7782747.0,-0.02,-0.5319148936170213
2018-12-20,15:00,sz300158,振东制药,3.72,3.75,3.69,3.74,28939,10762873.0,0.0,0.0
2018-12-21,15:00,sz300158,振东制药,3.73,3.74,3.68,3.72,33330,12349279.0,-0.02,-0.53475935828877
2018-12-24,15:00,sz300158,振东制药,3.72,3.74,3.69,3.73,30552,11354198.0,0.01,0.2688172043010753
2018-12-25,15:00,sz300158,振东制药,3.71,3.71,3.55,3.64,54326,19673168.0,-0.09,-2.412868632707774
2018-12-26,15:00,sz300158,振东制药,3.64,3.77,3.63,3.77,97141,36043688.0,0.13,3.571428571428571
2018-12-27,15:00,sz300158,振东制药,3.78,3.83,3.78,3.8,74730,28455004.0,0.03,0.7957559681697612
2018-12-28,15:00,sz300158,振东制药,3.82,3.86,3.8,3.81,42383,16230176.0,0.01,0.2631578947368421
2019-01-02,15:00,sz300158,振东制药,3.81,4.01,3.81,3.98,116740,46167208.0,0.17,4.461942257217848
2019-01-03,15:00,sz300158,振东制药,3.95,3.99,3.92,3.97,32666,12901319.0,-0.01,-0.2512562814070351
2019-01-04,15:00,sz300158,振东制药,3.96,4.0,3.92,3.97,45272,17952204.0,0.0,0.0
2019-01-07,15:00,sz300158,振东制药,3.98,4.05,3.97,4.04,129746,52236116.0,0.07,1.7632241813602016
2019-01-08,15:00,sz300158,振东制药,4.05,4.06,3.88,3.9,77968,30785200.0,-0.14,-3.4653465346534658
2019-01-09,15:00,sz300158,振东制药,3.9,3.95,3.88,3.89,85160,33380440.0,-0.01,-0.2564102564102564
2019-01-10,15:00,sz300158,振东制药,3.89,3.91,3.84,3.88,27201,10556942.0,-0.01,-0.2570694087403599
2019-01-11,15:00,sz300158,振东制药,3.87,3.92,3.85,3.87,64335,24900738.0,-0.01,-0.2577319587628865
2019-01-14,15:00,sz300158,振东制药,3.87,3.88,3.82,3.83,27766,10701752.0,-0.04,-1.03359173126615
2019-01-15,15:00,sz300158,振东制药,3.84,3.87,3.81,3.86,29771,11455306.0,0.03,0.7832898172323759
2019-01-16,15:00,sz300158,振东制药,3.86,3.94,3.86,3.91,37300,14546164.0,0.05,1.2953367875647668
2019-01-17,15:00,sz300158,振东制药,3.9,3.9,3.81,3.81,36489,14028517.0,-0.1,-2.557544757033248
2019-01-18,15:00,sz300158,振东制药,3.83,3.87,3.81,3.86,25541,9799915.0,0.05,1.3123359580052494
2019-01-21,15:00,sz300158,振东制药,3.84,3.89,3.84,3.87,23284,9024338.0,0.01,0.2590673575129534
2019-01-22,15:00,sz300158,振东制药,3.87,3.87,3.83,3.84,14490,5578645.0,-0.03,-0.7751937984496124
2019-01-23,15:00,sz300158,振东制药,3.85,3.85,3.82,3.82,12150,4655041.0,-0.02,-0.5208333333333333
2019-01-24,15:00,sz300158,振东制药,3.81,3.82,3.76,3.79,42909,16253772.0,-0.03,-0.7853403141361256
2019-01-25,15:00,sz300158,振东制药,3.79,3.8,3.75,3.75,30681,11559795.0,-0.04,-1.0554089709762533
2019-01-28,15:00,sz300158,振东制药,3.72,3.75,3.69,3.7,53000,19677190.0,-0.05,-1.3333333333333337
2019-01-29,15:00,sz300158,振东制药,3.67,3.7,3.63,3.66,23877,8739742.0,-0.04,-1.0810810810810811
2019-01-30,15:00,sz300158,振东制药,3.68,3.68,3.63,3.63,22673,8287364.0,-0.03,-0.819672131147541
2019-01-31,15:00,sz300158,振东制药,3.61,3.64,3.59,3.6,31569,11407185.0,-0.03,-0.8264462809917356
2019-02-01,15:00,sz300158,振东制药,3.6,3.67,3.6,3.66,22551,8193412.0,0.06,1.6666666666666667
2019-02-11,15:00,sz300158,振东制药,3.67,3.75,3.65,3.74,29128,10795587.0,0.08,2.185792349726776
2019-02-12,15:00,sz300158,振东制药,3.75,3.83,3.74,3.77,45083,17096474.0,0.03,0.8021390374331552
2019-02-13,15:00,sz300158,振东制药,3.75,3.83,3.75,3.8,87565,33195314.0,0.03,0.7957559681697612
2019-02-14,15:00,sz300158,振东制药,3.79,3.82,3.78,3.8,52928,20096044.0,0.0,0.0
2019-02-15,15:00,sz300158,振东制药,3.8,3.81,3.78,3.78,41764,15845394.0,-0.02,-0.5263157894736842
2019-02-18,15:00,sz300158,振东制药,3.79,3.89,3.79,3.87,129116,49663964.0,0.09,2.380952380952381
2019-02-19,15:00,sz300158,振东制药,3.87,3.91,3.84,3.89,57229,22179584.0,0.02,0.516795865633075
2019-02-20,15:00,sz300158,振东制药,3.87,4.19,3.87,4.11,200520,80875456.0,0.22,5.655526992287918
2019-02-21,15:00,sz300158,振东制药,4.07,4.15,4.04,4.07,120850,49464912.0,-0.04,-0.97323600973236
2019-02-22,15:00,sz300158,振东制药,4.11,4.24,4.08,4.21,106506,44247968.0,0.14,3.43980343980344
2019-02-25,15:00,sz300158,振东制药,4.25,4.63,4.21,4.52,214775,93336720.0,0.31,7.363420427553444
2019-02-26,15:00,sz300158,振东制药,4.44,4.9,4.43,4.73,233339,110459248.0,0.21,4.646017699115045
2019-02-27,15:00,sz300158,振东制药,4.72,4.86,4.67,4.72,145416,69097464.0,-0.01,-0.2114164904862579
2019-02-28,15:00,sz300158,振东制药,4.73,5.09,4.71,5.06,206731,102760568.0,0.34,7.203389830508475
2019-03-01,15:00,sz300158,振东制药,5.12,5.47,4.87,5.11,245919,126420280.0,0.05,0.9881422924901186
2019-03-04,15:00,sz300158,振东制药,5.0,5.62,5.0,5.52,468736,251188000.0,0.41,8.023483365949119
2019-03-05,15:00,sz300158,振东制药,5.47,5.74,5.39,5.59,197720,109680664.0,0.07,1.2681159420289856
2019-03-06,15:00,sz300158,振东制药,5.59,5.63,5.32,5.49,232619,126458016.0,-0.1,-1.7889087656529516
2019-03-07,15:00,sz300158,振东制药,5.44,6.04,5.29,5.86,351465,198859312.0,0.37,6.739526411657559
2019-03-08,15:00,sz300158,振东制药,5.68,6.0,5.51,5.6,223489,127858272.0,-0.26,-4.436860068259386
2019-03-11,15:00,sz300158,振东制药,5.59,5.85,5.36,5.78,149390,83411168.0,0.18,3.214285714285714
2019-03-12,15:00,sz300158,振东制药,5.5,5.8,5.4,5.8,418449,234117760.0,0.02,0.3460207612456747
2019-03-13,15:00,sz300158,振东制药,5.77,5.79,5.38,5.42,193370,108363392.0,-0.38,-6.551724137931035
2019-03-14,15:00,sz300158,振东制药,5.39,5.59,5.39,5.47,158582,86883168.0,0.05,0.9225092250922508
2019-03-15,15:00,sz300158,振东制药,5.47,5.58,5.37,5.48,133604,72844456.0,0.01,0.1828153564899451
2019-03-18,15:00,sz300158,振东制药,5.51,5.51,5.16,5.32,226185,119836176.0,-0.16,-2.9197080291970803
2019-03-19,15:00,sz300158,振东制药,5.32,5.34,5.14,5.17,214844,112307696.0,-0.15,-2.819548872180451
2019-03-20,15:00,sz300158,振东制药,5.21,5.22,4.96,5.1,299562,152045056.0,-0.07,-1.3539651837524178
2019-03-21,15:00,sz300158,振东制药,5.13,5.24,5.06,5.21,369359,189929584.0,0.11,2.156862745098039
2019-03-22,15:00,sz300158,振东制药,5.13,5.16,4.93,5.04,227194,114173232.0,-0.17,-3.262955854126679
2019-03-25,15:00,sz300158,振东制药,4.92,4.98,4.81,4.85,245346,120025832.0,-0.19,-3.7698412698412698
2019-03-26,15:00,sz300158,振东制药,4.89,4.94,4.8,4.82,183829,89498464.0,-0.03,-0.6185567010309279
2019-03-27,15:00,sz300158,振东制药,4.84,4.96,4.82,4.83,162048,79055312.0,0.01,0.2074688796680498
2019-03-28,15:00,sz300158,振东制药,4.82,4.95,4.71,4.87,155472,75619280.0,0.04,0.8281573498964804
2019-03-29,15:00,sz300158,振东制药,4.9,5.13,4.84,5.08,203644,101679704.0,0.21,4.312114989733059
2019-04-01,15:00,sz300158,振东制药,5.13,5.2,5.0,5.16,307495,157088112.0,0.08,1.574803149606299
2019-04-02,15:00,sz300158,振东制药,5.14,5.18,5.06,5.08,230712,117787768.0,-0.08,-1.550387596899225
2019-04-03,15:00,sz300158,振东制药,5.06,5.11,5.0,5.09,175672,88886672.0,0.01,0.1968503937007873
2019-04-04,15:00,sz300158,振东制药,5.09,5.11,5.02,5.07,138877,70335248.0,-0.02,-0.3929273084479371
2019-04-08,15:00,sz300158,振东制药,5.06,5.24,5.06,5.16,207903,106994856.0,0.09,1.7751479289940828
2019-04-09,15:00,sz300158,振东制药,5.13,5.16,4.99,5.05,220093,110979360.0,-0.11,-2.131782945736434
2019-04-10,15:00,sz300158,振东制药,5.02,5.11,4.92,5.08,284400,143338576.0,0.03,0.594059405940594
2019-04-11,15:00,sz300158,振东制药,5.11,5.25,5.0,5.25,436630,224262224.0,0.17,3.346456692913386
2019-04-12,15:00,sz300158,振东制药,5.78,5.78,5.43,5.78,685301,393231040.0,0.53,10.095238095238097
2019-04-15,15:00,sz300158,振东制药,5.78,5.78,5.2,5.22,995578,540665792.0,-0.56,-9.688581314878892
2019-04-16,15:00,sz300158,振东制药,5.18,5.18,4.92,5.16,451103,227049504.0,-0.06,-1.1494252873563218
2019-04-17,15:00,sz300158,振东制药,5.1,5.44,5.1,5.36,430397,226110704.0,0.2,3.875968992248062
2019-04-18,15:00,sz300158,振东制药,5.28,5.46,5.28,5.31,245863,131482608.0,-0.05,-0.9328358208955224
2019-04-19,15:00,sz300158,振东制药,5.31,5.66,5.29,5.6,449349,248433920.0,0.29,5.4613935969868175
2019-04-22,15:00,sz300158,振东制药,5.74,6.16,5.61,5.9,476021,282168768.0,0.3,5.357142857142857
2019-04-23,15:00,sz300158,振东制药,5.94,6.11,5.75,5.78,307297,180279088.0,-0.12,-2.0338983050847457
2019-04-24,15:00,sz300158,振东制药,5.87,5.97,5.71,5.8,265540,155350496.0,0.02,0.3460207612456747
2019-04-25,15:00,sz300158,振东制药,5.79,5.96,5.61,5.63,221667,128699288.0,-0.17,-2.931034482758621
2019-04-26,15:00,sz300158,振东制药,5.55,5.69,5.25,5.37,176354,96261760.0,-0.26,-4.618117229129663
2019-04-29,15:00,sz300158,振东制药,5.44,5.57,5.17,5.19,187106,99880184.0,-0.18,-3.35195530726257
2019-04-30,15:00,sz300158,振东制药,5.27,5.29,5.1,5.16,89236,46555452.0,-0.03,-0.5780346820809248
2019-05-06,15:00,sz300158,振东制药,5.06,5.06,4.68,4.87,194993,94706936.0,-0.29,-5.62015503875969
2019-05-07,15:00,sz300158,振东制药,4.94,4.97,4.83,4.9,123084,60398080.0,0.03,0.6160164271047228
2019-05-08,15:00,sz300158,振东制药,4.86,4.98,4.77,4.88,122252,59651784.0,-0.02,-0.4081632653061224
2019-05-09,15:00,sz300158,振东制药,4.82,4.88,4.78,4.79,90089,43516540.0,-0.09,-1.8442622950819672
2019-05-10,15:00,sz300158,振东制药,4.82,5.03,4.78,5.0,158357,77751384.0,0.21,4.384133611691024
2019-05-13,15:00,sz300158,振东制药,4.95,5.24,4.8,5.09,146569,74718344.0,0.09,1.7999999999999998
2019-05-14,15:00,sz300158,振东制药,5.0,5.23,4.97,5.16,128175,66090328.0,0.07,1.37524557956778
2019-05-15,15:00,sz300158,振东制药,5.16,5.51,5.16,5.45,155290,83357080.0,0.29,5.62015503875969
2019-05-16,15:00,sz300158,振东制药,5.55,5.55,5.37,5.46,131377,71337912.0,0.01,0.1834862385321101
2019-05-17,15:00,sz300158,振东制药,5.4,5.52,5.29,5.32,106915,57713472.0,-0.14,-2.564102564102564
2019-05-20,15:00,sz300158,振东制药,5.38,5.38,5.1,5.14,111789,57735560.0,-0.18,-3.3834586466165413
2019-05-21,15:00,sz300158,振东制药,5.12,5.34,5.11,5.22,84735,44041992.0,0.08,1.556420233463035
2019-05-22,15:00,sz300158,振东制药,5.21,5.22,5.06,5.08,90352,46256268.0,-0.14,-2.681992337164751
2019-05-23,15:00,sz300158,振东制药,5.11,5.11,4.83,4.86,123247,60873492.0,-0.22,-4.330708661417323
2019-05-24,15:00,sz300158,振东制药,4.91,4.97,4.86,4.92,70036,34395888.0,0.06,1.2345679012345678
2019-05-27,15:00,sz300158,振东制药,4.94,5.02,4.84,4.98,78988,38867412.0,0.06,1.2195121951219512
2019-05-28,15:00,sz300158,振东制药,4.97,5.0,4.9,4.92,66338,32894016.0,-0.06,-1.2048192771084338
2019-05-29,15:00,sz300158,振东制药,4.94,4.94,4.88,4.88,47761,23424436.0,-0.04,-0.8130081300813009
2019-05-30,15:00,sz300158,振东制药,4.86,4.86,4.75,4.8,68404,32864116.0,-0.08,-1.639344262295082
2019-05-31,15:00,sz300158,振东制药,4.83,4.88,4.79,4.84,47441,22984550.0,0.04,0.8333333333333334
2019-06-03,15:00,sz300158,振东制药,4.88,4.88,4.74,4.75,48506,23223988.0,-0.09,-1.859504132231405
2019-06-04,15:00,sz300158,振东制药,4.74,4.8,4.72,4.78,34738,16551010.0,0.03,0.631578947368421
2019-06-05,15:00,sz300158,振东制药,4.79,4.85,4.72,4.76,49945,23847072.0,-0.02,-0.4184100418410041
2019-06-06,15:00,sz300158,振东制药,4.75,4.76,4.5,4.52,62729,28911010.0,-0.24,-5.042016806722689
2019-06-10,15:00,sz300158,振东制药,4.59,4.94,4.54,4.86,123312,59458100.0,0.34,7.52212389380531
2019-06-11,15:00,sz300158,振东制药,4.88,5.22,4.86,5.16,170043,87020840.0,0.3,6.172839506172839
2019-06-12,15:00,sz300158,振东制药,5.12,5.19,5.07,5.12,112598,57733352.0,-0.04,-0.7751937984496124
2019-06-13,15:00,sz300158,振东制药,5.14,5.18,5.06,5.09,87574,44823176.0,-0.03,-0.5859375
2019-06-14,15:00,sz300158,振东制药,5.19,5.34,5.09,5.1,122434,63597488.0,0.01,0.1964636542239685
2019-06-17,15:00,sz300158,振东制药,5.15,5.24,5.04,5.16,91872,47344100.0,0.06,1.1764705882352942
2019-06-18,15:00,sz300158,振东制药,5.18,5.22,5.0,5.1,142983,73120000.0,-0.06,-1.162790697674419
2019-06-19,15:00,sz300158,振东制药,5.2,5.2,5.08,5.11,108004,55608120.0,0.01,0.196078431372549
2019-06-20,15:00,sz300158,振东制药,5.12,5.16,5.05,5.07,91437,46522684.0,-0.04,-0.7827788649706457
2019-06-21,15:00,sz300158,振东制药,5.1,5.17,5.07,5.11,85068,43520532.0,0.04,0.7889546351084813
2019-06-24,15:00,sz300158,振东制药,5.13,5.22,5.1,5.18,155603,80647896.0,0.07,1.36986301369863
2019-06-25,15:00,sz300158,振东制药,5.2,5.2,5.08,5.1,106148,54327408.0,-0.08,-1.5444015444015444
2019-06-26,15:00,sz300158,振东制药,5.1,5.26,5.08,5.2,162126,84212896.0,0.1,1.96078431372549
2019-06-27,15:00,sz300158,振东制药,5.19,5.31,5.18,5.23,220929,115771576.0,0.03,0.576923076923077
2019-06-28,15:00,sz300158,振东制药,5.22,5.55,5.22,5.42,204286,109761816.0,0.19,3.632887189292543
2019-07-01,15:00,sz300158,振东制药,5.56,5.95,5.55,5.9,302769,176029072.0,0.48,8.856088560885608
2019-07-02,15:00,sz300158,振东制药,6.05,6.12,5.82,6.0,263686,157455536.0,0.1,1.694915254237288
2019-07-03,15:00,sz300158,振东制药,6.1,6.16,5.96,6.09,170204,103044080.0,0.09,1.5
2019-07-04,15:00,sz300158,振东制药,6.12,6.22,6.07,6.18,138618,85178336.0,0.09,1.477832512315271
2019-07-05,15:00,sz300158,振东制药,6.23,6.33,6.1,6.2,127944,79541320.0,0.02,0.3236245954692557
2019-07-08,15:00,sz300158,振东制药,6.29,6.29,5.89,5.99,220230,132315152.0,-0.21,-3.387096774193549
2019-07-09,15:00,sz300158,振东制药,6.1,6.17,5.89,5.98,133488,80285320.0,-0.01,-0.1669449081803005
2019-07-10,15:00,sz300158,振东制药,6.1,6.17,5.9,5.9,121731,73292976.0,-0.08,-1.3377926421404682
2019-07-11,15:00,sz300158,振东制药,5.97,5.99,5.56,5.6,237648,135558944.0,-0.3,-5.084745762711865
2019-07-12,15:00,sz300158,振东制药,5.71,5.78,5.44,5.45,151399,84647192.0,-0.15,-2.6785714285714284
2019-07-15,15:00,sz300158,振东制药,5.51,5.62,5.4,5.49,120360,66150896.0,0.04,0.7339449541284404
2019-07-16,15:00,sz300158,振东制药,5.52,5.55,5.41,5.44,97675,53463256.0,-0.05,-0.9107468123861568
2019-07-17,15:00,sz300158,振东制药,5.43,5.53,5.4,5.44,83474,45501144.0,0.0,0.0
2019-07-18,15:00,sz300158,振东制药,5.46,5.46,5.23,5.35,96979,52011620.0,-0.09,-1.6544117647058825
2019-07-19,15:00,sz300158,振东制药,5.4,5.42,5.22,5.28,99100,52727840.0,-0.07,-1.3084112149532712
2019-07-22,15:00,sz300158,振东制药,5.29,5.32,5.1,5.24,78085,40768068.0,-0.04,-0.7575757575757576
2019-07-23,15:00,sz300158,振东制药,5.21,5.25,5.1,5.21,64359,33353276.0,-0.03,-0.5725190839694656
2019-07-24,15:00,sz300158,振东制药,5.21,5.44,5.18,5.41,75684,40532608.0,0.2,3.83877159309021
2019-07-25,15:00,sz300158,振东制药,5.43,5.6,5.35,5.54,82102,45311384.0,0.13,2.4029574861367835
2019-07-26,15:00,sz300158,振东制药,5.55,5.59,5.49,5.5,68735,37997712.0,-0.04,-0.7220216606498195
2019-07-29,15:00,sz300158,振东制药,5.52,5.65,5.44,5.45,71137,39320100.0,-0.05,-0.9090909090909092
2019-07-30,15:00,sz300158,振东制药,5.53,5.63,5.5,5.56,70168,39016464.0,0.11,2.018348623853212
2019-07-31,15:00,sz300158,振东制药,5.53,5.62,5.51,5.61,48825,27242138.0,0.05,0.8992805755395683
2019-08-01,15:00,sz300158,振东制药,5.56,5.75,5.56,5.66,67883,38336752.0,0.05,0.8912655971479502
2019-08-02,15:00,sz300158,振东制药,5.59,5.69,5.51,5.61,68785,38519928.0,-0.05,-0.88339222614841
2019-08-05,15:00,sz300158,振东制药,5.61,5.62,5.44,5.45,67413,37160052.0,-0.16,-2.8520499108734403
2019-08-06,15:00,sz300158,振东制药,5.38,5.42,5.1,5.34,81623,43040400.0,-0.11,-2.018348623853212
2019-08-07,15:00,sz300158,振东制药,5.29,5.55,5.29,5.41,46992,25528598.0,0.07,1.310861423220974
2019-08-08,15:00,sz300158,振东制药,5.37,5.48,5.33,5.35,35810,19290842.0,-0.06,-1.1090573012939002
2019-08-09,15:00,sz300158,振东制药,5.32,5.39,5.19,5.21,64894,34113368.0,-0.14,-2.6168224299065423
2019-08-12,15:00,sz300158,振东制药,5.27,5.41,5.2,5.36,46115,24379756.0,0.15,2.8790786948176583
2019-08-13,15:00,sz300158,振东制药,5.42,5.78,5.36,5.6,118893,66254644.0,0.24,4.477611940298507
2019-08-14,15:00,sz300158,振东制药,5.64,5.67,5.47,5.5,71958,39961120.0,-0.1,-1.7857142857142856
2019-08-15,15:00,sz300158,振东制药,5.36,5.58,5.28,5.58,92586,50332932.0,0.08,1.4545454545454546
2019-08-16,15:00,sz300158,振东制药,5.55,5.58,5.4,5.41,101207,55473500.0,-0.17,-3.046594982078853
2019-08-19,15:00,sz300158,振东制药,5.46,5.57,5.29,5.57,145393,79035200.0,0.16,2.957486136783734
2019-08-20,15:00,sz300158,振东制药,5.53,5.97,5.53,5.94,304922,177500400.0,0.37,6.642728904847396
2019-08-21,15:00,sz300158,振东制药,5.93,6.03,5.75,5.83,213631,125209160.0,-0.11,-1.851851851851852
2019-08-22,15:00,sz300158,振东制药,5.88,5.9,5.71,5.81,117332,67995120.0,-0.02,-0.3430531732418524
2019-08-23,15:00,sz300158,振东制药,5.79,5.95,5.75,5.81,120277,70041744.0,0.0,0.0
2019-08-26,15:00,sz300158,振东制药,5.68,5.89,5.61,5.79,184594,106788320.0,-0.02,-0.3442340791738382
2019-08-27,15:00,sz300158,振东制药,5.8,6.02,5.6,5.95,314689,185194304.0,0.16,2.763385146804836
2019-08-28,15:00,sz300158,振东制药,5.95,6.04,5.79,5.81,159829,94295904.0,-0.14,-2.3529411764705883
2019-08-29,15:00,sz300158,振东制药,5.84,5.87,5.77,5.79,90444,52645720.0,-0.02,-0.3442340791738382
2019-08-30,15:00,sz300158,振东制药,5.8,5.92,5.76,5.9,93245,54317300.0,0.11,1.8998272884283247
2019-09-02,15:00,sz300158,振东制药,5.91,6.45,5.9,6.34,398816,246929952.0,0.44,7.457627118644068
2019-09-03,15:00,sz300158,振东制药,6.36,6.58,6.23,6.56,272279,176369184.0,0.22,3.4700315457413247
2019-09-04,15:00,sz300158,振东制药,6.57,6.66,6.21,6.26,397201,254345584.0,-0.3,-4.573170731707317
2019-09-05,15:00,sz300158,振东制药,6.35,6.89,6.19,6.79,534806,355284768.0,0.53,8.466453674121405
2019-09-06,15:00,sz300158,振东制药,6.84,6.89,6.11,6.11,712800,449746912.0,-0.68,-10.014727540500736
2019-09-09,15:00,sz300158,振东制药,5.76,5.76,5.5,5.5,679706,378307904.0,-0.61,-9.983633387888707
2019-09-10,15:00,sz300158,振东制药,5.38,5.61,5.3,5.47,530979,289871232.0,-0.03,-0.5454545454545455
2019-09-11,15:00,sz300158,振东制药,5.47,5.48,5.2,5.31,533978,284502944.0,-0.16,-2.9250457038391224
2019-09-12,15:00,sz300158,振东制药,5.29,5.37,5.23,5.34,200838,106482176.0,0.03,0.5649717514124294
2019-09-16,15:00,sz300158,振东制药,5.34,5.37,5.31,5.32,186981,99707248.0,-0.02,-0.3745318352059925
2019-09-17,15:00,sz300158,振东制药,5.32,5.32,5.21,5.23,189949,99434528.0,-0.09,-1.6917293233082706
2019-09-18,15:00,sz300158,振东制药,5.25,5.28,5.23,5.28,106070,55744188.0,0.05,0.9560229445506692
2019-09-19,15:00,sz300158,振东制药,5.28,5.33,5.26,5.31,108246,57390240.0,0.03,0.5681818181818182
2019-09-20,15:00,sz300158,振东制药,5.3,5.31,5.27,5.27,77796,41137704.0,-0.04,-0.7532956685499058
2019-09-23,15:00,sz300158,振东制药,5.29,5.29,5.12,5.18,128280,66245072.0,-0.09,-1.7077798861480076
2019-09-24,15:00,sz300158,振东制药,5.17,5.2,5.13,5.14,83726,43219280.0,-0.04,-0.7722007722007722
2019-09-25,15:00,sz300158,振东制药,5.15,5.15,4.99,5.0,170946,86096464.0,-0.14,-2.723735408560312
2019-09-26,15:00,sz300158,振东制药,5.0,5.03,4.77,4.8,206767,100286296.0,-0.2,-4.0
2019-09-27,15:00,sz300158,振东制药,4.75,5.02,4.75,4.98,198861,98000216.0,0.18,3.75
2019-09-30,15:00,sz300158,振东制药,4.98,5.02,4.85,4.88,80612,39682952.0,-0.1,-2.0080321285140563
2019-10-08,15:00,sz300158,振东制药,4.86,4.92,4.77,4.82,77841,37758440.0,-0.06,-1.2295081967213115
2019-10-09,15:00,sz300158,振东制药,4.82,4.89,4.79,4.89,57446,27889364.0,0.07,1.4522821576763485
2019-10-10,15:00,sz300158,振东制药,4.92,5.0,4.9,4.95,67698,33584916.0,0.06,1.2269938650306749
2019-10-11,15:00,sz300158,振东制药,4.97,4.99,4.91,4.94,70601,34890312.0,-0.01,-0.202020202020202
2019-10-14,15:00,sz300158,振东制药,4.96,5.25,4.96,5.14,215917,110134048.0,0.2,4.048582995951417
2019-10-15,15:00,sz300158,振东制药,5.1,5.18,5.07,5.14,122461,62769560.0,0.0,0.0
2019-10-16,15:00,sz300158,振东制药,5.15,5.23,5.14,5.17,105592,54726476.0,0.03,0.5836575875486382
2019-10-17,15:00,sz300158,振东制药,5.15,5.18,5.1,5.14,62343,32011728.0,-0.03,-0.5802707930367506
2019-10-18,15:00,sz300158,振东制药,5.15,5.22,5.1,5.16,72428,37297884.0,0.02,0.3891050583657587
2019-10-21,15:00,sz300158,振东制药,5.14,5.14,4.96,5.0,73752,36990804.0,-0.16,-3.10077519379845
2019-10-22,15:00,sz300158,振东制药,5.08,5.1,4.99,5.05,58146,29404720.0,0.05,1.0
2019-10-23,15:00,sz300158,振东制药,5.02,5.08,4.97,4.98,58944,29614532.0,-0.07,-1.3861386138613865
2019-10-24,15:00,sz300158,振东制药,4.95,4.98,4.86,4.91,113048,55337832.0,-0.07,-1.4056224899598393
2019-10-25,15:00,sz300158,振东制药,4.92,4.95,4.87,4.92,64439,31631460.0,0.01,0.2036659877800407
2019-10-28,15:00,sz300158,振东制药,4.94,4.96,4.89,4.96,101498,50055728.0,0.04,0.8130081300813009
2019-10-29,15:00,sz300158,振东制药,4.96,4.97,4.87,4.88,77162,37824944.0,-0.08,-1.6129032258064515
2019-10-30,15:00,sz300158,振东制药,4.83,4.88,4.79,4.81,59061,28448458.0,-0.07,-1.4344262295081966
2019-10-31,15:00,sz300158,振东制药,4.81,4.85,4.77,4.78,55976,26888738.0,-0.03,-0.6237006237006237
2019-11-01,15:00,sz300158,振东制药,4.76,4.82,4.71,4.8,51796,24755532.0,0.02,0.4184100418410041
2019-11-04,15:00,sz300158,振东制药,4.81,4.87,4.78,4.81,73428,35492428.0,0.01,0.2083333333333333
2019-11-05,15:00,sz300158,振东制药,4.82,4.85,4.78,4.82,58608,28189014.0,0.01,0.2079002079002079
2019-11-06,15:00,sz300158,振东制药,4.85,4.85,4.79,4.81,53216,25653384.0,-0.01,-0.2074688796680498
2019-11-07,15:00,sz300158,振东制药,4.79,4.81,4.75,4.8,56744,27157108.0,-0.01,-0.2079002079002079
2019-11-08,15:00,sz300158,振东制药,4.81,4.83,4.76,4.76,47959,22961752.0,-0.04,-0.8333333333333334
2019-11-11,15:00,sz300158,振东制药,4.76,4.77,4.49,4.54,85738,39665908.0,-0.22,-4.621848739495799
2019-11-12,15:00,sz300158,振东制药,4.58,4.66,4.55,4.56,65073,29864744.0,0.02,0.4405286343612335
2019-11-13,15:00,sz300158,振东制药,4.56,4.64,4.55,4.61,66509,30648714.0,0.05,1.0964912280701753
2019-11-14,15:00,sz300158,振东制药,4.58,4.65,4.57,4.6,50703,23368516.0,-0.01,-0.2169197396963123
2019-11-15,15:00,sz300158,振东制药,4.59,4.63,4.5,4.51,52203,23837852.0,-0.09,-1.956521739130435
2019-11-18,15:00,sz300158,振东制药,4.64,4.82,4.58,4.68,116574,54838632.0,0.17,3.76940133037694
2019-11-19,15:00,sz300158,振东制药,4.66,4.8,4.62,4.74,88857,42100800.0,0.06,1.282051282051282
2019-11-20,15:00,sz300158,振东制药,4.72,4.76,4.66,4.68,57087,26837380.0,-0.06,-1.2658227848101269
2019-11-21,15:00,sz300158,振东制药,4.7,4.7,4.63,4.64,37410,17390180.0,-0.04,-0.8547008547008548
2019-11-22,15:00,sz300158,振东制药,4.64,4.67,4.55,4.59,56230,25954410.0,-0.05,-1.0775862068965518
2019-11-25,15:00,sz300158,振东制药,4.61,4.65,4.54,4.65,66981,30766668.0,0.06,1.30718954248366
2019-11-26,15:00,sz300158,振东制药,4.75,4.82,4.7,4.78,157018,74806704.0,0.13,2.795698924731183
2019-11-27,15:00,sz300158,振东制药,4.73,4.79,4.7,4.71,85831,40677488.0,-0.07,-1.4644351464435146
2019-11-28,15:00,sz300158,振东制药,4.68,4.73,4.67,4.68,40707,19116644.0,-0.03,-0.6369426751592357
2019-11-29,15:00,sz300158,振东制药,4.7,4.79,4.69,4.74,66644,31549426.0,0.06,1.282051282051282
2019-12-02,15:00,sz300158,振东制药,4.72,4.74,4.67,4.7,50496,23729850.0,-0.04,-0.8438818565400843
2019-12-03,15:00,sz300158,振东制药,4.68,4.68,4.56,4.62,77762,35876784.0,-0.08,-1.702127659574468
2019-12-04,15:00,sz300158,振东制药,4.61,4.66,4.59,4.6,53982,24896480.0,-0.02,-0.4329004329004329
2019-12-05,15:00,sz300158,振东制药,4.62,4.64,4.59,4.61,55837,25730274.0,0.01,0.217391304347826
2019-12-06,15:00,sz300158,振东制药,4.6,4.62,4.58,4.61,45567,20957584.0,0.0,0.0
2019-12-09,15:00,sz300158,振东制药,4.55,4.57,4.51,4.53,101058,45837528.0,-0.08,-1.735357917570499
2019-12-10,15:00,sz300158,振东制药,4.52,4.54,4.51,4.52,45787,20733856.0,-0.01,-0.2207505518763796
2019-12-11,15:00,sz300158,振东制药,4.53,4.54,4.45,4.48,63254,28404864.0,-0.04,-0.8849557522123894
2019-12-12,15:00,sz300158,振东制药,4.48,4.5,4.44,4.47,51150,22810912.0,-0.01,-0.2232142857142857
2019-12-13,15:00,sz300158,振东制药,4.49,4.49,4.45,4.48,68003,30381364.0,0.01,0.2237136465324384
2019-12-16,15:00,sz300158,振东制药,4.49,4.52,4.46,4.51,82004,36874132.0,0.03,0.6696428571428571
2019-12-17,15:00,sz300158,振东制药,4.52,4.61,4.5,4.59,106397,48578864.0,0.08,1.7738359201773837
2019-12-18,15:00,sz300158,振东制药,4.6,4.68,4.56,4.63,131105,60387080.0,0.04,0.8714596949891068
2019-12-19,15:00,sz300158,振东制药,4.64,4.69,4.59,4.67,141689,65765464.0,0.04,0.8639308855291578
2019-12-20,15:00,sz300158,振东制药,4.66,4.71,4.61,4.69,166380,77643016.0,0.02,0.4282655246252677
2019-12-23,15:00,sz300158,振东制药,4.68,4.86,4.64,4.73,240453,114824248.0,0.04,0.8528784648187633
2019-12-24,15:00,sz300158,振东制药,4.74,4.78,4.69,4.74,101446,47931184.0,0.01,0.2114164904862579
2019-12-25,15:00,sz300158,振东制药,4.74,4.77,4.65,4.68,119747,56238428.0,-0.06,-1.2658227848101269
2019-12-26,15:00,sz300158,振东制药,4.68,4.71,4.63,4.67,95535,44517900.0,-0.01,-0.2136752136752137
2019-12-27,15:00,sz300158,振东制药,4.65,4.69,4.64,4.64,74603,34787436.0,-0.03,-0.6423982869379015
2019-12-30,15:00,sz300158,振东制药,4.65,4.65,4.57,4.61,114707,52723464.0,-0.03,-0.646551724137931
2019-12-31,15:00,sz300158,振东制药,4.63,4.95,4.61,4.84,381180,182954032.0,0.23,4.989154013015185
2020-01-02,15:00,sz300158,振东制药,4.76,4.81,4.68,4.77,335696,159221664.0,-0.07,-1.4462809917355373
2020-01-03,15:00,sz300158,振东制药,4.77,4.77,4.71,4.72,135865,64347112.0,-0.05,-1.0482180293501049
2020-01-06,15:00,sz300158,振东制药,4.72,4.75,4.67,4.73,139643,65954800.0,0.01,0.211864406779661
2020-01-07,15:00,sz300158,振东制药,4.71,4.77,4.71,4.75,122932,58363584.0,0.02,0.4228329809725158
2020-01-08,15:00,sz300158,振东制药,4.75,4.75,4.69,4.7,96565,45615592.0,-0.05,-1.0526315789473684
2020-01-09,15:00,sz300158,振东制药,4.72,4.8,4.72,4.75,109270,51865884.0,0.05,1.0638297872340423
2020-01-10,15:00,sz300158,振东制药,4.72,4.74,4.67,4.69,131466,61741468.0,-0.06,-1.263157894736842
2020-01-13,15:00,sz300158,振东制药,4.69,4.71,4.64,4.69,80461,37670792.0,0.0,0.0
2020-01-14,15:00,sz300158,振东制药,4.71,4.74,4.69,4.72,78636,37104972.0,0.03,0.6396588486140725
2020-01-15,15:00,sz300158,振东制药,4.74,4.75,4.67,4.75,123668,58361112.0,0.03,0.6355932203389831
2020-01-16,15:00,sz300158,振东制药,4.74,4.8,4.7,4.79,152871,72673728.0,0.04,0.8421052631578947
2020-01-17,15:00,sz300158,振东制药,4.79,4.81,4.73,4.75,104062,49503652.0,-0.04,-0.8350730688935281
2020-01-20,15:00,sz300158,振东制药,4.85,5.02,4.77,4.99,369910,181408416.0,0.24,5.052631578947368
2020-01-21,15:00,sz300158,振东制药,5.0,5.28,4.96,5.16,596374,305659968.0,0.17,3.406813627254509
2020-01-22,15:00,sz300158,振东制药,5.19,5.2,4.9,4.91,371728,185307008.0,-0.25,-4.844961240310078
2020-01-23,15:00,sz300158,振东制药,4.98,5.06,4.84,4.95,297849,147501152.0,0.04,0.8146639511201629
2020-02-03,15:00,sz300158,振东制药,5.3,5.44,4.46,5.12,920654,473733600.0,0.17,3.4343434343434343
2020-02-04,15:00,sz300158,振东制药,5.02,5.33,4.83,5.24,716599,366233408.0,0.12,2.34375
2020-02-05,15:00,sz300158,振东制药,5.56,5.76,5.33,5.76,940782,524025856.0,0.52,9.923664122137405
2020-02-06,15:00,sz300158,振东制药,5.66,6.34,5.55,6.14,1348239,810662528.0,0.38,6.597222222222222
2020-02-07,15:00,sz300158,振东制药,6.0,6.25,5.6,5.78,962369,569245952.0,-0.36,-5.863192182410423
2020-02-10,15:00,sz300158,振东制药,5.66,5.67,5.32,5.37,631400,343962048.0,-0.41,-7.093425605536333
2020-02-11,15:00,sz300158,振东制药,5.33,5.33,5.12,5.3,353466,185370064.0,-0.07,-1.303538175046555
2020-02-12,15:00,sz300158,振东制药,5.28,5.44,5.26,5.33,308133,164436016.0,0.03,0.5660377358490566
2020-02-13,15:00,sz300158,振东制药,5.33,5.33,5.11,5.16,342144,177657184.0,-0.17,-3.189493433395872
2020-02-14,15:00,sz300158,振东制药,5.2,5.31,5.09,5.26,339099,176176256.0,0.1,1.937984496124031
2020-02-17,15:00,sz300158,振东制药,5.26,5.52,5.21,5.49,451152,244403840.0,0.23,4.372623574144487
2020-02-18,15:00,sz300158,振东制药,5.59,5.59,5.4,5.47,370744,203098352.0,-0.02,-0.3642987249544626
2020-02-19,15:00,sz300158,振东制药,5.42,5.48,5.33,5.38,303437,163638384.0,-0.09,-1.6453382084095065
2020-02-20,15:00,sz300158,振东制药,5.36,5.41,5.26,5.34,227215,120956528.0,-0.04,-0.7434944237918215
2020-02-21,15:00,sz300158,振东制药,5.37,5.45,5.32,5.4,249723,134452992.0,0.06,1.1235955056179776
2020-02-24,15:00,sz300158,振东制药,5.43,5.48,5.36,5.37,243307,131382968.0,-0.03,-0.5555555555555556
2020-02-25,15:00,sz300158,振东制药,5.23,5.5,5.2,5.46,421011,227233072.0,0.09,1.675977653631285
2020-02-26,15:00,sz300158,振东制药,5.38,5.45,5.21,5.24,276147,146554480.0,-0.22,-4.029304029304029
2020-02-27,15:00,sz300158,振东制药,5.26,5.3,5.14,5.24,152343,79460808.0,0.0,0.0
2020-02-28,15:00,sz300158,振东制药,5.22,5.27,5.03,5.04,215360,110752928.0,-0.2,-3.816793893129771
2020-03-02,15:00,sz300158,振东制药,5.14,5.21,5.06,5.18,149122,76766288.0,0.14,2.7777777777777777
2020-03-03,15:00,sz300158,振东制药,5.22,5.3,5.18,5.22,192449,100674496.0,0.04,0.7722007722007722
2020-03-04,15:00,sz300158,振东制药,5.19,5.19,5.08,5.13,146305,75057040.0,-0.09,-1.7241379310344829
2020-03-05,15:00,sz300158,振东制药,5.15,5.19,5.08,5.16,190040,97609528.0,0.03,0.5847953216374269
2020-03-06,15:00,sz300158,振东制药,5.16,5.32,5.11,5.25,314237,165286032.0,0.09,1.744186046511628
2020-03-09,15:00,sz300158,振东制药,5.27,5.41,5.22,5.28,327741,174344496.0,0.03,0.5714285714285714
2020-03-10,15:00,sz300158,振东制药,5.3,5.3,5.05,5.2,215112,110869144.0,-0.08,-1.5151515151515151
2020-03-11,15:00,sz300158,振东制药,5.23,5.27,5.14,5.15,169226,87744968.0,-0.05,-0.9615384615384616
2020-03-12,15:00,sz300158,振东制药,5.12,5.19,5.07,5.16,141398,72543192.0,0.01,0.1941747572815534
2020-03-13,15:00,sz300158,振东制药,4.96,5.11,4.88,5.01,193659,96194424.0,-0.15,-2.9069767441860463
2020-03-16,15:00,sz300158,振东制药,5.09,5.22,5.03,5.03,276663,142079936.0,0.02,0.3992015968063871
2020-03-17,15:00,sz300158,振东制药,5.05,5.08,4.74,4.88,248054,121106632.0,-0.15,-2.982107355864811
2020-03-18,15:00,sz300158,振东制药,4.89,4.93,4.78,4.79,162573,79086304.0,-0.09,-1.8442622950819672
2020-03-19,15:00,sz300158,振东制药,4.81,4.84,4.67,4.78,162616,76993808.0,-0.01,-0.208768267223382
2020-03-20,15:00,sz300158,振东制药,4.8,4.84,4.73,4.83,129698,62090508.0,0.05,1.0460251046025104
2020-03-23,15:00,sz300158,振东制药,4.83,5.14,4.82,5.07,505705,251160000.0,0.24,4.968944099378882
2020-03-24,15:00,sz300158,振东制药,5.0,5.28,4.95,5.19,488075,250601648.0,0.12,2.366863905325444
2020-03-25,15:00,sz300158,振东制药,5.2,5.53,5.12,5.39,691752,370153312.0,0.2,3.853564547206165
2020-03-26,15:00,sz300158,振东制药,5.35,5.58,5.27,5.36,560411,303487072.0,-0.03,-0.5565862708719851
2020-03-27,15:00,sz300158,振东制药,5.42,5.42,5.19,5.22,366658,194886528.0,-0.14,-2.6119402985074625
2020-03-30,15:00,sz300158,振东制药,5.24,5.3,5.03,5.11,311616,160458192.0,-0.11,-2.10727969348659
2020-03-31,15:00,sz300158,振东制药,5.1,5.18,4.99,5.01,231100,116752744.0,-0.1,-1.9569471624266144
2020-04-01,15:00,sz300158,振东制药,4.99,5.1,4.92,5.06,240353,120425848.0,0.05,0.998003992015968
2020-04-02,15:00,sz300158,振东制药,5.04,5.08,4.94,5.05,179548,90072200.0,-0.01,-0.1976284584980237
2020-04-03,15:00,sz300158,振东制药,5.04,5.15,5.02,5.11,226998,115326816.0,0.06,1.188118811881188
2020-04-07,15:00,sz300158,振东制药,5.16,5.24,5.1,5.22,235995,122269328.0,0.11,2.152641878669276
2020-04-08,15:00,sz300158,振东制药,5.2,5.46,5.17,5.39,414174,221684272.0,0.17,3.256704980842912
2020-04-09,15:00,sz300158,振东制药,5.4,5.48,5.3,5.4,380963,205580480.0,0.01,0.1855287569573284
2020-04-10,15:00,sz300158,振东制药,5.37,5.5,5.28,5.37,340039,183463936.0,-0.03,-0.5555555555555556
2020-04-13,15:00,sz300158,振东制药,5.41,5.58,5.38,5.5,419208,230182992.0,0.13,2.4208566108007448
2020-04-14,15:00,sz300158,振东制药,5.52,6.05,5.33,6.05,501734,286083968.0,0.55,10.0
2020-04-15,15:00,sz300158,振东制药,6.56,6.66,6.28,6.66,1261155,826112064.0,0.61,10.082644628099173
2020-04-16,15:00,sz300158,振东制药,6.9,7.33,6.73,7.03,2907649,2044335616.0,0.37,5.555555555555555
2020-04-17,15:00,sz300158,振东制药,6.72,6.9,6.33,6.33,1833314,1191037696.0,-0.7,-9.95732574679943
2020-04-20,15:00,sz300158,振东制药,6.19,6.46,6.14,6.28,1003668,634281216.0,-0.05,-0.7898894154818324
2020-04-21,15:00,sz300158,振东制药,6.17,6.44,6.12,6.17,839638,526832960.0,-0.11,-1.751592356687898
2020-04-22,15:00,sz300158,振东制药,6.12,6.2,5.94,6.17,685306,417516608.0,0.0,0.0
2020-04-23,15:00,sz300158,振东制药,6.1,6.32,6.05,6.06,655633,404721568.0,-0.11,-1.7828200972447326
2020-04-24,15:00,sz300158,振东制药,6.0,6.11,5.61,5.67,726754,422470784.0,-0.39,-6.435643564356436
2020-04-27,15:00,sz300158,振东制药,5.68,5.71,5.43,5.48,442370,245192320.0,-0.19,-3.3509700176366843
2020-04-28,15:00,sz300158,振东制药,5.49,5.53,5.02,5.32,455174,240829840.0,-0.16,-2.9197080291970803
2020-04-29,15:00,sz300158,振东制药,5.26,5.44,5.23,5.35,315304,169439904.0,0.03,0.5639097744360901
2020-04-30,15:00,sz300158,振东制药,5.4,5.41,5.32,5.36,297800,159484496.0,0.01,0.1869158878504673
2020-05-06,15:00,sz300158,振东制药,5.52,5.68,5.42,5.6,472304,261427840.0,0.24,4.477611940298507
2020-05-07,15:00,sz300158,振东制药,5.56,5.69,5.47,5.57,550508,307687936.0,-0.03,-0.5357142857142857
2020-05-08,15:00,sz300158,振东制药,5.57,5.6,5.45,5.47,367536,201634320.0,-0.1,-1.7953321364452424
2020-05-11,15:00,sz300158,振东制药,5.45,5.59,5.39,5.51,367248,201143024.0,0.04,0.7312614259597806
2020-05-12,15:00,sz300158,振东制药,5.48,5.66,5.45,5.54,328962,183028640.0,0.03,0.5444646098003629
2020-05-13,15:00,sz300158,振东制药,5.47,5.53,5.43,5.49,229580,125850024.0,-0.05,-0.9025270758122744
2020-05-14,15:00,sz300158,振东制药,5.45,5.5,5.3,5.31,291788,157178080.0,-0.18,-3.278688524590164
2020-05-15,15:00,sz300158,振东制药,5.33,5.38,5.27,5.28,206577,109559400.0,-0.03,-0.5649717514124294
2020-05-18,15:00,sz300158,振东制药,5.26,5.32,5.17,5.23,240222,125634256.0,-0.05,-0.946969696969697
2020-05-19,15:00,sz300158,振东制药,5.26,5.27,5.15,5.17,235317,122171088.0,-0.06,-1.147227533460803
2020-05-20,15:00,sz300158,振东制药,5.18,5.31,5.13,5.25,248714,129702584.0,0.08,1.5473887814313347
2020-05-21,15:00,sz300158,振东制药,5.24,5.35,5.22,5.24,224172,118428656.0,-0.01,-0.1904761904761904
2020-05-22,15:00,sz300158,振东制药,5.24,5.33,5.15,5.28,288675,151300480.0,0.04,0.7633587786259541
2020-05-25,15:00,sz300158,振东制药,5.23,5.24,5.17,5.19,171554,89347224.0,-0.09,-1.7045454545454544
2020-05-26,15:00,sz300158,振东制药,5.24,5.25,5.17,5.23,173670,90471536.0,0.04,0.7707129094412332
2020-05-27,15:00,sz300158,振东制药,5.23,5.27,5.18,5.19,216334,112924912.0,-0.04,-0.7648183556405354
2020-05-28,15:00,sz300158,振东制药,5.19,5.2,4.97,5.05,293551,148717424.0,-0.14,-2.697495183044316
2020-05-29,15:00,sz300158,振东制药,4.99,5.08,4.91,5.06,255377,127673656.0,0.01,0.198019801980198
2020-06-01,15:00,sz300158,振东制药,5.04,5.18,5.04,5.16,199323,102027464.0,0.1,1.9762845849802373
2020-06-02,15:00,sz300158,振东制药,5.18,5.21,5.14,5.18,164503,85144160.0,0.02,0.3875968992248062
2020-06-03,15:00,sz300158,振东制药,5.3,5.7,5.3,5.33,700280,378863072.0,0.15,2.895752895752896
2020-06-04,15:00,sz300158,振东制药,5.25,5.34,5.21,5.23,276868,145509136.0,-0.1,-1.876172607879925
2020-06-05,15:00,sz300158,振东制药,5.2,5.24,5.17,5.18,167695,87178960.0,-0.05,-0.9560229445506692
2020-06-08,15:00,sz300158,振东制药,5.2,5.23,5.15,5.2,186525,96734440.0,0.02,0.3861003861003861
2020-06-09,15:00,sz300158,振东制药,5.21,5.24,5.18,5.23,137567,71701864.0,0.03,0.576923076923077
2020-06-10,15:00,sz300158,振东制药,5.22,5.26,5.19,5.23,127865,66844664.0,0.0,0.0
2020-06-11,15:00,sz300158,振东制药,5.22,5.23,5.1,5.11,184627,95268000.0,-0.12,-2.294455066921606
2020-06-12,15:00,sz300158,振东制药,5.03,5.24,5.01,5.13,173404,88924880.0,0.02,0.3913894324853229
2020-06-15,15:00,sz300158,振东制药,5.2,5.49,5.2,5.38,488942,259904432.0,0.25,4.8732943469785575
2020-06-16,15:00,sz300158,振东制药,5.35,5.38,5.24,5.31,277116,146957728.0,-0.07,-1.3011152416356877
2020-06-17,15:00,sz300158,振东制药,5.36,5.66,5.34,5.49,601732,331360288.0,0.18,3.389830508474576
2020-06-18,15:00,sz300158,振东制药,5.53,5.59,5.36,5.41,380834,207776512.0,-0.08,-1.4571948998178506
2020-06-19,15:00,sz300158,振东制药,5.38,5.43,5.3,5.32,266760,142360512.0,-0.09,-1.6635859519408502
2020-06-22,15:00,sz300158,振东制药,5.35,5.39,5.28,5.37,215510,114928688.0,0.05,0.9398496240601504
2020-06-23,15:00,sz300158,振东制药,5.39,5.4,5.3,5.3,176903,94510224.0,-0.07,-1.303538175046555
2020-06-24,15:00,sz300158,振东制药,5.31,5.32,5.25,5.28,160062,84436560.0,-0.02,-0.3773584905660377
2020-06-29,15:00,sz300158,振东制药,5.28,5.36,5.26,5.27,152305,80752680.0,-0.01,-0.1893939393939394
2020-06-30,15:00,sz300158,振东制药,5.27,5.37,5.27,5.35,196535,104609184.0,0.08,1.5180265654648957
2020-07-01,15:00,sz300158,振东制药,5.35,5.37,5.28,5.32,168630,89638176.0,-0.03,-0.5607476635514018
2020-07-02,15:00,sz300158,振东制药,5.32,5.4,5.29,5.39,247783,132931448.0,0.07,1.3157894736842104
2020-07-03,15:00,sz300158,振东制药,5.39,5.52,5.35,5.48,305400,165898304.0,0.09,1.6697588126159555
2020-07-06,15:00,sz300158,振东制药,5.52,5.62,5.44,5.61,450767,250318544.0,0.13,2.3722627737226274
2020-07-07,15:00,sz300158,振东制药,5.62,5.73,5.57,5.58,503409,283876960.0,-0.03,-0.53475935828877
2020-07-08,15:00,sz300158,振东制药,5.56,5.68,5.54,5.65,395924,221999344.0,0.07,1.254480286738351
2020-07-09,15:00,sz300158,振东制药,5.69,5.97,5.63,5.84,588971,341060672.0,0.19,3.3628318584070795
2020-07-10,15:00,sz300158,振东制药,5.8,5.95,5.74,5.86,484651,283909696.0,0.02,0.3424657534246575
2020-07-13,15:00,sz300158,振东制药,5.94,6.05,5.85,6.04,467170,279183968.0,0.18,3.0716723549488054
2020-07-14,15:00,sz300158,振东制药,6.02,6.18,5.86,6.0,538132,324132896.0,-0.04,-0.6622516556291391
2020-07-15,15:00,sz300158,振东制药,6.03,6.16,5.92,5.93,470974,284003744.0,-0.07,-1.1666666666666667
2020-07-16,15:00,sz300158,振东制药,5.91,5.97,5.48,5.54,474883,272441760.0,-0.39,-6.57672849915683
2020-07-17,15:00,sz300158,振东制药,5.57,5.63,5.45,5.52,251320,139225824.0,-0.02,-0.3610108303249097
2020-07-20,15:00,sz300158,振东制药,5.58,5.69,5.52,5.67,253562,142197136.0,0.15,2.717391304347826
2020-07-21,15:00,sz300158,振东制药,5.66,5.82,5.62,5.78,342240,196261488.0,0.11,1.9400352733686064
2020-07-22,15:00,sz300158,振东制药,5.75,5.86,5.7,5.7,367582,212409216.0,-0.08,-1.384083044982699
2020-07-23,15:00,sz300158,振东制药,5.67,5.98,5.65,5.85,538611,314302560.0,0.15,2.631578947368421
2020-07-24,15:00,sz300158,振东制药,5.84,5.92,5.5,5.52,472611,269997120.0,-0.33,-5.641025641025641
2020-07-27,15:00,sz300158,振东制药,5.57,6.07,5.53,5.77,834365,490800832.0,0.25,4.528985507246377
2020-07-28,15:00,sz300158,振东制药,5.75,6.05,5.75,5.94,663475,393617056.0,0.17,2.946273830155979
2020-07-29,15:00,sz300158,振东制药,5.93,6.1,5.81,6.05,672695,403418368.0,0.11,1.851851851851852
2020-07-30,15:00,sz300158,振东制药,6.08,6.23,5.97,5.99,683414,416339136.0,-0.06,-0.9917355371900828
2020-07-31,15:00,sz300158,振东制药,5.97,6.17,5.93,6.12,542830,328396256.0,0.13,2.1702838063439067
2020-08-03,15:00,sz300158,振东制药,6.23,6.27,6.11,6.19,497099,306896736.0,0.07,1.1437908496732023
2020-08-04,15:00,sz300158,振东制药,6.17,6.33,6.08,6.17,584871,363564192.0,-0.02,-0.3231017770597738
2020-08-05,15:00,sz300158,振东制药,6.13,6.23,6.0,6.18,471376,288986464.0,0.01,0.1620745542949757
2020-08-06,15:00,sz300158,振东制药,6.18,6.24,6.02,6.15,371531,227452000.0,-0.03,-0.4854368932038834
2020-08-07,15:00,sz300158,振东制药,6.15,6.2,5.91,6.02,339702,204595280.0,-0.13,-2.113821138211382
2020-08-10,15:00,sz300158,振东制药,6.01,6.09,5.92,6.03,279470,167793984.0,0.01,0.1661129568106312
2020-08-11,15:00,sz300158,振东制药,6.0,6.02,5.8,5.82,341362,201464672.0,-0.21,-3.482587064676617
2020-08-12,15:00,sz300158,振东制药,5.81,5.84,5.64,5.76,303052,172849568.0,-0.06,-1.0309278350515465
2020-08-13,15:00,sz300158,振东制药,5.76,5.82,5.72,5.75,170732,98448920.0,-0.01,-0.1736111111111111
2020-08-14,15:00,sz300158,振东制药,5.79,6.18,5.71,6.08,486569,291395456.0,0.33,5.739130434782608
2020-08-17,15:00,sz300158,振东制药,6.15,6.15,5.98,6.1,539664,327883840.0,0.02,0.3289473684210526
2020-08-18,15:00,sz300158,振东制药,6.11,6.47,6.06,6.3,751941,473774208.0,0.2,3.278688524590164
2020-08-19,15:00,sz300158,振东制药,6.3,6.39,6.19,6.23,415128,260123280.0,-0.07,-1.1111111111111112
2020-08-20,15:00,sz300158,振东制药,6.25,6.44,6.21,6.29,488617,309108992.0,0.06,0.9630818619582664
2020-08-21,15:00,sz300158,振东制药,6.15,6.17,5.9,5.96,631983,380584608.0,-0.33,-5.246422893481717
2020-08-24,15:00,sz300158,振东制药,5.99,6.14,5.9,6.05,284399,171300176.0,0.09,1.51006711409396
2020-08-25,15:00,sz300158,振东制药,6.08,6.4,5.97,6.27,603537,375010880.0,0.22,3.636363636363636
2020-08-26,15:00,sz300158,振东制药,6.27,6.39,6.13,6.18,403088,251544176.0,-0.09,-1.4354066985645932
2020-08-27,15:00,sz300158,振东制药,6.27,6.43,6.06,6.39,531132,333864896.0,0.21,3.3980582524271843
2020-08-28,15:00,sz300158,振东制药,6.32,6.56,6.25,6.48,700536,450650880.0,0.09,1.4084507042253522
2020-08-31,15:00,sz300158,振东制药,6.44,6.5,6.33,6.34,461029,294353568.0,-0.14,-2.1604938271604937
2020-09-01,15:00,sz300158,振东制药,6.3,6.33,6.18,6.26,302810,188555152.0,-0.08,-1.2618296529968454
2020-09-02,15:00,sz300158,振东制药,6.26,6.68,6.24,6.51,688961,445273536.0,0.25,3.993610223642172
2020-09-03,15:00,sz300158,振东制药,6.47,7.0,6.45,6.71,984251,662999872.0,0.2,3.072196620583717
2020-09-04,15:00,sz300158,振东制药,6.55,6.83,6.51,6.79,714342,480953472.0,0.08,1.1922503725782414
2020-09-07,15:00,sz300158,振东制药,6.78,7.08,6.59,6.82,853895,582882048.0,0.03,0.4418262150220913
2020-09-08,15:00,sz300158,振东制药,6.78,7.09,6.68,7.08,795201,546448768.0,0.26,3.812316715542522
2020-09-09,15:00,sz300158,振东制药,6.98,7.06,6.61,6.65,799199,548589504.0,-0.43,-6.073446327683616
2020-09-10,15:00,sz300158,振东制药,6.66,6.81,5.98,6.06,632553,400599072.0,-0.59,-8.87218045112782
2020-09-11,15:00,sz300158,振东制药,5.99,6.28,5.9,6.2,326942,201645680.0,0.14,2.31023102310231
2020-09-14,15:00,sz300158,振东制药,6.24,6.54,6.18,6.53,511978,328467200.0,0.33,5.32258064516129
2020-09-15,15:00,sz300158,振东制药,6.49,6.56,6.3,6.38,323767,207923232.0,-0.15,-2.2970903522205206
2020-09-16,15:00,sz300158,振东制药,6.39,6.41,6.13,6.2,254428,158768928.0,-0.18,-2.8213166144200628
2020-09-17,15:00,sz300158,振东制药,6.22,6.25,6.11,6.16,217121,133916152.0,-0.04,-0.6451612903225806
2020-09-18,15:00,sz300158,振东制药,6.19,6.22,6.04,6.2,233818,143498512.0,0.04,0.6493506493506493
2020-09-21,15:00,sz300158,振东制药,6.2,6.29,6.1,6.15,177457,109878192.0,-0.05,-0.8064516129032258
2020-09-22,15:00,sz300158,振东制药,6.1,6.37,6.06,6.22,245381,153053664.0,0.07,1.1382113821138211
2020-09-23,15:00,sz300158,振东制药,6.17,6.36,6.13,6.3,259327,162309232.0,0.08,1.2861736334405145
2020-09-24,15:00,sz300158,振东制药,6.24,6.3,6.01,6.02,222517,135898224.0,-0.28,-4.444444444444445
2020-09-25,15:00,sz300158,振东制药,6.05,6.09,5.86,5.9,181362,108047584.0,-0.12,-1.9933554817275747
2020-09-28,15:00,sz300158,振东制药,5.9,5.94,5.75,5.76,130864,76358488.0,-0.14,-2.3728813559322037
2020-09-29,15:00,sz300158,振东制药,5.81,5.87,5.75,5.76,106927,62024792.0,0.0,0.0
2020-09-30,15:00,sz300158,振东制药,5.8,5.82,5.7,5.74,111299,64122736.0,-0.02,-0.3472222222222222
2020-10-09,15:00,sz300158,振东制药,5.82,5.97,5.81,5.92,147316,87129096.0,0.18,3.1358885017421603
2020-10-12,15:00,sz300158,振东制药,5.96,6.12,5.92,6.11,214696,129765200.0,0.19,3.209459459459459
2020-10-13,15:00,sz300158,振东制药,6.13,6.18,6.04,6.14,203283,124357984.0,0.03,0.4909983633387889
2020-10-14,15:00,sz300158,振东制药,6.11,6.15,6.03,6.04,151052,91864688.0,-0.1,-1.6286644951140066
2020-10-15,15:00,sz300158,振东制药,6.04,6.12,5.94,6.04,201192,121406152.0,0.0,0.0
2020-10-16,15:00,sz300158,振东制药,6.01,6.41,5.98,6.33,430759,267050496.0,0.29,4.801324503311259
2020-10-19,15:00,sz300158,振东制药,6.3,6.53,6.25,6.35,440121,281638592.0,0.02,0.315955766192733
2020-10-20,15:00,sz300158,振东制药,6.3,6.38,6.23,6.31,231279,145506400.0,-0.04,-0.6299212598425197
2020-10-21,15:00,sz300158,振东制药,6.33,6.43,6.22,6.34,222662,140830640.0,0.03,0.4754358161648178
2020-10-22,15:00,sz300158,振东制药,6.29,6.45,6.16,6.45,273974,173570768.0,0.11,1.7350157728706623
2020-10-23,15:00,sz300158,振东制药,6.39,6.48,6.24,6.25,217120,137713280.0,-0.2,-3.10077519379845
2020-10-26,15:00,sz300158,振东制药,6.25,6.52,6.2,6.51,365637,235561424.0,0.26,4.16
2020-10-27,15:00,sz300158,振东制药,6.44,6.5,6.34,6.46,228382,146831344.0,-0.05,-0.7680491551459293
2020-10-28,15:00,sz300158,振东制药,6.42,6.46,6.28,6.38,184523,117538072.0,-0.08,-1.238390092879257
2020-10-29,15:00,sz300158,振东制药,6.31,6.63,6.28,6.54,409132,266285504.0,0.16,2.507836990595611
2020-10-30,15:00,sz300158,振东制药,6.71,6.8,6.18,6.19,531144,341676640.0,-0.35,-5.351681957186544
2020-11-02,15:00,sz300158,振东制药,6.12,6.29,6.06,6.09,288602,177195984.0,-0.1,-1.615508885298869
2020-11-03,15:00,sz300158,振东制药,6.11,6.38,5.99,6.34,469380,291050496.0,0.25,4.105090311986864
2020-11-04,15:00,sz300158,振东制药,6.18,6.19,5.84,5.98,629593,375920224.0,-0.36,-5.678233438485805
2020-11-05,15:00,sz300158,振东制药,5.98,6.1,5.92,6.0,387436,232377264.0,0.02,0.334448160535117
2020-11-06,15:00,sz300158,振东制药,6.01,6.03,5.86,5.92,269182,158979968.0,-0.08,-1.3333333333333337
2020-11-09,15:00,sz300158,振东制药,5.93,6.02,5.93,5.97,242956,145265136.0,0.05,0.8445945945945946
2020-11-10,15:00,sz300158,振东制药,6.01,6.02,5.89,5.95,237954,141063760.0,-0.02,-0.3350083752093802
2020-11-11,15:00,sz300158,振东制药,5.93,5.97,5.86,5.9,198296,116831800.0,-0.05,-0.8403361344537815
2020-11-12,15:00,sz300158,振东制药,5.9,5.98,5.87,5.92,197156,116526008.0,0.02,0.3389830508474576
2020-11-13,15:00,sz300158,振东制药,5.9,5.97,5.83,5.92,216249,127374776.0,0.0,0.0
2020-11-16,15:00,sz300158,振东制药,5.93,5.95,5.86,5.93,238828,141021360.0,0.01,0.1689189189189189
2020-11-17,15:00,sz300158,振东制药,5.93,5.93,5.85,5.88,171574,100862856.0,-0.05,-0.8431703204047217
2020-11-18,15:00,sz300158,振东制药,5.88,6.02,5.87,5.97,317237,189018400.0,0.09,1.530612244897959
2020-11-19,15:00,sz300158,振东制药,5.99,6.06,5.93,5.97,237494,141922384.0,0.0,0.0
2020-11-20,15:00,sz300158,振东制药,5.96,5.96,5.89,5.92,165605,97844640.0,-0.05,-0.8375209380234505
2020-11-23,15:00,sz300158,振东制药,5.9,5.93,5.84,5.86,180260,105825560.0,-0.06,-1.0135135135135136
2020-11-24,15:00,sz300158,振东制药,5.9,6.05,5.87,5.91,246030,145619472.0,0.05,0.8532423208191127
2020-11-25,15:00,sz300158,振东制药,5.9,5.92,5.84,5.86,143936,84507760.0,-0.05,-0.8460236886632826
2020-11-26,15:00,sz300158,振东制药,5.9,5.94,5.78,5.82,144830,84574888.0,-0.04,-0.6825938566552902
2020-11-27,15:00,sz300158,振东制药,5.8,5.82,5.69,5.76,159590,91792400.0,-0.06,-1.0309278350515465
2020-11-30,15:00,sz300158,振东制药,5.77,5.8,5.68,5.73,172005,98911392.0,-0.03,-0.5208333333333333
2020-12-01,15:00,sz300158,振东制药,5.73,5.75,5.68,5.73,131291,75031456.0,0.0,0.0
2020-12-02,15:00,sz300158,振东制药,5.73,5.73,5.62,5.67,141422,80058808.0,-0.06,-1.0471204188481675
2020-12-03,15:00,sz300158,振东制药,5.7,5.72,5.63,5.71,127115,72265736.0,0.04,0.7054673721340388
2020-12-04,15:00,sz300158,振东制药,5.72,5.72,5.65,5.67,82592,46814060.0,-0.04,-0.7005253940455342
2020-12-07,15:00,sz300158,振东制药,5.67,5.71,5.63,5.65,100624,57038224.0,-0.02,-0.3527336860670194
2020-12-08,15:00,sz300158,振东制药,5.65,5.66,5.61,5.64,67092,37795212.0,-0.01,-0.1769911504424778
2020-12-09,15:00,sz300158,振东制药,5.67,5.72,5.63,5.65,106596,60471820.0,0.01,0.1773049645390071
2020-12-10,15:00,sz300158,振东制药,5.65,5.65,5.56,5.63,95167,53369512.0,-0.02,-0.3539823008849557
2020-12-11,15:00,sz300158,振东制药,5.63,5.64,5.39,5.49,158603,87255584.0,-0.14,-2.4866785079928952
2020-12-14,15:00,sz300158,振东制药,5.54,5.55,5.45,5.54,64971,35836120.0,0.05,0.9107468123861568
2020-12-15,15:00,sz300158,振东制药,5.54,5.61,5.53,5.6,79633,44383244.0,0.06,1.083032490974729
2020-12-16,15:00,sz300158,振东制药,5.61,5.67,5.57,5.65,105916,59659920.0,0.05,0.8928571428571428
2020-12-17,15:00,sz300158,振东制药,5.65,5.73,5.63,5.7,125775,71579624.0,0.05,0.8849557522123894
2020-12-18,15:00,sz300158,振东制药,5.7,5.73,5.63,5.67,89488,50676196.0,-0.03,-0.5263157894736842
2020-12-21,15:00,sz300158,振东制药,5.68,5.81,5.65,5.74,137331,78610800.0,0.07,1.2345679012345678
2020-12-22,15:00,sz300158,振东制药,5.73,5.9,5.69,5.78,203629,118209640.0,0.04,0.6968641114982579
2020-12-23,15:00,sz300158,振东制药,5.77,5.83,5.69,5.76,125445,71977128.0,-0.02,-0.3460207612456747
2020-12-24,15:00,sz300158,振东制药,5.76,5.78,5.6,5.66,89074,50414000.0,-0.1,-1.7361111111111112
2020-12-25,15:00,sz300158,振东制药,5.64,5.67,5.59,5.65,70819,39870296.0,-0.01,-0.1766784452296819
2020-12-28,15:00,sz300158,振东制药,5.67,5.67,5.54,5.6,216487,121294144.0,-0.05,-0.8849557522123894
2020-12-29,15:00,sz300158,振东制药,5.64,5.64,5.49,5.56,269481,149707040.0,-0.04,-0.7142857142857143
2020-12-30,15:00,sz300158,振东制药,5.54,5.65,5.5,5.55,228932,127424984.0,-0.01,-0.1798561151079137
2020-12-31,15:00,sz300158,振东制药,5.53,5.56,5.47,5.5,283824,156518544.0,-0.05,-0.9009009009009008
2021-01-04,15:00,sz300158,振东制药,5.5,5.51,5.41,5.46,244092,132915928.0,-0.04,-0.7272727272727273
2021-01-05,15:00,sz300158,振东制药,5.46,5.46,5.4,5.45,229470,124370224.0,-0.01,-0.1831501831501831
2021-01-06,15:00,sz300158,振东制药,5.43,5.57,5.38,5.55,286226,157305232.0,0.1,1.834862385321101
2021-01-07,15:00,sz300158,振东制药,5.52,5.53,5.2,5.25,341697,182243728.0,-0.3,-5.405405405405405
2021-01-08,15:00,sz300158,振东制药,5.24,5.39,5.09,5.36,256313,135153120.0,0.11,2.095238095238096
2021-01-11,15:00,sz300158,振东制药,5.32,5.42,5.28,5.36,158370,84778136.0,0.0,0.0
2021-01-12,15:00,sz300158,振东制药,5.35,5.4,5.26,5.36,142020,75693232.0,0.0,0.0
2021-01-13,15:00,sz300158,振东制药,5.33,5.35,5.15,5.19,142959,74723216.0,-0.17,-3.171641791044776
2021-01-14,15:00,sz300158,振东制药,5.16,5.19,4.3,4.45,696475,318392064.0,-0.74,-14.258188824662811
2021-01-15,15:00,sz300158,振东制药,4.35,4.64,4.3,4.48,342595,154360608.0,0.03,0.6741573033707865
2021-01-18,15:00,sz300158,振东制药,4.45,4.5,4.41,4.43,264843,117478192.0,-0.05,-1.1160714285714286
2021-01-19,15:00,sz300158,振东制药,4.43,4.52,4.38,4.44,207395,92159496.0,0.01,0.2257336343115124
2021-01-20,15:00,sz300158,振东制药,4.44,4.52,4.42,4.45,170306,75950184.0,0.01,0.2252252252252252
2021-01-21,15:00,sz300158,振东制药,4.45,4.54,4.43,4.48,192411,86513584.0,0.03,0.6741573033707865
2021-01-22,15:00,sz300158,振东制药,4.48,4.54,4.42,4.49,185177,82836920.0,0.01,0.2232142857142857
2021-01-25,15:00,sz300158,振东制药,4.53,4.65,4.52,4.57,246149,112472496.0,0.08,1.7817371937639197
2021-01-26,15:00,sz300158,振东制药,4.54,4.75,4.46,4.71,311861,144768496.0,0.14,3.063457330415755
2021-01-27,15:00,sz300158,振东制药,4.7,4.72,4.61,4.64,180337,84102536.0,-0.07,-1.48619957537155
2021-01-28,15:00,sz300158,振东制药,4.6,4.66,4.55,4.57,107404,49398432.0,-0.07,-1.5086206896551724
2021-01-29,15:00,sz300158,振东制药,4.57,4.61,4.41,4.47,129356,58377420.0,-0.1,-2.1881838074398248
2021-02-01,15:00,sz300158,振东制药,4.46,4.53,4.45,4.52,91719,41222420.0,0.05,1.1185682326621924
2021-02-02,15:00,sz300158,振东制药,4.51,4.57,4.47,4.48,105235,47449760.0,-0.04,-0.8849557522123894
2021-02-03,15:00,sz300158,振东制药,4.48,4.49,4.1,4.39,237892,101759864.0,-0.09,-2.008928571428572
2021-02-04,15:00,sz300158,振东制药,4.31,4.33,4.18,4.24,143240,60839068.0,-0.15,-3.416856492027335
2021-02-05,15:00,sz300158,振东制药,4.27,4.33,4.21,4.23,117344,49937100.0,-0.01,-0.2358490566037736
2021-02-08,15:00,sz300158,振东制药,4.22,4.26,4.16,4.2,104178,43821976.0,-0.03,-0.7092198581560284
2021-02-09,15:00,sz300158,振东制药,4.21,4.37,4.14,4.33,167108,70735712.0,0.13,3.095238095238096
2021-02-10,15:00,sz300158,振东制药,4.31,4.46,4.31,4.4,159147,69991768.0,0.07,1.6166281755196306
2021-02-18,15:00,sz300158,振东制药,4.43,4.5,4.42,4.49,154596,69033400.0,0.09,2.0454545454545454
2021-02-19,15:00,sz300158,振东制药,4.47,4.6,4.45,4.59,160008,72755488.0,0.1,2.2271714922049
2021-02-22,15:00,sz300158,振东制药,4.65,4.76,4.61,4.64,219245,102610528.0,0.05,1.0893246187363834
2021-02-23,15:00,sz300158,振东制药,4.62,4.73,4.57,4.58,141841,65829524.0,-0.06,-1.293103448275862
2021-02-24,15:00,sz300158,振东制药,4.59,4.67,4.53,4.61,123149,56682464.0,0.03,0.6550218340611353
2021-02-25,15:00,sz300158,振东制药,4.61,4.63,4.52,4.57,116306,53009100.0,-0.04,-0.8676789587852495
2021-02-26,15:00,sz300158,振东制药,4.59,4.78,4.55,4.72,240375,112501680.0,0.15,3.282275711159737
2021-03-01,15:00,sz300158,振东制药,4.75,4.76,4.66,4.71,147625,69362208.0,-0.01,-0.211864406779661
2021-03-02,15:00,sz300158,振东制药,4.71,4.72,4.6,4.66,108511,50523284.0,-0.05,-1.0615711252653928
2021-03-03,15:00,sz300158,振东制药,4.67,4.79,4.64,4.78,186029,87851552.0,0.12,2.575107296137339
2021-03-04,15:00,sz300158,振东制药,4.75,4.8,4.7,4.74,120769,57321440.0,-0.04,-0.8368200836820083
2021-03-05,15:00,sz300158,振东制药,4.74,4.77,4.7,4.76,100157,47536740.0,0.02,0.4219409282700421
2021-03-08,15:00,sz300158,振东制药,4.79,4.89,4.75,4.78,224968,108238496.0,0.02,0.4201680672268907
2021-03-09,15:00,sz300158,振东制药,4.8,4.83,4.56,4.74,168470,78985008.0,-0.04,-0.8368200836820083
2021-03-10,15:00,sz300158,振东制药,4.72,4.76,4.57,4.71,151335,70806768.0,-0.03,-0.6329113924050633
2021-03-11,15:00,sz300158,振东制药,4.71,4.76,4.65,4.76,100275,47244560.0,0.05,1.0615711252653928
2021-03-12,15:00,sz300158,振东制药,4.74,4.76,4.68,4.73,91552,43087996.0,-0.03,-0.6302521008403361
2021-03-15,15:00,sz300158,振东制药,4.71,4.81,4.7,4.78,139022,66320688.0,0.05,1.0570824524312896
2021-03-16,15:00,sz300158,振东制药,4.77,4.82,4.76,4.8,95399,45691408.0,0.02,0.4184100418410041
2021-03-17,15:00,sz300158,振东制药,4.78,4.8,4.72,4.77,97340,46302664.0,-0.03,-0.625
2021-03-18,15:00,sz300158,振东制药,4.75,4.77,4.72,4.74,76352,36215056.0,-0.03,-0.628930817610063
2021-03-19,15:00,sz300158,振东制药,4.72,4.79,4.68,4.75,100079,47495512.0,0.01,0.210970464135021
2021-03-22,15:00,sz300158,振东制药,4.76,5.12,4.75,5.03,427585,212729600.0,0.28,5.894736842105263
2021-03-23,15:00,sz300158,振东制药,5.07,5.1,4.98,5.02,207281,104397200.0,-0.01,-0.198807157057654
2021-03-24,15:00,sz300158,振东制药,5.02,5.05,4.9,4.97,162646,80750632.0,-0.05,-0.99601593625498
2021-03-25,15:00,sz300158,振东制药,4.96,4.97,4.87,4.91,107744,52990240.0,-0.06,-1.2072434607645874
2021-03-26,15:00,sz300158,振东制药,5.13,5.26,4.96,5.01,290713,147323248.0,0.1,2.0366598778004072
2021-03-29,15:00,sz300158,振东制药,4.94,5.08,4.93,5.01,199401,100069312.0,0.0,0.0
2021-03-30,15:00,sz300158,振东制药,5.01,5.04,4.89,4.97,181756,90110536.0,-0.04,-0.7984031936127743
2021-03-31,15:00,sz300158,振东制药,4.98,5.12,4.97,5.03,164617,83116584.0,0.06,1.2072434607645874
2021-04-01,15:00,sz300158,振东制药,5.03,5.08,4.98,5.05,118650,59709804.0,0.02,0.3976143141153081
2021-04-02,15:00,sz300158,振东制药,5.03,5.05,4.97,5.01,125664,62808848.0,-0.04,-0.7920792079207921
2021-04-06,15:00,sz300158,振东制药,5.01,5.03,4.98,5.01,96938,48506652.0,0.0,0.0
2021-04-07,15:00,sz300158,振东制药,5.03,5.03,4.95,4.96,107565,53409688.0,-0.05,-0.998003992015968
2021-04-08,15:00,sz300158,振东制药,4.96,4.97,4.79,4.8,178812,86787656.0,-0.16,-3.225806451612903
2021-04-09,15:00,sz300158,振东制药,4.78,4.83,4.73,4.77,130892,62448596.0,-0.03,-0.625
2021-04-12,15:00,sz300158,振东制药,4.77,4.81,4.69,4.71,83038,39461380.0,-0.06,-1.257861635220126
2021-04-13,15:00,sz300158,振东制药,4.69,4.7,4.63,4.69,86515,40425360.0,-0.02,-0.4246284501061571
2021-04-14,15:00,sz300158,振东制药,4.67,4.78,4.66,4.75,92495,43717156.0,0.06,1.279317697228145
2021-04-15,15:00,sz300158,振东制药,4.73,4.84,4.73,4.81,125889,60484148.0,0.06,1.263157894736842
2021-04-16,15:00,sz300158,振东制药,4.81,4.88,4.8,4.85,109215,53013496.0,0.04,0.8316008316008316
2021-04-19,15:00,sz300158,振东制药,4.88,5.06,4.86,5.03,237680,119039928.0,0.18,3.711340206185567
2021-04-20,15:00,sz300158,振东制药,5.06,5.11,5.03,5.09,238344,120992736.0,0.06,1.1928429423459244
2021-04-21,15:00,sz300158,振东制药,5.09,5.23,5.05,5.19,241883,125072344.0,0.1,1.9646365422396856
2021-04-22,15:00,sz300158,振东制药,5.21,5.26,5.17,5.23,214830,112084160.0,0.04,0.7707129094412332
2021-04-23,15:00,sz300158,振东制药,5.22,5.3,5.14,5.29,233434,122124696.0,0.06,1.147227533460803
2021-04-26,15:00,sz300158,振东制药,5.3,5.39,5.23,5.36,277232,147641136.0,0.07,1.3232514177693762
2021-04-27,15:00,sz300158,振东制药,5.33,5.33,5.17,5.26,223224,116892376.0,-0.1,-1.8656716417910448
2021-04-28,15:00,sz300158,振东制药,5.32,5.35,5.22,5.33,216795,114958704.0,0.07,1.3307984790874523
2021-04-29,15:00,sz300158,振东制药,5.28,5.37,5.25,5.27,154520,81790688.0,-0.06,-1.125703564727955
2021-04-30,15:00,sz300158,振东制药,5.29,5.34,5.22,5.27,112131,59142704.0,0.0,0.0
2021-05-06,15:00,sz300158,振东制药,5.31,5.31,5.16,5.16,132486,69116072.0,-0.11,-2.087286527514232
2021-05-07,15:00,sz300158,振东制药,5.21,5.21,5.08,5.1,140769,72358192.0,-0.06,-1.162790697674419
2021-05-10,15:00,sz300158,振东制药,5.16,5.23,5.08,5.13,146179,75121824.0,0.03,0.5882352941176471
2021-05-11,15:00,sz300158,振东制药,5.16,5.51,5.07,5.36,342522,182851456.0,0.23,4.483430799220272
2021-05-12,15:00,sz300158,振东制药,5.43,5.46,5.28,5.4,187372,100377736.0,0.04,0.7462686567164178
2021-05-13,15:00,sz300158,振东制药,5.4,5.66,5.38,5.55,435816,242605824.0,0.15,2.7777777777777777
2021-05-14,15:00,sz300158,振东制药,5.61,5.85,5.58,5.63,481712,275189344.0,0.08,1.4414414414414414
2021-05-17,15:00,sz300158,振东制药,5.63,5.69,5.4,5.48,373388,207084128.0,-0.15,-2.664298401420959
2021-05-18,15:00,sz300158,振东制药,5.48,6.32,5.38,6.16,862903,512280160.0,0.68,12.408759124087592
2021-05-19,15:00,sz300158,振东制药,5.97,6.04,5.84,5.92,684160,406202336.0,-0.24,-3.896103896103896
2021-05-20,15:00,sz300158,振东制药,5.91,6.06,5.75,5.82,490644,289085696.0,-0.1,-1.6891891891891893
2021-05-21,15:00,sz300158,振东制药,5.75,5.85,5.65,5.66,270395,154579888.0,-0.16,-2.7491408934707904
2021-05-24,15:00,sz300158,振东制药,5.86,6.05,5.75,5.79,404638,237952672.0,0.13,2.2968197879858656
2021-05-25,15:00,sz300158,振东制药,5.72,5.84,5.65,5.79,330058,189972896.0,0.0,0.0
2021-05-26,15:00,sz300158,振东制药,5.8,5.88,5.66,5.66,315285,181244304.0,-0.13,-2.245250431778929
2021-05-27,15:00,sz300158,振东制药,5.64,5.74,5.62,5.65,208028,117870712.0,-0.01,-0.1766784452296819
2021-05-28,15:00,sz300158,振东制药,5.64,5.69,5.49,5.54,206273,115352592.0,-0.11,-1.9469026548672568
2021-05-31,15:00,sz300158,振东制药,5.61,5.79,5.6,5.66,230569,131310592.0,0.12,2.166064981949458
2021-06-01,15:00,sz300158,振东制药,5.66,5.73,5.6,5.71,181772,103011424.0,0.05,0.88339222614841
2021-06-02,15:00,sz300158,振东制药,6.85,6.85,6.61,6.85,1501923,1027053248.0,1.14,19.96497373029772
2021-06-03,15:00,sz300158,振东制药,7.2,7.24,6.56,6.76,1942262,1340282112.0,-0.09,-1.313868613138686
2021-06-04,15:00,sz300158,振东制药,6.57,6.82,6.16,6.16,1298292,836462592.0,-0.6,-8.875739644970414
2021-06-07,15:00,sz300158,振东制药,6.17,6.38,6.08,6.26,802244,500479488.0,0.1,1.6233766233766231
2021-06-08,15:00,sz300158,振东制药,6.2,6.25,5.92,5.92,701456,422469248.0,-0.34,-5.431309904153355
2021-06-09,15:00,sz300158,振东制药,6.0,6.09,5.93,6.04,414186,249397824.0,0.12,2.027027027027027
2021-06-10,15:00,sz300158,振东制药,6.16,6.47,6.09,6.25,591129,371575520.0,0.21,3.47682119205298
2021-06-11,15:00,sz300158,振东制药,6.18,6.42,6.07,6.15,515499,320431360.0,-0.1,-1.6
2021-06-15,15:00,sz300158,振东制药,5.82,5.92,5.69,5.73,567200,328013184.0,-0.42,-6.829268292682928
2021-06-16,15:00,sz300158,振东制药,5.71,5.74,5.5,5.57,331529,185250576.0,-0.16,-2.7923211169284468
2021-06-17,15:00,sz300158,振东制药,5.5,5.69,5.48,5.63,250681,140585264.0,0.06,1.0771992818671454
2021-06-18,15:00,sz300158,振东制药,5.66,5.86,5.66,5.76,315321,182283360.0,0.13,2.3090586145648317
2021-06-21,15:00,sz300158,振东制药,5.84,6.91,5.81,6.91,1259534,830797440.0,1.15,19.96527777777778
2021-06-22,15:00,sz300158,振东制药,7.06,7.37,6.82,7.12,1371153,965191616.0,0.21,3.039073806078148
2021-06-23,15:00,sz300158,振东制药,7.2,7.68,7.19,7.54,1071301,799285952.0,0.42,5.8988764044943816
2021-06-24,15:00,sz300158,振东制药,7.53,8.66,7.53,7.96,1001221,803336768.0,0.42,5.570291777188329
2021-06-25,15:00,sz300158,振东制药,8.03,8.52,7.82,8.39,903394,741325568.0,0.43,5.402010050251256
2021-06-28,15:00,sz300158,振东制药,8.33,8.65,7.85,7.96,1017402,830101952.0,-0.43,-5.125148986889154
2021-06-29,15:00,sz300158,振东制药,8.1,8.13,7.5,8.02,678546,537243584.0,0.06,0.7537688442211055
2021-06-30,15:00,sz300158,振东制药,8.07,8.15,7.66,7.71,558530,435716224.0,-0.31,-3.865336658354115
2021-07-01,15:00,sz300158,振东制药,7.85,8.49,7.59,7.85,1041374,840045120.0,0.14,1.8158236057068744
2021-07-02,15:00,sz300158,振东制药,7.81,8.1,7.6,7.7,597211,465805504.0,-0.15,-1.910828025477707
2021-07-05,15:00,sz300158,振东制药,7.66,7.99,7.61,7.7,473704,367482880.0,0.0,0.0
2021-07-06,15:00,sz300158,振东制药,7.78,7.8,7.32,7.61,517817,390233312.0,-0.09,-1.1688311688311688
2021-07-07,15:00,sz300158,振东制药,7.66,7.68,7.4,7.45,332026,248898704.0,-0.16,-2.102496714848883
2021-07-08,15:00,sz300158,振东制药,7.61,8.08,7.44,7.46,816526,626335104.0,0.01,0.1342281879194631
2021-07-09,15:00,sz300158,振东制药,7.49,7.95,7.45,7.75,617805,478492640.0,0.29,3.8873994638069695
2021-07-12,15:00,sz300158,振东制药,7.71,7.87,7.57,7.6,520597,399408864.0,-0.15,-1.935483870967742
2021-07-13,15:00,sz300158,振东制药,7.75,8.07,7.57,7.66,738747,576191360.0,0.06,0.7894736842105263
2021-07-14,15:00,sz300158,振东制药,7.51,8.2,7.16,7.95,929931,714549632.0,0.29,3.785900783289817
2021-07-15,15:00,sz300158,振东制药,7.8,7.9,7.49,7.59,537298,411794816.0,-0.36,-4.528301886792453
2021-07-16,15:00,sz300158,振东制药,7.5,7.63,7.31,7.4,299850,223355376.0,-0.19,-2.503293807641634
2021-07-19,15:00,sz300158,振东制药,7.35,7.75,7.3,7.58,371701,281805888.0,0.18,2.4324324324324325
2021-07-20,15:00,sz300158,振东制药,7.59,7.89,7.52,7.59,325880,249606704.0,0.01,0.1319261213720316
2021-07-21,15:00,sz300158,振东制药,7.55,7.85,7.52,7.68,388820,298814560.0,0.09,1.185770750988142
2021-07-22,15:00,sz300158,振东制药,7.63,7.68,7.35,7.41,416044,309019040.0,-0.27,-3.515625
2021-07-23,15:00,sz300158,振东制药,7.35,7.47,7.18,7.26,279428,203214288.0,-0.15,-2.0242914979757085
2021-07-26,15:00,sz300158,振东制药,7.3,7.46,7.01,7.14,263139,190051680.0,-0.12,-1.6528925619834711
2021-07-27,15:00,sz300158,振东制药,7.09,7.17,6.61,6.7,370698,253972960.0,-0.44,-6.162464985994398
2021-07-28,15:00,sz300158,振东制药,6.66,6.73,6.2,6.38,380122,243289792.0,-0.32,-4.776119402985075
2021-07-29,15:00,sz300158,振东制药,6.46,6.86,6.46,6.76,363504,243472992.0,0.38,5.956112852664576
2021-07-30,15:00,sz300158,振东制药,6.8,6.85,6.61,6.77,257980,173237312.0,0.01,0.1479289940828402
2021-08-02,15:00,sz300158,振东制药,6.76,7.11,6.6,6.98,386065,263921216.0,0.21,3.10192023633678
2021-08-03,15:00,sz300158,振东制药,6.93,7.19,6.9,7.11,307469,218135712.0,0.13,1.8624641833810889
2021-08-04,15:00,sz300158,振东制药,7.13,7.27,6.98,7.16,277638,197753968.0,0.05,0.7032348804500703
2021-08-05,15:00,sz300158,振东制药,7.2,7.58,7.17,7.51,483541,358962368.0,0.35,4.888268156424581
2021-08-06,15:00,sz300158,振东制药,7.4,7.42,7.13,7.18,310910,224305232.0,-0.33,-4.394141145139813
2021-08-09,15:00,sz300158,振东制药,7.1,7.49,7.08,7.36,267253,195635952.0,0.18,2.5069637883008355
2021-08-10,15:00,sz300158,振东制药,7.58,7.95,7.42,7.51,490697,374739904.0,0.15,2.0380434782608696
2021-08-11,15:00,sz300158,振东制药,7.51,7.58,7.4,7.48,255693,191113680.0,-0.03,-0.3994673768308922
2021-08-12,15:00,sz300158,振东制药,7.51,7.65,7.37,7.46,203969,152922368.0,-0.02,-0.267379679144385
2021-08-13,15:00,sz300158,振东制药,7.5,7.59,7.37,7.48,193913,144979216.0,0.02,0.2680965147453083
2021-08-16,15:00,sz300158,振东制药,7.54,8.04,7.53,7.85,438250,342426016.0,0.37,4.946524064171124
2021-08-17,15:00,sz300158,振东制药,7.85,8.1,7.64,7.89,443692,349962464.0,0.04,0.5095541401273885
2021-08-18,15:00,sz300158,振东制药,8.12,8.33,7.0,7.27,867747,649835200.0,-0.62,-7.858048162230672
2021-08-19,15:00,sz300158,振东制药,7.14,7.34,6.66,7.11,644217,448603744.0,-0.16,-2.200825309491059
2021-08-20,15:00,sz300158,振东制药,7.1,7.18,6.81,6.86,341361,238279168.0,-0.25,-3.516174402250352
2021-08-23,15:00,sz300158,振东制药,6.91,7.5,6.82,7.39,584770,424285248.0,0.53,7.725947521865889
2021-08-24,15:00,sz300158,振东制药,7.4,7.58,7.27,7.44,396962,295205216.0,0.05,0.6765899864682002
2021-08-25,15:00,sz300158,振东制药,7.41,7.5,7.31,7.36,269991,199116512.0,-0.08,-1.0752688172043012
2021-08-26,15:00,sz300158,振东制药,7.39,7.39,7.07,7.09,300905,215687216.0,-0.27,-3.668478260869565
2021-08-27,15:00,sz300158,振东制药,7.05,7.08,6.84,6.98,297511,206977568.0,-0.11,-1.5514809590973202
2021-08-30,15:00,sz300158,振东制药,6.97,7.07,6.79,6.83,257418,178199536.0,-0.15,-2.148997134670487
2021-08-31,15:00,sz300158,振东制药,6.8,7.02,6.76,6.97,209045,144349120.0,0.14,2.049780380673499
2021-09-01,15:00,sz300158,振东制药,6.94,6.99,6.81,6.86,167449,115311920.0,-0.11,-1.5781922525107603
2021-09-02,15:00,sz300158,振东制药,6.81,7.04,6.76,6.98,212184,145951152.0,0.12,1.749271137026239
2021-09-03,15:00,sz300158,振东制药,7.08,7.33,7.05,7.13,288169,207243184.0,0.15,2.148997134670487
2021-09-06,15:00,sz300158,振东制药,7.29,7.5,7.15,7.43,416646,306131008.0,0.3,4.207573632538569
2021-09-07,15:00,sz300158,振东制药,7.38,7.98,7.34,7.73,504096,387878016.0,0.3,4.037685060565275
2021-09-08,15:00,sz300158,振东制药,7.73,7.88,7.58,7.7,366998,282301280.0,-0.03,-0.3880983182406209
2021-09-09,15:00,sz300158,振东制药,7.7,7.95,7.65,7.82,330734,258713648.0,0.12,1.5584415584415583
2021-09-10,15:00,sz300158,振东制药,7.78,7.95,7.67,7.75,271011,211202432.0,-0.07,-0.8951406649616368
2021-09-13,15:00,sz300158,振东制药,7.71,7.89,7.64,7.78,291546,226780448.0,0.03,0.3870967741935484
2021-09-14,15:00,sz300158,振东制药,7.78,8.18,7.74,7.94,427141,340691680.0,0.16,2.056555269922879
2021-09-15,15:00,sz300158,振东制药,7.84,8.21,7.78,8.07,351601,283797024.0,0.13,1.63727959697733
2021-09-16,15:00,sz300158,振东制药,8.01,8.15,7.8,7.84,347449,276688480.0,-0.23,-2.850061957868649
2021-09-17,15:00,sz300158,振东制药,7.88,7.88,7.58,7.7,270726,208358128.0,-0.14,-1.7857142857142856
2021-09-22,15:00,sz300158,振东制药,7.32,7.56,7.21,7.5,320759,239093376.0,-0.2,-2.5974025974025974
2021-09-23,15:00,sz300158,振东制药,7.73,7.73,7.3,7.34,254305,189052624.0,-0.16,-2.1333333333333333
2021-09-24,15:00,sz300158,振东制药,7.35,7.36,6.97,7.02,287122,204152000.0,-0.32,-4.35967302452316
2021-09-27,15:00,sz300158,振东制药,7.01,7.06,6.67,6.75,245886,167891632.0,-0.27,-3.8461538461538463
2021-09-28,15:00,sz300158,振东制药,6.7,6.8,6.55,6.6,206263,136906432.0,-0.15,-2.2222222222222223
2021-09-29,15:00,sz300158,振东制药,6.56,6.64,6.25,6.27,202405,130264944.0,-0.33,-5.0
2021-09-30,15:00,sz300158,振东制药,6.38,6.58,6.36,6.48,175539,113705816.0,0.21,3.349282296650718
2021-10-08,15:00,sz300158,振东制药,6.56,6.83,6.48,6.67,242186,162465408.0,0.19,2.9320987654320985
2021-10-11,15:00,sz300158,振东制药,6.67,6.71,6.53,6.58,175001,115461528.0,-0.09,-1.3493253373313343
2021-10-12,15:00,sz300158,振东制药,6.66,6.67,6.31,6.39,186436,120248632.0,-0.19,-2.8875379939209727
2021-10-13,15:00,sz300158,振东制药,6.4,6.44,6.28,6.43,124552,79269640.0,0.04,0.6259780907668232
2021-10-14,15:00,sz300158,振东制药,6.43,6.55,6.37,6.44,142821,92274144.0,0.01,0.1555209953343701
2021-10-15,15:00,sz300158,振东制药,6.42,6.42,6.25,6.25,145856,91943360.0,-0.19,-2.950310559006211
2021-10-18,15:00,sz300158,振东制药,6.28,6.4,6.15,6.28,120983,75678464.0,0.03,0.48
2021-10-19,15:00,sz300158,振东制药,6.31,6.45,6.29,6.4,142077,90754576.0,0.12,1.910828025477707
2021-10-20,15:00,sz300158,振东制药,6.4,6.58,6.34,6.53,181657,117565784.0,0.13,2.03125
2021-10-21,15:00,sz300158,振东制药,6.53,6.56,6.45,6.49,143133,92996256.0,-0.04,-0.6125574272588056
2021-10-22,15:00,sz300158,振东制药,6.48,6.54,6.4,6.41,138695,89559352.0,-0.08,-1.2326656394453006
2021-10-25,15:00,sz300158,振东制药,6.38,6.43,6.35,6.42,85225,54457624.0,0.01,0.15600624024961
2021-10-26,15:00,sz300158,振东制药,6.44,6.64,6.4,6.49,155113,101315024.0,0.07,1.0903426791277258
2021-10-27,15:00,sz300158,振东制药,6.51,6.59,6.32,6.5,168580,108590208.0,0.01,0.1540832049306625
2021-10-28,15:00,sz300158,振东制药,6.49,6.49,6.13,6.13,271656,168956224.0,-0.37,-5.6923076923076925
2021-10-29,15:00,sz300158,振东制药,6.15,6.77,6.1,6.67,366972,239607040.0,0.54,8.809135399673735
2021-11-01,15:00,sz300158,振东制药,6.72,6.78,6.54,6.73,246385,164363296.0,0.06,0.8995502248875562
2021-11-02,15:00,sz300158,振东制药,6.67,6.7,6.41,6.57,189763,124717576.0,-0.16,-2.37741456166419
2021-11-03,15:00,sz300158,振东制药,6.59,6.64,6.5,6.57,102504,67193320.0,0.0,0.0
2021-11-04,15:00,sz300158,振东制药,6.57,6.59,6.44,6.51,187600,121755648.0,-0.06,-0.91324200913242
2021-11-05,15:00,sz300158,振东制药,6.59,6.84,6.46,6.71,341066,227104288.0,0.2,3.072196620583717
2021-11-08,15:00,sz300158,振东制药,6.69,7.15,6.58,7.03,414706,288534208.0,0.32,4.769001490312966
2021-11-09,15:00,sz300158,振东制药,7.06,7.33,6.98,7.13,291763,209322736.0,0.1,1.422475106685633
2021-11-10,15:00,sz300158,振东制药,7.03,7.16,6.97,7.14,205672,144981456.0,0.01,0.1402524544179523
2021-11-11,15:00,sz300158,振东制药,7.06,7.19,7.04,7.07,137992,97628448.0,-0.07,-0.9803921568627452
2021-11-12,15:00,sz300158,振东制药,7.07,7.37,6.95,7.29,295846,213528848.0,0.22,3.111739745403112
2021-11-15,15:00,sz300158,振东制药,7.31,7.6,7.29,7.35,330180,245468000.0,0.06,0.823045267489712
2021-11-16,15:00,sz300158,振东制药,7.38,7.57,7.34,7.39,267515,199745600.0,0.04,0.5442176870748299
2021-11-17,15:00,sz300158,振东制药,7.68,7.79,7.4,7.53,248275,186528816.0,0.14,1.8944519621109608
2021-11-18,15:00,sz300158,振东制药,7.51,7.52,7.15,7.15,383242,278772736.0,-0.38,-5.046480743691899
2021-11-19,15:00,sz300158,振东制药,7.11,7.23,7.06,7.14,215072,153710880.0,-0.01,-0.1398601398601398
2021-11-22,15:00,sz300158,振东制药,7.12,7.13,6.96,7.07,261087,183453888.0,-0.07,-0.9803921568627452
2021-11-23,15:00,sz300158,振东制药,7.06,7.35,7.02,7.13,283921,203064560.0,0.06,0.8486562942008486
2021-11-24,15:00,sz300158,振东制药,7.11,7.19,7.03,7.16,173009,123192160.0,0.03,0.4207573632538569
2021-11-25,15:00,sz300158,振东制药,7.17,7.25,7.11,7.15,200755,144035728.0,-0.01,-0.1396648044692737
2021-11-26,15:00,sz300158,振东制药,7.16,7.19,7.07,7.13,141848,100969296.0,-0.02,-0.2797202797202797
2021-11-29,15:00,sz300158,振东制药,7.18,7.28,7.09,7.1,224167,160788720.0,-0.03,-0.4207573632538569
2021-11-30,15:00,sz300158,振东制药,7.08,7.32,7.07,7.26,272110,195798464.0,0.16,2.2535211267605635
2021-12-01,15:00,sz300158,振东制药,7.21,7.27,7.13,7.26,210445,151586576.0,0.0,0.0
2021-12-02,15:00,sz300158,振东制药,7.21,7.41,7.18,7.21,203222,147896128.0,-0.05,-0.6887052341597797
2021-12-03,15:00,sz300158,振东制药,7.24,7.25,7.16,7.22,134452,96880056.0,0.01,0.1386962552011095
2021-12-06,15:00,sz300158,振东制药,7.22,7.33,7.11,7.15,216558,155869664.0,-0.07,-0.969529085872576
2021-12-07,15:00,sz300158,振东制药,7.19,7.21,7.02,7.15,192479,136597376.0,0.0,0.0
2021-12-08,15:00,sz300158,振东制药,7.15,7.26,7.12,7.19,144559,103656080.0,0.04,0.5594405594405595
2021-12-09,15:00,sz300158,振东制药,7.19,7.72,7.18,7.54,608239,457191104.0,0.35,4.867872044506258
2021-12-10,15:00,sz300158,振东制药,7.56,7.7,7.45,7.5,289512,218311424.0,-0.04,-0.5305039787798408
2021-12-13,15:00,sz300158,振东制药,7.53,7.53,7.34,7.41,246535,182381792.0,-0.09,-1.2
2021-12-14,15:00,sz300158,振东制药,7.5,7.55,7.36,7.41,234774,174922224.0,0.0,0.0
2021-12-15,15:00,sz300158,振东制药,7.35,7.45,7.24,7.3,181329,133206464.0,-0.11,-1.484480431848853
2021-12-16,15:00,sz300158,振东制药,7.3,7.35,7.25,7.3,153411,111996904.0,0.0,0.0
2021-12-17,15:00,sz300158,振东制药,7.32,7.32,7.18,7.24,157407,113975536.0,-0.06,-0.821917808219178
2021-12-20,15:00,sz300158,振东制药,7.2,7.37,7.17,7.23,169106,123010232.0,-0.01,-0.1381215469613259
2021-12-21,15:00,sz300158,振东制药,6.9,6.92,6.62,6.75,448786,302620192.0,-0.48,-6.639004149377594
2021-12-22,15:00,sz300158,振东制药,6.78,6.88,6.68,6.83,231062,156388656.0,0.08,1.1851851851851851
2021-12-23,15:00,sz300158,振东制药,6.8,6.84,6.74,6.84,133247,90496920.0,0.01,0.1464128843338213
2021-12-24,15:00,sz300158,振东制药,6.85,7.29,6.78,7.04,489730,347858912.0,0.2,2.923976608187134
2021-12-27,15:00,sz300158,振东制药,7.0,7.64,6.97,7.49,604360,449229088.0,0.45,6.392045454545454
2021-12-28,15:00,sz300158,振东制药,7.46,7.95,7.4,7.83,663703,509616064.0,0.34,4.539385847797063
2021-12-29,15:00,sz300158,振东制药,7.83,8.54,7.79,8.01,834064,681766400.0,0.18,2.2988505747126435
2021-12-30,15:00,sz300158,振东制药,8.11,8.16,7.65,7.97,595020,467885952.0,-0.04,-0.4993757802746567
2021-12-31,15:00,sz300158,振东制药,8.02,8.54,7.98,8.19,628592,520605728.0,0.22,2.760351317440401
