日期,时间,代码,名称,开盘,最高,最低,收盘,总手,金额,涨幅,涨幅比
2015-01-05,15:00,sz300354,东华测试,22.89,22.89,21.63,21.95,8420,18503626.0,-1.05,-4.565217391304348
2015-01-06,15:00,sz300354,东华测试,21.97,23.18,21.89,23.1,10233,23134666.0,1.15,5.239179954441914
2015-01-07,15:00,sz300354,东华测试,23.14,23.15,22.52,22.77,7039,15990796.0,-0.33,-1.4285714285714286
2015-01-08,15:00,sz300354,东华测试,22.78,23.52,22.66,23.25,12541,28990218.0,0.48,2.1080368906455864
2015-01-09,15:00,sz300354,东华测试,23.2,23.86,22.75,23.3,10935,25631132.0,0.05,0.2150537634408602
2015-01-12,15:00,sz300354,东华测试,23.23,24.7,22.81,24.38,19002,46011696.0,1.08,4.63519313304721
2015-01-13,15:00,sz300354,东华测试,24.61,24.93,24.41,24.72,11321,27990034.0,0.34,1.394585726004922
2015-01-14,15:00,sz300354,东华测试,24.58,26.0,24.28,25.84,17065,43482976.0,1.12,4.53074433656958
2015-01-15,15:00,sz300354,东华测试,25.99,26.2,24.5,24.78,16960,42649556.0,-1.06,-4.102167182662539
2015-01-16,15:00,sz300354,东华测试,24.7,25.35,24.1,25.21,16343,40711732.0,0.43,1.735270379338176
2015-01-19,15:00,sz300354,东华测试,24.7,26.2,24.2,25.0,21849,55688856.0,-0.21,-0.8330027766759223
2015-01-20,15:00,sz300354,东华测试,25.35,26.6,25.0,26.49,19087,49521188.0,1.49,5.96
2015-01-21,15:00,sz300354,东华测试,26.75,27.48,26.2,26.92,16640,44695300.0,0.43,1.6232540581351451
2015-01-22,15:00,sz300354,东华测试,26.92,27.55,26.92,27.39,12546,34242104.0,0.47,1.7459138187221397
2015-01-23,15:00,sz300354,东华测试,27.45,28.99,27.2,27.98,19111,53422696.0,0.59,2.154070828769624
2015-01-26,15:00,sz300354,东华测试,27.71,29.0,27.7,28.35,13425,38127596.0,0.37,1.3223731236597571
2015-01-27,15:00,sz300354,东华测试,27.98,29.38,27.2,28.61,32272,91610984.0,0.26,0.9171075837742504
2015-01-28,15:00,sz300354,东华测试,28.5,30.46,28.02,30.44,22800,68040952.0,1.83,6.396364907375044
2015-01-29,15:00,sz300354,东华测试,30.18,30.4,29.34,30.01,16748,50116472.0,-0.43,-1.4126149802890933
2015-01-30,15:00,sz300354,东华测试,29.87,30.3,29.42,29.99,13875,41532056.0,-0.02,-0.0666444518493835
2015-02-02,15:00,sz300354,东华测试,29.49,29.88,28.8,29.35,9947,29223070.0,-0.64,-2.13404468156052
2015-02-03,15:00,sz300354,东华测试,29.35,30.29,29.0,29.64,23571,69502128.0,0.29,0.9880749574105622
2015-02-04,15:00,sz300354,东华测试,29.4,29.95,29.25,29.59,7109,20951870.0,-0.05,-0.1686909581646423
2015-02-05,15:00,sz300354,东华测试,29.59,30.29,29.02,29.9,11282,33843308.0,0.31,1.0476512335248396
2015-02-06,15:00,sz300354,东华测试,29.68,32.08,29.68,30.78,15148,46048428.0,0.88,2.94314381270903
2015-02-09,15:00,sz300354,东华测试,30.8,31.49,29.5,30.03,11943,35821696.0,-0.75,-2.4366471734892787
2015-02-10,15:00,sz300354,东华测试,29.99,30.9,29.08,29.17,10217,30121734.0,-0.86,-2.863802863802864
2015-02-11,15:00,sz300354,东华测试,29.28,30.03,29.04,29.78,7639,22654108.0,0.61,2.0911895783339047
2015-02-12,15:00,sz300354,东华测试,29.47,30.69,29.47,30.69,9373,28275912.0,0.91,3.0557421087978507
2015-02-13,15:00,sz300354,东华测试,30.98,31.93,30.69,31.77,13510,42639864.0,1.08,3.519061583577713
2015-02-16,15:00,sz300354,东华测试,31.7,34.95,31.67,34.95,19586,66522160.0,3.18,10.009442870632672
2015-02-17,15:00,sz300354,东华测试,34.81,37.9,34.05,35.89,15211,54484364.0,0.94,2.6895565092989986
2015-02-25,15:00,sz300354,东华测试,38.0,39.48,38.0,39.48,9676,37747264.0,3.59,10.002786291446084
2015-02-26,15:00,sz300354,东华测试,41.01,43.43,39.91,42.36,44343,186164048.0,2.88,7.29483282674772
2015-02-27,15:00,sz300354,东华测试,41.51,42.28,40.01,42.28,22373,92183832.0,-0.08,-0.1888574126534466
2015-03-02,15:00,sz300354,东华测试,41.92,42.46,41.0,41.5,22545,93863512.0,-0.78,-1.8448438978240305
2015-03-03,15:00,sz300354,东华测试,41.52,45.5,41.3,43.8,22631,97618576.0,2.3,5.542168674698795
2015-03-04,15:00,sz300354,东华测试,42.43,43.8,41.05,43.11,16160,68715400.0,-0.69,-1.5753424657534247
2015-03-05,15:00,sz300354,东华测试,42.69,45.95,42.66,44.01,22853,102083736.0,0.9,2.0876826722338206
2015-03-06,15:00,sz300354,东华测试,43.0,44.66,41.52,42.4,11507,49197772.0,-1.61,-3.6582594864803455
2015-03-09,15:00,sz300354,东华测试,43.08,46.6,42.55,46.5,18806,84989472.0,4.1,9.669811320754718
2015-03-10,15:00,sz300354,东华测试,46.0,47.5,44.01,45.79,13570,62161232.0,-0.71,-1.5268817204301075
2015-03-11,15:00,sz300354,东华测试,46.0,47.15,44.97,46.97,7985,37088556.0,1.18,2.5769818737715657
2015-03-12,15:00,sz300354,东华测试,46.0,46.8,44.26,45.8,11544,52281132.0,-1.17,-2.4909516712795403
2015-03-13,15:00,sz300354,东华测试,45.7,46.99,44.99,46.15,9736,45255128.0,0.35,0.7641921397379913
2015-03-16,15:00,sz300354,东华测试,46.62,50.77,45.61,50.77,29741,145129824.0,4.62,10.010834236186348
2015-03-17,15:00,sz300354,东华测试,52.49,54.2,47.0,50.0,37266,192158144.0,-0.77,-1.5166436872168605
2015-03-18,15:00,sz300354,东华测试,49.89,51.24,48.57,50.65,14413,71819320.0,0.65,1.3
2015-03-19,15:00,sz300354,东华测试,49.9,52.49,48.65,50.9,18604,94365808.0,0.25,0.4935834155972359
2015-03-20,15:00,sz300354,东华测试,50.1,55.99,50.1,55.99,30704,160966032.0,5.09,10.0
2015-03-23,15:00,sz300354,东华测试,57.85,57.85,54.93,56.66,17799,101178600.0,0.67,1.1966422575459903
2015-03-24,15:00,sz300354,东华测试,58.8,62.33,56.7,62.33,26827,161740128.0,5.67,10.007059654076947
2015-03-25,15:00,sz300354,东华测试,61.89,66.5,60.3,62.1,24898,158897184.0,-0.23,-0.3690036900369003
2015-03-26,15:00,sz300354,东华测试,60.25,66.0,59.0,62.6,29658,188050880.0,0.5,0.8051529790660225
2015-03-27,15:00,sz300354,东华测试,62.45,68.86,60.51,68.22,21648,143009440.0,5.62,8.977635782747603
2015-03-30,15:00,sz300354,东华测试,67.12,67.39,61.4,63.89,18803,119688464.0,-4.33,-6.347112283787745
2015-03-31,15:00,sz300354,东华测试,62.8,64.35,59.54,62.22,12831,79609472.0,-1.67,-2.6138675849115667
2015-04-01,15:00,sz300354,东华测试,61.81,66.99,60.88,65.3,15216,97490640.0,3.08,4.950176792028286
2015-04-02,15:00,sz300354,东华测试,65.2,66.5,62.8,64.03,13063,83481992.0,-1.27,-1.944869831546708
2015-04-03,15:00,sz300354,东华测试,64.03,64.16,62.0,63.01,10019,63068044.0,-1.02,-1.5930032797126348
2015-04-07,15:00,sz300354,东华测试,63.0,63.77,61.95,62.91,18790,118173728.0,-0.1,-0.1587049674654816
2015-04-08,15:00,sz300354,东华测试,63.1,68.02,63.1,67.8,17259,113170888.0,4.89,7.77300906056271
2015-04-09,15:00,sz300354,东华测试,66.87,73.5,62.01,71.18,13444,91716664.0,3.38,4.985250737463127
2015-04-10,15:00,sz300354,东华测试,67.27,74.35,67.27,70.0,8815,62788440.0,-1.18,-1.6577690362461366
2015-04-13,15:00,sz300354,东华测试,70.0,72.51,68.05,69.2,8314,57852604.0,-0.8,-1.1428571428571428
2015-04-14,15:00,sz300354,东华测试,69.21,73.0,65.0,70.0,10060,69269536.0,0.8,1.1560693641618496
2015-04-15,15:00,sz300354,东华测试,69.99,70.49,66.01,66.01,5721,38835136.0,-3.99,-5.7
2015-04-16,15:00,sz300354,东华测试,64.71,68.0,63.01,66.59,8159,53755820.0,0.58,0.8786547492804121
2015-04-17,15:00,sz300354,东华测试,66.9,66.9,63.1,63.22,8257,53153736.0,-3.37,-5.060819942934375
2015-04-20,15:00,sz300354,东华测试,63.1,64.46,61.06,63.29,4351,27224360.0,0.07,0.1107244542866181
2015-04-21,15:00,sz300354,东华测试,62.87,65.5,62.87,65.4,5646,36614400.0,2.11,3.3338600094801705
2015-04-22,15:00,sz300354,东华测试,66.59,70.5,65.99,69.98,9407,64676220.0,4.58,7.003058103975535
2015-04-23,15:00,sz300354,东华测试,72.58,72.7,67.9,68.99,5865,40849820.0,-0.99,-1.414689911403258
2015-04-24,15:00,sz300354,东华测试,68.7,68.7,65.1,66.3,3843,25577280.0,-2.69,-3.899115813886071
2015-04-27,15:00,sz300354,东华测试,67.2,70.49,67.2,67.55,8608,58997512.0,1.25,1.885369532428356
2015-04-28,15:00,sz300354,东华测试,68.95,69.96,66.05,66.19,7481,50286708.0,-1.36,-2.013323464100666
2015-04-29,15:00,sz300354,东华测试,64.0,67.0,63.02,66.59,2894,19228998.0,0.4,0.6043208943949236
2015-04-30,15:00,sz300354,东华测试,66.59,69.0,62.51,63.21,12999,84148408.0,-3.38,-5.075837212794714
2015-05-04,15:00,sz300354,东华测试,62.99,65.04,62.78,63.9,15996,102818048.0,0.69,1.0915994304698624
2015-05-05,15:00,sz300354,东华测试,63.9,64.98,60.99,61.2,11123,69569800.0,-2.7,-4.225352112676056
2015-05-06,15:00,sz300354,东华测试,61.2,64.0,61.0,62.63,10744,67387008.0,1.43,2.3366013071895426
2015-05-07,15:00,sz300354,东华测试,62.63,63.4,60.5,63.36,6568,40929140.0,0.73,1.1655756027462878
2015-05-08,15:00,sz300354,东华测试,63.01,66.48,62.61,65.9,9591,62260456.0,2.54,4.008838383838384
2015-05-11,15:00,sz300354,东华测试,65.85,72.19,65.85,71.0,17694,122668440.0,5.1,7.738998482549315
2015-05-12,15:00,sz300354,东华测试,71.0,78.09,68.38,78.09,15675,113941352.0,7.09,9.985915492957746
2015-05-13,15:00,sz300354,东华测试,75.72,77.02,73.0,75.88,11400,86051336.0,-2.21,-2.8300678704059417
2015-05-14,15:00,sz300354,东华测试,75.21,79.6,72.0,79.6,11935,89510296.0,3.72,4.902477596204533
2015-05-15,15:00,sz300354,东华测试,48.01,52.0,46.0,51.28,12932,63590252.0,-28.32,-35.57788944723618
2015-05-18,15:00,sz300354,东华测试,50.47,56.0,50.18,55.8,24515,131975096.0,4.52,8.814352574102964
2015-05-19,15:00,sz300354,东华测试,55.95,61.0,54.1,58.71,17639,100599752.0,2.91,5.21505376344086
2015-05-20,15:00,sz300354,东华测试,58.71,61.29,56.88,58.56,23025,134492592.0,-0.15,-0.2554931016862544
2015-05-21,15:00,sz300354,东华测试,57.68,58.11,55.0,55.88,28174,157915184.0,-2.68,-4.576502732240438
2015-05-22,15:00,sz300354,东华测试,56.0,57.5,53.4,54.4,18645,102837576.0,-1.48,-2.6485325697924123
2015-05-25,15:00,sz300354,东华测试,52.8,54.98,51.7,54.69,16996,90626120.0,0.29,0.5330882352941176
2015-05-26,15:00,sz300354,东华测试,54.66,56.68,54.38,56.38,18765,104720408.0,1.69,3.090144450539404
2015-05-27,15:00,sz300354,东华测试,57.0,57.5,53.92,54.23,21126,115640648.0,-2.15,-3.813409010287336
2015-05-28,15:00,sz300354,东华测试,53.7,55.55,48.81,50.0,20316,108941824.0,-4.23,-7.800110639867232
2015-05-29,15:00,sz300354,东华测试,50.3,52.5,45.67,49.7,19268,95946344.0,-0.3,-0.6
2015-06-01,15:00,sz300354,东华测试,50.5,53.1,49.58,53.1,17236,89180272.0,3.4,6.841046277665996
2015-06-02,15:00,sz300354,东华测试,54.85,54.88,52.3,53.88,45618,246136032.0,0.78,1.4689265536723164
2015-06-03,15:00,sz300354,东华测试,53.88,59.27,52.55,59.27,88234,496984800.0,5.39,10.00371195248701
2015-06-04,15:00,sz300354,东华测试,57.44,57.44,53.34,53.75,53315,291875680.0,-5.52,-9.31331196220685
2015-06-05,15:00,sz300354,东华测试,54.0,55.05,48.8,51.3,45421,235986128.0,-2.45,-4.55813953488372
2015-06-08,15:00,sz300354,东华测试,51.31,51.34,46.6,46.7,32044,153811824.0,-4.6,-8.966861598440545
2015-06-09,15:00,sz300354,东华测试,46.52,49.5,44.55,48.78,26278,125668792.0,2.08,4.453961456102784
2015-06-10,15:00,sz300354,东华测试,48.29,50.1,46.5,49.45,22600,110772328.0,0.67,1.3735137351373514
2015-06-11,15:00,sz300354,东华测试,49.9,49.9,48.67,49.73,17819,88005656.0,0.28,0.5662285136501517
2015-06-12,15:00,sz300354,东华测试,50.03,53.1,49.74,51.52,24601,127773624.0,1.79,3.599436959581741
2015-06-15,15:00,sz300354,东华测试,51.0,51.79,47.67,49.02,19501,96621024.0,-2.5,-4.85248447204969
2015-06-16,15:00,sz300354,东华测试,48.86,48.86,45.52,48.0,20665,97807648.0,-1.02,-2.08078335373317
2015-06-17,15:00,sz300354,东华测试,48.0,51.59,46.06,51.5,29437,146828976.0,3.5,7.291666666666667
2015-06-18,15:00,sz300354,东华测试,51.5,53.0,46.35,48.99,22451,114781872.0,-2.51,-4.873786407766991
2015-06-19,15:00,sz300354,东华测试,48.0,48.0,45.31,46.44,13766,63754028.0,-2.55,-5.20514390691978
2015-06-23,15:00,sz300354,东华测试,45.0,46.97,43.5,45.84,15636,71004784.0,-0.6,-1.2919896640826871
2015-06-24,15:00,sz300354,东华测试,45.84,47.6,45.5,46.85,15282,71377992.0,1.01,2.2033158813263527
2015-06-25,15:00,sz300354,东华测试,47.3,47.79,42.17,42.17,16606,74256664.0,-4.68,-9.989327641408751
2015-06-26,15:00,sz300354,东华测试,41.0,41.0,37.95,37.95,11883,46224412.0,-4.22,-10.007114062129476
2015-06-29,15:00,sz300354,东华测试,37.88,38.72,34.16,34.16,26044,90736584.0,-3.79,-9.986824769433465
2015-06-30,15:00,sz300354,东华测试,30.74,36.16,30.74,35.54,26400,87206072.0,1.38,4.039812646370024
2015-07-01,15:00,sz300354,东华测试,35.5,38.2,32.07,32.93,24344,89644232.0,-2.61,-7.343837929093978
2015-07-02,15:00,sz300354,东华测试,33.0,33.53,29.64,29.64,14596,45290104.0,-3.29,-9.990889766170664
2015-07-03,15:00,sz300354,东华测试,29.4,32.6,26.68,28.11,26062,74538976.0,-1.53,-5.161943319838056
2015-07-06,15:00,sz300354,东华测试,30.92,30.92,25.3,25.3,14891,41009528.0,-2.81,-9.99644254713625
2015-07-07,15:00,sz300354,东华测试,22.99,25.3,22.77,22.77,18260,42316788.0,-2.53,-10.0
2015-07-08,15:00,sz300354,东华测试,20.49,23.86,20.49,22.37,84403,176511312.0,-0.4,-1.756697408871322
2015-07-09,15:00,sz300354,东华测试,20.4,24.61,20.2,24.61,20037,46201080.0,2.24,10.013410818059905
2015-07-10,15:00,sz300354,东华测试,25.9,27.07,25.9,27.07,7590,20366484.0,2.46,9.995936611133684
2015-07-13,15:00,sz300354,东华测试,29.78,29.78,28.5,29.78,41005,121737984.0,2.71,10.011082379017362
2015-07-14,15:00,sz300354,东华测试,32.5,32.76,28.0,32.76,42115,135840464.0,2.98,10.006715916722634
2015-07-15,15:00,sz300354,东华测试,34.0,34.8,29.66,30.2,38578,126190192.0,-2.56,-7.814407814407814
2015-07-16,15:00,sz300354,东华测试,27.98,33.2,27.18,32.51,22744,69696336.0,2.31,7.6490066225165565
2015-07-17,15:00,sz300354,东华测试,32.0,35.35,31.98,35.18,27639,94146704.0,2.67,8.212857582282375
2015-07-20,15:00,sz300354,东华测试,35.17,37.47,34.18,35.37,25791,92627112.0,0.19,0.5400795906765207
2015-07-21,15:00,sz300354,东华测试,34.54,35.9,33.0,34.85,20339,70813616.0,-0.52,-1.4701724625388748
2015-07-22,15:00,sz300354,东华测试,34.04,34.92,33.05,34.3,16391,56139988.0,-0.55,-1.5781922525107603
2015-07-23,15:00,sz300354,东华测试,34.39,36.99,34.01,36.03,20729,74041848.0,1.73,5.043731778425656
2015-07-24,15:00,sz300354,东华测试,36.0,37.2,35.15,35.21,19972,72993472.0,-0.82,-2.275881210102692
2015-07-27,15:00,sz300354,东华测试,35.15,35.15,31.69,31.69,15101,50599680.0,-3.52,-9.99715989775632
2015-07-28,15:00,sz300354,东华测试,28.53,31.39,28.52,28.52,17831,51488548.0,-3.17,-10.00315556958031
2015-07-29,15:00,sz300354,东华测试,28.52,30.87,26.8,30.76,14897,42819460.0,2.24,7.854137447405329
2015-07-30,15:00,sz300354,东华测试,30.75,31.99,29.0,29.6,12074,37505944.0,-1.16,-3.771131339401821
2015-07-31,15:00,sz300354,东华测试,28.49,29.59,27.9,28.06,8283,23592430.0,-1.54,-5.202702702702703
2015-08-03,15:00,sz300354,东华测试,27.9,27.97,25.25,25.25,9059,23641520.0,-2.81,-10.014255167498218
2015-08-04,15:00,sz300354,东华测试,25.55,27.77,24.62,27.22,19682,51177112.0,1.97,7.801980198019802
2015-08-05,15:00,sz300354,东华测试,26.9,27.5,25.31,26.79,23552,62404512.0,-0.43,-1.579720793534166
2015-08-06,15:00,sz300354,东华测试,25.76,27.7,25.0,26.77,20765,55731160.0,-0.02,-0.0746547219111608
2015-08-07,15:00,sz300354,东华测试,26.77,28.49,25.89,28.23,38531,104912600.0,1.46,5.453866268210684
2015-08-10,15:00,sz300354,东华测试,28.06,30.98,27.95,30.52,25507,74717392.0,2.29,8.111937654976975
2015-08-11,15:00,sz300354,东华测试,30.4,31.25,29.85,30.39,23820,72919568.0,-0.13,-0.4259501965923984
2015-08-12,15:00,sz300354,东华测试,30.0,31.25,29.09,29.21,19106,57429036.0,-1.18,-3.882856202698256
2015-08-13,15:00,sz300354,东华测试,29.19,29.63,26.9,29.2,29896,84331176.0,-0.01,-0.0342348510783978
2015-08-14,15:00,sz300354,东华测试,29.0,30.0,28.4,29.1,21612,63515084.0,-0.1,-0.3424657534246575
2015-08-17,15:00,sz300354,东华测试,28.58,29.87,28.2,29.67,20791,60526564.0,0.57,1.958762886597938
2015-08-18,15:00,sz300354,东华测试,29.68,29.68,26.7,26.7,22170,62811612.0,-2.97,-10.010111223458038
2015-08-19,15:00,sz300354,东华测试,25.31,27.89,24.24,26.7,17871,46046448.0,0.0,0.0
2015-08-20,15:00,sz300354,东华测试,26.2,27.9,25.5,27.3,23691,64323440.0,0.6,2.247191011235955
2015-08-21,15:00,sz300354,东华测试,27.57,27.57,24.57,25.7,18549,47625680.0,-1.6,-5.86080586080586
2015-08-24,15:00,sz300354,东华测试,24.25,24.26,23.13,23.13,5793,13487712.0,-2.57,-10.0
2015-08-25,15:00,sz300354,东华测试,20.82,22.99,20.82,20.82,28002,59768276.0,-2.31,-9.987029831387808
2015-08-26,15:00,sz300354,东华测试,20.3,21.68,18.74,18.8,28683,58068780.0,-2.02,-9.702209414024976
2015-08-27,15:00,sz300354,东华测试,19.2,20.46,18.8,20.11,24306,47793248.0,1.31,6.968085106382979
2015-08-28,15:00,sz300354,东华测试,20.55,22.12,20.24,22.12,17601,37654108.0,2.01,9.995027349577326
2015-08-31,15:00,sz300354,东华测试,23.39,23.39,20.79,20.83,19322,42975292.0,-1.29,-5.831826401446655
2015-09-01,15:00,sz300354,东华测试,20.83,20.83,18.75,18.75,10878,21027132.0,-2.08,-9.985597695631302
2015-09-02,15:00,sz300354,东华测试,17.77,19.59,17.04,17.06,12530,22800234.0,-1.69,-9.013333333333334
2015-09-07,15:00,sz300354,东华测试,17.6,18.5,17.21,17.73,12370,22067824.0,0.67,3.927315357561548
2015-09-08,15:00,sz300354,东华测试,18.24,19.5,17.73,19.5,14533,27234482.0,1.77,9.983079526226735
2015-09-09,15:00,sz300354,东华测试,19.89,21.45,19.89,21.0,24117,50484672.0,1.5,7.6923076923076925
2015-09-10,15:00,sz300354,东华测试,20.76,21.66,20.07,20.58,11891,24856610.0,-0.42,-2.0
2015-09-11,15:00,sz300354,东华测试,20.84,21.74,20.07,21.5,14909,31715952.0,0.92,4.470359572400389
2015-09-14,15:00,sz300354,东华测试,21.5,21.57,19.35,19.35,11713,23579052.0,-2.15,-10.0
2015-09-15,15:00,sz300354,东华测试,18.02,19.9,17.51,18.7,11895,22306644.0,-0.65,-3.359173126614987
2015-09-16,15:00,sz300354,东华测试,18.0,20.57,17.77,20.57,14632,29034200.0,1.87,10.0
2015-09-17,15:00,sz300354,东华测试,20.64,22.41,20.2,21.07,18518,39994672.0,0.5,2.4307243558580454
2015-09-18,15:00,sz300354,东华测试,21.1,23.02,21.07,23.0,19131,41931172.0,1.93,9.159943046986236
2015-09-21,15:00,sz300354,东华测试,22.2,25.15,22.2,25.0,20151,47644228.0,2.0,8.695652173913043
2015-09-22,15:00,sz300354,东华测试,25.26,25.26,23.7,24.28,22327,54740156.0,-0.72,-2.88
2015-09-23,15:00,sz300354,东华测试,23.51,24.75,22.8,23.27,15333,36552160.0,-1.01,-4.159802306425041
2015-09-24,15:00,sz300354,东华测试,23.38,24.4,23.29,24.3,13785,32799452.0,1.03,4.426299957026214
2015-09-25,15:00,sz300354,东华测试,23.88,24.69,21.9,22.65,13169,30488070.0,-1.65,-6.790123456790123
2015-09-28,15:00,sz300354,东华测试,22.88,24.7,22.7,23.82,8888,20909804.0,1.17,5.1655629139072845
2015-09-29,15:00,sz300354,东华测试,23.0,24.23,23.0,23.53,7372,17404628.0,-0.29,-1.2174643157010916
2015-09-30,15:00,sz300354,东华测试,23.8,24.5,23.0,23.72,6567,15563876.0,0.19,0.8074798130046749
2015-10-08,15:00,sz300354,东华测试,24.99,25.1,23.72,24.78,13971,34558184.0,1.06,4.4688026981450255
2015-10-09,15:00,sz300354,东华测试,24.71,27.15,24.4,27.03,21802,57379668.0,2.25,9.079903147699758
2015-10-12,15:00,sz300354,东华测试,27.03,29.73,27.03,29.73,32158,92582272.0,2.7,9.988901220865705
2015-10-13,15:00,sz300354,东华测试,29.69,32.6,29.0,31.75,36524,111867536.0,2.02,6.79448368651194
2015-10-14,15:00,sz300354,东华测试,31.38,31.4,29.41,29.7,27342,82548456.0,-2.05,-6.456692913385827
2015-10-15,15:00,sz300354,东华测试,28.9,30.94,28.9,30.71,24116,71849096.0,1.01,3.4006734006734005
2015-10-16,15:00,sz300354,东华测试,30.5,31.13,29.0,29.9,28377,84879480.0,-0.81,-2.637577336372517
2015-10-19,15:00,sz300354,东华测试,29.7,32.89,29.7,32.89,44725,138554112.0,2.99,10.0
2015-10-20,15:00,sz300354,东华测试,32.5,34.88,32.0,33.71,39296,131292760.0,0.82,2.4931590148981453
2015-10-21,15:00,sz300354,东华测试,32.1,33.97,30.34,30.34,28224,89631528.0,-3.37,-9.997033521210325
2015-10-22,15:00,sz300354,东华测试,29.47,31.65,29.0,30.9,29543,90386936.0,0.56,1.845748187211602
2015-10-23,15:00,sz300354,东华测试,31.06,32.5,29.57,31.55,48750,151092672.0,0.65,2.103559870550162
2015-10-26,15:00,sz300354,东华测试,31.69,32.33,28.4,30.69,31660,97142968.0,-0.86,-2.7258320126782887
2015-10-27,15:00,sz300354,东华测试,30.0,30.84,28.66,30.69,28138,83795408.0,0.0,0.0
2015-10-28,15:00,sz300354,东华测试,30.5,31.59,29.55,29.88,25030,75943080.0,-0.81,-2.6392961876832843
2015-10-29,15:00,sz300354,东华测试,32.08,32.08,29.68,30.16,18499,55958900.0,0.28,0.9370816599732262
2015-10-30,15:00,sz300354,东华测试,29.53,30.16,28.9,28.91,22195,65357812.0,-1.25,-4.144562334217507
2015-11-02,15:00,sz300354,东华测试,27.0,28.88,26.02,26.8,41528,113080480.0,-2.11,-7.298512625389139
2015-11-03,15:00,sz300354,东华测试,26.97,27.13,25.69,26.87,25531,67752840.0,0.07,0.2611940298507463
2015-11-04,15:00,sz300354,东华测试,27.3,29.32,27.01,29.21,31252,88675832.0,2.34,8.708596948269445
2015-11-05,15:00,sz300354,东华测试,29.26,31.3,28.3,30.48,39945,118536560.0,1.27,4.3478260869565215
2015-11-06,15:00,sz300354,东华测试,30.3,32.4,30.06,31.5,33101,104209480.0,1.02,3.346456692913386
2015-11-09,15:00,sz300354,东华测试,30.9,34.65,30.51,34.65,38025,125739416.0,3.15,10.0
2015-11-10,15:00,sz300354,东华测试,34.5,37.78,34.0,35.57,43841,158195888.0,0.92,2.655122655122655
2015-11-11,15:00,sz300354,东华测试,35.33,36.99,34.8,36.54,33982,121048312.0,0.97,2.727017149283104
2015-11-12,15:00,sz300354,东华测试,36.54,36.8,34.93,35.96,31342,111444232.0,-0.58,-1.5873015873015872
2015-11-13,15:00,sz300354,东华测试,35.4,35.8,33.2,35.29,25824,89808904.0,-0.67,-1.8631813125695216
2015-11-16,15:00,sz300354,东华测试,35.78,38.82,34.21,38.82,30409,111070184.0,3.53,10.00283366392746
2015-11-17,15:00,sz300354,东华测试,38.98,41.1,38.0,38.98,58909,232277696.0,0.16,0.4121586810922205
2015-11-18,15:00,sz300354,东华测试,40.95,40.95,37.0,38.88,34882,135511840.0,-0.1,-0.2565418163160595
2015-11-19,15:00,sz300354,东华测试,39.03,40.0,37.85,39.75,32484,127053056.0,0.87,2.2376543209876543
2015-11-20,15:00,sz300354,东华测试,40.0,40.2,38.16,39.74,26724,104766912.0,-0.01,-0.0251572327044025
2015-11-23,15:00,sz300354,东华测试,40.0,40.7,38.2,38.78,24969,98055888.0,-0.96,-2.415702063412179
2015-11-24,15:00,sz300354,东华测试,38.49,38.75,37.0,38.4,18262,68655640.0,-0.38,-0.9798865394533264
2015-11-25,15:00,sz300354,东华测试,38.14,39.26,37.8,38.8,24255,93897784.0,0.4,1.0416666666666663
2015-11-26,15:00,sz300354,东华测试,39.0,40.2,38.05,39.16,21982,85994184.0,0.36,0.9278350515463918
2015-11-27,15:00,sz300354,东华测试,39.59,41.0,35.58,37.5,40881,159707376.0,-1.66,-4.239019407558733
2015-11-30,15:00,sz300354,东华测试,36.1,37.56,33.8,36.78,20662,74641976.0,-0.72,-1.92
2015-12-01,15:00,sz300354,东华测试,36.5,36.5,34.55,35.88,29958,107074216.0,-0.9,-2.446982055464926
2015-12-02,15:00,sz300354,东华测试,35.0,35.84,32.3,34.8,19079,65241500.0,-1.08,-3.0100334448160537
2015-12-03,15:00,sz300354,东华测试,34.8,36.89,34.8,36.7,23663,84846952.0,1.9,5.459770114942529
2015-12-04,15:00,sz300354,东华测试,37.0,38.49,36.44,38.3,20506,76591224.0,1.6,4.35967302452316
2015-12-07,15:00,sz300354,东华测试,38.4,39.6,37.43,38.78,22337,85483808.0,0.48,1.2532637075718016
2015-12-08,15:00,sz300354,东华测试,38.53,39.02,37.21,37.8,20113,76282336.0,-0.98,-2.527075812274368
2015-12-09,15:00,sz300354,东华测试,38.45,38.78,36.81,37.63,23546,88588720.0,-0.17,-0.4497354497354497
2015-12-10,15:00,sz300354,东华测试,37.9,39.5,36.68,38.99,39674,152032192.0,1.36,3.614137656125432
2015-12-11,15:00,sz300354,东华测试,38.89,40.56,38.8,40.0,36110,144021024.0,1.01,2.5904077968709927
2015-12-14,15:00,sz300354,东华测试,40.99,40.99,39.32,40.5,23116,93219120.0,0.5,1.25
2015-12-15,15:00,sz300354,东华测试,40.22,43.54,39.53,42.58,25518,107292432.0,2.08,5.135802469135802
2015-12-16,15:00,sz300354,东华测试,42.77,43.36,41.8,42.8,15997,68013304.0,0.22,0.5166744950681071
2015-12-17,15:00,sz300354,东华测试,42.72,44.2,42.22,43.83,20339,87813680.0,1.03,2.4065420560747666
2015-12-18,15:00,sz300354,东华测试,43.66,43.8,41.5,42.16,19948,84374824.0,-1.67,-3.810175678758841
2015-12-21,15:00,sz300354,东华测试,41.55,43.0,41.1,42.18,12693,53804844.0,0.02,0.0474383301707779
2015-12-22,15:00,sz300354,东华测试,42.18,42.59,40.78,41.4,12770,52647348.0,-0.78,-1.849217638691323
2015-12-23,15:00,sz300354,东华测试,41.9,41.9,39.0,39.94,18633,75191280.0,-1.46,-3.5265700483091784
2015-12-24,15:00,sz300354,东华测试,39.7,40.4,38.0,39.93,11326,44438536.0,-0.01,-0.0250375563345017
2015-12-25,15:00,sz300354,东华测试,40.5,43.85,40.33,42.1,26125,109218312.0,2.17,5.434510393188079
2015-12-28,15:00,sz300354,东华测试,43.0,45.65,42.6,42.99,29843,131724352.0,0.89,2.1140142517814726
2015-12-29,15:00,sz300354,东华测试,43.7,44.0,41.84,43.15,12308,52624708.0,0.16,0.3721795766457315
2015-12-30,15:00,sz300354,东华测试,43.58,45.25,42.5,44.5,17910,78325680.0,1.35,3.1286210892236386
2015-12-31,15:00,sz300354,东华测试,44.49,44.76,42.6,43.29,12556,54468252.0,-1.21,-2.7191011235955056
2016-01-04,15:00,sz300354,东华测试,42.86,42.86,38.96,39.0,11085,44579564.0,-4.29,-9.90990990990991
2016-01-05,15:00,sz300354,东华测试,35.1,37.98,35.1,36.27,25401,91396280.0,-2.73,-7.000000000000001
2016-01-06,15:00,sz300354,东华测试,36.31,37.19,34.02,37.17,18102,65249864.0,0.9,2.481389578163772
2016-01-07,15:00,sz300354,东华测试,36.0,36.3,33.45,33.45,2392,8271572.5,-3.72,-10.008071025020175
2016-01-08,15:00,sz300354,东华测试,34.0,34.78,31.01,32.65,16557,54084260.0,-0.8,-2.391629297458894
2016-01-11,15:00,sz300354,东华测试,31.26,31.61,29.39,29.39,31684,94113056.0,-3.26,-9.98468606431853
2016-01-12,15:00,sz300354,东华测试,28.22,28.94,27.02,28.5,24860,69435592.0,-0.89,-3.028240898264716
2016-01-13,15:00,sz300354,东华测试,28.51,29.6,27.5,28.4,10139,28778648.0,-0.1,-0.3508771929824561
2016-01-14,15:00,sz300354,东华测试,27.31,29.8,27.16,29.49,16225,46582528.0,1.09,3.838028169014084
2016-01-15,15:00,sz300354,东华测试,28.7,29.29,27.7,28.0,22251,62700264.0,-1.49,-5.052560189894879
2016-01-18,15:00,sz300354,东华测试,27.0,29.5,26.72,28.72,17856,50048744.0,0.72,2.571428571428571
2016-01-19,15:00,sz300354,东华测试,28.2,29.9,27.5,29.8,19012,54602984.0,1.08,3.7604456824512535
2016-01-20,15:00,sz300354,东华测试,29.12,29.88,28.65,28.71,17993,52510444.0,-1.09,-3.657718120805369
2016-01-21,15:00,sz300354,东华测试,28.42,30.2,27.51,28.02,23542,68004088.0,-0.69,-2.4033437826541277
2016-01-22,15:00,sz300354,东华测试,27.99,28.79,27.51,28.59,9733,27310270.0,0.57,2.0342612419700217
2016-01-25,15:00,sz300354,东华测试,29.2,29.93,28.51,29.07,9070,26420358.0,0.48,1.6789087093389297
2016-01-26,15:00,sz300354,东华测试,28.79,28.79,26.54,26.55,14668,40573544.0,-2.52,-8.6687306501548
2016-01-27,15:00,sz300354,东华测试,27.3,27.3,23.9,24.75,19791,48342460.0,-1.8,-6.779661016949152
2016-01-28,15:00,sz300354,东华测试,25.0,25.0,22.45,22.5,23456,54948388.0,-2.25,-9.090909090909092
2016-01-29,15:00,sz300354,东华测试,21.5,23.9,20.64,22.9,17371,39553704.0,0.4,1.7777777777777777
2016-02-01,15:00,sz300354,东华测试,22.75,23.48,20.63,21.32,24432,52942588.0,-1.58,-6.899563318777292
2016-02-02,15:00,sz300354,东华测试,21.2,22.95,21.0,22.79,26751,59633004.0,1.47,6.894934333958725
2016-02-03,15:00,sz300354,东华测试,22.39,23.9,21.71,23.41,17869,39922560.0,0.62,2.7204914436156207
2016-02-04,15:00,sz300354,东华测试,23.2,24.46,23.05,24.11,28445,68119448.0,0.7,2.99017513882956
2016-02-05,15:00,sz300354,东华测试,23.99,24.9,23.29,24.0,23860,57738872.0,-0.11,-0.4562422231439236
2016-02-15,15:00,sz300354,东华测试,23.3,24.2,22.24,24.14,14642,34305692.0,0.14,0.5833333333333334
2016-02-16,15:00,sz300354,东华测试,24.48,26.0,24.16,25.63,16680,42347496.0,1.49,6.172328086164043
2016-02-17,15:00,sz300354,东华测试,25.6,26.11,24.79,25.58,30720,77481304.0,-0.05,-0.1950838860710105
2016-02-18,15:00,sz300354,东华测试,25.89,25.91,24.8,25.0,22752,57329944.0,-0.58,-2.267396403440188
2016-02-19,15:00,sz300354,东华测试,24.74,25.43,24.33,24.9,15746,39166140.0,-0.1,-0.4
2016-02-22,15:00,sz300354,东华测试,25.25,25.88,24.54,25.86,19700,50052616.0,0.96,3.855421686746989
2016-02-23,15:00,sz300354,东华测试,25.88,26.38,24.8,25.4,16731,42638240.0,-0.46,-1.7788089713843775
2016-02-24,15:00,sz300354,东华测试,25.01,26.5,24.99,26.48,30127,77944760.0,1.08,4.251968503937007
2016-02-25,15:00,sz300354,东华测试,26.0,26.22,23.83,23.83,22729,55906016.0,-2.65,-10.007552870090636
2016-02-26,15:00,sz300354,东华测试,23.3,24.3,21.45,21.81,34604,77320552.0,-2.02,-8.476710029374738
2016-02-29,15:00,sz300354,东华测试,21.0,21.5,19.63,19.63,26277,52513224.0,-2.18,-9.995414947271891
2016-03-01,15:00,sz300354,东华测试,19.48,20.5,18.25,19.86,21419,41774640.0,0.23,1.1716760061130922
2016-03-02,15:00,sz300354,东华测试,19.6,21.14,19.6,21.0,27356,55827748.0,1.14,5.740181268882175
2016-03-03,15:00,sz300354,东华测试,21.0,21.74,20.39,21.15,24289,51488152.0,0.15,0.7142857142857143
2016-03-04,15:00,sz300354,东华测试,21.11,21.49,19.88,20.3,21421,44054948.0,-0.85,-4.018912529550828
2016-03-07,15:00,sz300354,东华测试,20.79,21.5,20.0,20.59,16584,34218280.0,0.29,1.4285714285714286
2016-03-08,15:00,sz300354,东华测试,20.5,21.77,19.05,21.38,45701,92260072.0,0.79,3.836813987372511
2016-03-09,15:00,sz300354,东华测试,20.69,21.4,20.0,20.89,26744,55628216.0,-0.49,-2.291861552853134
2016-03-10,15:00,sz300354,东华测试,20.62,21.15,20.3,20.58,17600,36345036.0,-0.31,-1.4839636189564385
2016-03-11,15:00,sz300354,东华测试,20.3,20.75,19.9,20.65,14066,28741724.0,0.07,0.3401360544217687
2016-03-14,15:00,sz300354,东华测试,21.0,21.98,20.73,21.86,41410,89556576.0,1.21,5.85956416464891
2016-03-15,15:00,sz300354,东华测试,21.71,21.86,21.18,21.23,16935,36357532.0,-0.63,-2.881976212259836
2016-03-16,15:00,sz300354,东华测试,21.84,21.99,20.91,21.33,18356,39383796.0,0.1,0.4710315591144607
2016-03-17,15:00,sz300354,东华测试,21.54,22.7,21.23,22.38,28640,63184452.0,1.05,4.922644163150492
2016-03-18,15:00,sz300354,东华测试,22.63,23.8,22.15,23.43,32906,76338320.0,1.05,4.691689008042896
2016-03-21,15:00,sz300354,东华测试,23.7,24.35,23.67,24.23,31150,74661488.0,0.8,3.4144259496372174
2016-03-22,15:00,sz300354,东华测试,24.1,24.48,23.81,23.81,19890,47840168.0,-0.42,-1.7333883615352867
2016-03-23,15:00,sz300354,东华测试,23.8,24.0,23.47,24.0,24538,58236296.0,0.19,0.7979840403191937
2016-03-24,15:00,sz300354,东华测试,23.71,23.92,23.1,23.1,24706,58016492.0,-0.9,-3.75
2016-03-25,15:00,sz300354,东华测试,22.98,23.45,22.86,23.45,18410,42665844.0,0.35,1.5151515151515151
2016-03-28,15:00,sz300354,东华测试,23.65,24.51,23.2,23.54,27368,65718664.0,0.09,0.3837953091684435
2016-03-29,15:00,sz300354,东华测试,23.55,24.89,22.78,24.65,48764,117540904.0,1.11,4.715378079864061
2016-03-30,15:00,sz300354,东华测试,24.53,25.53,24.2,25.37,41167,102885688.0,0.72,2.920892494929006
2016-03-31,15:00,sz300354,东华测试,25.38,25.41,24.81,24.99,29491,73843984.0,-0.38,-1.4978320851399292
2016-04-01,15:00,sz300354,东华测试,24.85,24.85,23.37,23.99,41046,97684200.0,-1.0,-4.001600640256102
2016-04-05,15:00,sz300354,东华测试,23.71,24.91,23.45,24.79,28843,70115256.0,0.8,3.334722801167153
2016-04-06,15:00,sz300354,东华测试,24.7,25.44,24.44,25.2,26471,66239232.0,0.41,1.653892698668818
2016-04-07,15:00,sz300354,东华测试,25.2,25.47,24.13,25.31,30663,76343472.0,0.11,0.4365079365079365
2016-04-08,15:00,sz300354,东华测试,24.86,25.18,24.3,24.81,17145,42447616.0,-0.5,-1.975503753457132
2016-04-11,15:00,sz300354,东华测试,24.85,25.81,24.82,25.0,34333,86479912.0,0.19,0.7658202337767029
2016-04-12,15:00,sz300354,东华测试,25.05,27.5,24.96,27.45,73291,193730016.0,2.45,9.8
2016-04-13,15:00,sz300354,东华测试,26.8,28.0,26.36,26.95,70677,191710048.0,-0.5,-1.8214936247723132
2016-04-14,15:00,sz300354,东华测试,26.9,28.09,26.7,27.53,45338,124036600.0,0.58,2.152133580705009
2016-04-15,15:00,sz300354,东华测试,27.4,27.66,26.55,26.88,28801,77640528.0,-0.65,-2.361060661096985
2016-04-18,15:00,sz300354,东华测试,26.4,26.86,25.36,26.0,32480,84427496.0,-0.88,-3.273809523809524
2016-04-19,15:00,sz300354,东华测试,26.27,26.51,25.5,26.18,21949,56915912.0,0.18,0.6923076923076923
2016-04-20,15:00,sz300354,东华测试,26.27,26.46,23.56,23.57,44944,110324928.0,-2.61,-9.969442322383498
2016-04-21,15:00,sz300354,东华测试,23.61,24.25,23.0,23.1,28685,68034288.0,-0.47,-1.99406024607552
2016-04-22,15:00,sz300354,东华测试,22.83,23.56,22.55,23.34,21972,50497852.0,0.24,1.0389610389610389
2016-04-25,15:00,sz300354,东华测试,23.14,23.14,22.05,22.59,23912,53901536.0,-0.75,-3.2133676092544987
2016-04-26,15:00,sz300354,东华测试,22.58,23.4,22.57,23.34,21910,50158036.0,0.75,3.3200531208499333
2016-04-27,15:00,sz300354,东华测试,23.44,23.5,22.61,22.7,24461,56715664.0,-0.64,-2.742073693230506
2016-04-28,15:00,sz300354,东华测试,22.75,23.81,22.36,23.81,27622,63809496.0,1.11,4.889867841409692
2016-04-29,15:00,sz300354,东华测试,23.8,23.8,23.22,23.28,17460,40885976.0,-0.53,-2.2259554808903825
2016-05-03,15:00,sz300354,东华测试,23.35,24.69,22.91,24.49,28634,68710320.0,1.21,5.197594501718213
2016-05-04,15:00,sz300354,东华测试,24.27,24.74,24.05,24.19,23583,57519284.0,-0.3,-1.2249897917517354
2016-05-05,15:00,sz300354,东华测试,24.15,24.6,23.93,24.49,18375,44600992.0,0.3,1.2401818933443571
2016-05-06,15:00,sz300354,东华测试,24.53,24.64,22.82,23.13,23406,55580500.0,-1.36,-5.553287055941201
2016-05-09,15:00,sz300354,东华测试,22.5,22.98,21.35,21.58,17361,37822812.0,-1.55,-6.701253782965845
2016-05-10,15:00,sz300354,东华测试,21.79,21.97,21.21,21.43,9218,19889306.0,-0.15,-0.6950880444856349
2016-05-11,15:00,sz300354,东华测试,21.77,21.85,21.25,21.43,19776,42700832.0,0.0,0.0
2016-05-12,15:00,sz300354,东华测试,21.3,21.44,20.11,21.43,13421,27696016.0,0.0,0.0
2016-05-13,15:00,sz300354,东华测试,21.34,21.78,20.8,20.98,12642,26831492.0,-0.45,-2.099860009332711
2016-05-16,15:00,sz300354,东华测试,20.99,21.51,20.71,21.45,21613,45555480.0,0.47,2.2402287893231647
2016-05-17,15:00,sz300354,东华测试,21.5,21.76,21.16,21.53,14479,31081882.0,0.08,0.372960372960373
2016-05-18,15:00,sz300354,东华测试,21.45,21.45,20.43,20.7,17560,36562028.0,-0.83,-3.855085926614027
2016-05-19,15:00,sz300354,东华测试,20.7,21.35,20.46,20.98,19347,40814596.0,0.28,1.352657004830918
2016-05-20,15:00,sz300354,东华测试,20.7,21.5,20.4,21.3,19600,41170616.0,0.32,1.5252621544327931
2016-05-23,15:00,sz300354,东华测试,21.65,21.89,21.31,21.7,17035,36678640.0,0.4,1.8779342723004693
2016-05-24,15:00,sz300354,东华测试,21.5,21.69,21.18,21.6,15321,32751762.0,-0.1,-0.4608294930875576
2016-05-25,15:00,sz300354,东华测试,21.8,22.3,21.2,21.2,13558,29401510.0,-0.4,-1.851851851851852
2016-05-26,15:00,sz300354,东华测试,21.0,21.5,20.6,21.47,18496,38961916.0,0.27,1.2735849056603774
2016-05-27,15:00,sz300354,东华测试,21.46,21.68,21.2,21.47,10911,23426872.0,0.0,0.0
2016-05-30,15:00,sz300354,东华测试,21.37,21.88,20.91,21.54,15399,33029634.0,0.07,0.3260363297624593
2016-05-31,15:00,sz300354,东华测试,21.6,22.68,21.3,22.64,34829,77867344.0,1.1,5.10677808727948
2016-06-01,15:00,sz300354,东华测试,22.64,23.68,22.64,23.52,33119,76659112.0,0.88,3.886925795053004
2016-06-02,15:00,sz300354,东华测试,23.05,23.5,23.02,23.45,22883,53318372.0,-0.07,-0.2976190476190476
2016-06-03,15:00,sz300354,东华测试,23.35,23.67,23.13,23.46,17150,40079532.0,0.01,0.0426439232409381
2016-06-06,15:00,sz300354,东华测试,23.4,23.65,23.18,23.62,21145,49449276.0,0.16,0.6820119352088662
2016-06-07,15:00,sz300354,东华测试,23.44,24.25,23.22,24.08,26466,62960128.0,0.46,1.947502116850127
2016-06-08,15:00,sz300354,东华测试,23.99,25.45,23.72,24.66,42025,104502248.0,0.58,2.408637873754153
2016-06-13,15:00,sz300354,东华测试,24.16,24.66,22.19,22.19,36519,85624880.0,-2.47,-10.016220600162203
2016-06-14,15:00,sz300354,东华测试,22.19,22.46,21.0,21.35,32162,69295416.0,-0.84,-3.785488958990536
2016-06-15,15:00,sz300354,东华测试,21.19,22.87,20.6,22.53,36647,81089280.0,1.18,5.526932084309133
2016-06-16,15:00,sz300354,东华测试,22.39,22.56,22.02,22.24,26702,59573608.0,-0.29,-1.2871726586773191
2016-06-17,15:00,sz300354,东华测试,22.31,23.77,22.3,22.79,33686,77820288.0,0.55,2.473021582733813
2016-06-20,15:00,sz300354,东华测试,22.99,23.29,22.4,23.14,27146,62331484.0,0.35,1.5357612988152698
2016-06-21,15:00,sz300354,东华测试,23.5,23.7,22.3,22.4,29547,68214648.0,-0.74,-3.197925669835782
2016-06-22,15:00,sz300354,东华测试,22.55,23.98,22.3,23.95,36097,83655920.0,1.55,6.919642857142858
2016-06-23,15:00,sz300354,东华测试,24.23,24.5,23.53,24.06,54604,131954192.0,0.11,0.4592901878914405
2016-06-24,15:00,sz300354,东华测试,24.0,24.6,22.39,24.16,41157,97931112.0,0.1,0.4156275976724854
2016-06-27,15:00,sz300354,东华测试,23.82,25.78,23.82,25.51,64207,161115296.0,1.35,5.587748344370861
2016-06-28,15:00,sz300354,东华测试,25.21,25.8,24.8,25.3,41376,104568560.0,-0.21,-0.8232065856526851
2016-06-29,15:00,sz300354,东华测试,25.31,25.56,24.83,25.0,29383,73753392.0,-0.3,-1.185770750988142
2016-06-30,15:00,sz300354,东华测试,24.95,27.5,24.95,26.85,84490,223775136.0,1.85,7.399999999999999
2016-07-01,15:00,sz300354,东华测试,26.91,29.54,26.91,28.27,99412,282252384.0,1.42,5.288640595903166
2016-07-04,15:00,sz300354,东华测试,27.8,29.5,27.6,29.26,78372,227097760.0,0.99,3.501945525291829
2016-07-05,15:00,sz300354,东华测试,29.58,32.19,29.58,30.53,118598,371734464.0,1.27,4.340396445659604
2016-07-06,15:00,sz300354,东华测试,31.18,31.32,29.91,30.4,65770,200814560.0,-0.13,-0.4258106780216181
2016-07-07,15:00,sz300354,东华测试,30.1,30.27,28.6,29.4,81538,239905632.0,-1.0,-3.289473684210526
2016-07-08,15:00,sz300354,东华测试,29.48,32.34,29.25,32.34,107998,333496992.0,2.94,10.0
2016-07-11,15:00,sz300354,东华测试,32.33,35.18,31.66,32.61,108907,362550816.0,0.27,0.8348794063079777
2016-07-12,15:00,sz300354,东华测试,32.88,33.5,29.92,31.62,70157,221845888.0,-0.99,-3.035878564857406
2016-07-13,15:00,sz300354,东华测试,31.98,32.49,30.51,31.44,46568,145749328.0,-0.18,-0.5692599620493358
2016-07-14,15:00,sz300354,东华测试,31.05,31.6,30.9,31.08,31228,97337560.0,-0.36,-1.1450381679389312
2016-07-15,15:00,sz300354,东华测试,31.2,32.89,30.6,30.6,62225,197317728.0,-0.48,-1.5444015444015444
2016-07-18,15:00,sz300354,东华测试,30.52,31.15,29.7,30.7,25190,75992448.0,0.1,0.326797385620915
2016-07-19,15:00,sz300354,东华测试,31.0,32.79,30.68,32.62,49352,156643664.0,1.92,6.254071661237785
2016-07-20,15:00,sz300354,东华测试,32.5,32.7,31.54,31.54,33752,108228088.0,-1.08,-3.310852237890864
2016-07-21,15:00,sz300354,东华测试,31.07,32.1,30.09,30.12,35380,108427440.0,-1.42,-4.502219403931516
2016-07-22,15:00,sz300354,东华测试,30.03,31.5,29.9,30.26,34528,106075480.0,0.14,0.4648074369189907
2016-07-25,15:00,sz300354,东华测试,30.22,30.22,28.9,29.0,29323,86579808.0,-1.26,-4.163912756113682
2016-07-26,15:00,sz300354,东华测试,29.29,29.89,29.0,29.72,24425,71957016.0,0.72,2.4827586206896552
2016-07-27,15:00,sz300354,东华测试,30.0,30.48,27.51,28.0,36087,103875192.0,-1.72,-5.787348586810229
2016-07-28,15:00,sz300354,东华测试,28.5,28.5,25.6,26.78,45743,122647592.0,-1.22,-4.357142857142858
2016-07-29,15:00,sz300354,东华测试,27.01,27.2,26.01,26.22,20134,53321948.0,-0.56,-2.091112770724421
2016-08-01,15:00,sz300354,东华测试,26.5,26.5,25.26,26.15,27856,72365184.0,-0.07,-0.2669717772692601
2016-08-02,15:00,sz300354,东华测试,26.33,27.49,25.91,27.08,33616,90995728.0,0.93,3.556405353728489
2016-08-03,15:00,sz300354,东华测试,27.13,27.4,26.73,27.22,19816,53643592.0,0.14,0.51698670605613
2016-08-04,15:00,sz300354,东华测试,27.14,27.79,26.85,27.32,23353,63779308.0,0.1,0.3673769287288758
2016-08-05,15:00,sz300354,东华测试,27.32,27.32,26.1,26.35,22147,58910064.0,-0.97,-3.5505124450951686
2016-08-08,15:00,sz300354,东华测试,26.12,27.45,25.77,27.3,21363,56969644.0,0.95,3.6053130929791273
2016-08-09,15:00,sz300354,东华测试,27.41,27.41,26.84,27.34,15969,43261476.0,0.04,0.1465201465201465
2016-08-10,15:00,sz300354,东华测试,27.35,27.5,27.01,27.1,14006,38150528.0,-0.24,-0.8778346744696415
2016-08-11,15:00,sz300354,东华测试,26.97,26.99,26.0,26.0,25454,66996768.0,-1.1,-4.059040590405904
2016-08-12,15:00,sz300354,东华测试,26.0,26.55,25.64,26.5,17203,44970940.0,0.5,1.9230769230769231
2016-08-15,15:00,sz300354,东华测试,26.49,27.7,26.23,27.49,30113,81605856.0,0.99,3.735849056603774
2016-08-16,15:00,sz300354,东华测试,27.4,29.59,27.07,28.25,45233,127976280.0,0.76,2.7646416878865043
2016-08-17,15:00,sz300354,东华测试,28.2,29.41,28.13,28.56,32793,94734496.0,0.31,1.0973451327433628
2016-08-18,15:00,sz300354,东华测试,28.55,30.2,28.41,30.2,52249,154276544.0,1.64,5.742296918767507
2016-08-19,15:00,sz300354,东华测试,30.1,30.3,29.31,29.43,36058,107021200.0,-0.77,-2.5496688741721854
2016-08-22,15:00,sz300354,东华测试,29.6,29.6,28.15,28.33,26511,75713336.0,-1.1,-3.737682636765206
2016-08-23,15:00,sz300354,东华测试,28.39,28.98,27.98,28.4,17157,48758924.0,0.07,0.247087892693258
2016-08-24,15:00,sz300354,东华测试,28.5,28.79,28.0,28.24,21653,61618056.0,-0.16,-0.5633802816901409
2016-08-25,15:00,sz300354,东华测试,28.31,29.09,27.68,29.0,31787,90469112.0,0.76,2.6912181303116145
2016-08-26,15:00,sz300354,东华测试,28.95,29.28,28.55,28.82,18470,53493316.0,-0.18,-0.6206896551724138
2016-08-29,15:00,sz300354,东华测试,28.82,28.82,28.08,28.23,15359,43650308.0,-0.59,-2.0471894517696043
2016-08-30,15:00,sz300354,东华测试,28.23,29.11,28.1,28.4,21640,61865308.0,0.17,0.602196245129295
2016-08-31,15:00,sz300354,东华测试,28.53,28.69,27.78,28.16,15791,44276492.0,-0.24,-0.8450704225352111
2016-09-01,15:00,sz300354,东华测试,28.4,30.19,28.29,29.65,77773,229426016.0,1.49,5.291193181818182
2016-09-02,15:00,sz300354,东华测试,28.88,29.18,28.0,28.22,45634,130170712.0,-1.43,-4.822934232715008
2016-09-05,15:00,sz300354,东华测试,28.21,28.46,27.64,27.64,23560,65987020.0,-0.58,-2.0552799433026223
2016-09-06,15:00,sz300354,东华测试,27.71,28.18,26.05,27.99,32728,89222416.0,0.35,1.2662807525325614
2016-09-07,15:00,sz300354,东华测试,27.8,28.14,27.48,27.5,18703,52082460.0,-0.49,-1.7506252232940338
2016-09-08,15:00,sz300354,东华测试,27.6,27.91,27.0,27.64,15662,42968464.0,0.14,0.5090909090909091
2016-09-09,15:00,sz300354,东华测试,27.52,27.61,27.0,27.02,18532,50518880.0,-0.62,-2.243125904486252
2016-09-12,15:00,sz300354,东华测试,26.51,26.88,26.3,26.38,13892,36948832.0,-0.64,-2.3686158401184305
2016-09-13,15:00,sz300354,东华测试,26.66,26.74,26.28,26.36,10159,26862720.0,-0.02,-0.0758150113722517
2016-09-14,15:00,sz300354,东华测试,26.3,26.5,25.9,26.02,11394,29863872.0,-0.34,-1.289833080424886
2016-09-19,15:00,sz300354,东华测试,26.12,26.89,26.12,26.73,13529,36028196.0,0.71,2.7286702536510377
2016-09-20,15:00,sz300354,东华测试,26.73,26.89,26.44,26.6,7809,20755862.0,-0.13,-0.4863449307893753
2016-09-21,15:00,sz300354,东华测试,26.62,27.28,26.45,26.88,9619,25839308.0,0.28,1.0526315789473684
2016-09-22,15:00,sz300354,东华测试,27.11,27.43,26.91,27.03,7995,21731624.0,0.15,0.5580357142857143
2016-09-23,15:00,sz300354,东华测试,27.24,27.24,26.41,26.65,9044,24192052.0,-0.38,-1.4058453570107288
2016-09-26,15:00,sz300354,东华测试,26.5,26.7,25.9,25.9,12305,32210848.0,-0.75,-2.8142589118198877
2016-09-27,15:00,sz300354,东华测试,25.85,26.53,25.8,26.53,13172,34343304.0,0.63,2.4324324324324325
2016-09-28,15:00,sz300354,东华测试,26.2,27.79,26.14,26.3,15331,40623776.0,-0.23,-0.8669430833019224
2016-09-29,15:00,sz300354,东华测试,26.5,26.6,26.2,26.28,10366,27394104.0,-0.02,-0.0760456273764258
2016-09-30,15:00,sz300354,东华测试,26.29,26.53,26.1,26.47,9229,24294788.0,0.19,0.7229832572298325
2016-10-10,15:00,sz300354,东华测试,26.47,27.76,26.41,27.72,25490,69452480.0,1.25,4.722327162825841
2016-10-11,15:00,sz300354,东华测试,27.9,27.99,27.56,27.65,15990,44389716.0,-0.07,-0.2525252525252525
2016-10-12,15:00,sz300354,东华测试,27.6,27.75,27.15,27.6,12834,35257452.0,-0.05,-0.1808318264014466
2016-10-13,15:00,sz300354,东华测试,27.66,27.79,27.45,27.61,9578,26478492.0,0.01,0.036231884057971
2016-10-14,15:00,sz300354,东华测试,27.52,27.77,27.05,27.52,11127,30476286.0,-0.09,-0.3259688518652662
2016-10-17,15:00,sz300354,东华测试,27.76,27.9,26.95,27.0,15270,41884348.0,-0.52,-1.88953488372093
2016-10-18,15:00,sz300354,东华测试,27.0,27.42,26.62,27.3,17364,46997708.0,0.3,1.1111111111111112
2016-10-19,15:00,sz300354,东华测试,27.4,27.78,26.96,27.29,13863,37876108.0,-0.01,-0.0366300366300366
2016-10-20,15:00,sz300354,东华测试,27.45,28.07,27.29,27.85,28613,79599104.0,0.56,2.052033711982411
2016-10-21,15:00,sz300354,东华测试,27.79,27.89,26.98,27.22,18218,49743664.0,-0.63,-2.2621184919210053
2016-10-24,15:00,sz300354,东华测试,27.09,27.67,27.09,27.61,15859,43586700.0,0.39,1.4327700220426156
2016-10-25,15:00,sz300354,东华测试,27.8,28.05,27.35,27.83,18093,50143440.0,0.22,0.796812749003984
2016-10-26,15:00,sz300354,东华测试,27.84,27.89,27.39,27.5,12022,33115548.0,-0.33,-1.185770750988142
2016-10-27,15:00,sz300354,东华测试,27.53,27.53,27.02,27.47,10249,27995072.0,-0.03,-0.1090909090909091
2016-10-28,15:00,sz300354,东华测试,27.33,27.58,26.8,27.03,17471,47441324.0,-0.44,-1.6017473607571897
2016-10-31,15:00,sz300354,东华测试,27.14,27.14,26.7,26.91,10425,28047676.0,-0.12,-0.4439511653718091
2016-11-01,15:00,sz300354,东华测试,26.99,27.5,26.78,27.4,14177,38654836.0,0.49,1.8208844295800817
2016-11-02,15:00,sz300354,东华测试,27.52,27.9,27.4,27.47,17149,47418348.0,0.07,0.2554744525547445
2016-11-03,15:00,sz300354,东华测试,27.65,27.88,27.26,27.66,15599,43083932.0,0.19,0.691663633054241
2016-11-04,15:00,sz300354,东华测试,27.5,27.96,27.5,27.84,15017,41712160.0,0.18,0.6507592190889371
2016-11-07,15:00,sz300354,东华测试,27.84,28.45,27.5,28.27,25659,72159264.0,0.43,1.5445402298850577
2016-11-08,15:00,sz300354,东华测试,28.18,28.45,27.88,28.18,18450,51749592.0,-0.09,-0.3183586841174389
2016-11-09,15:00,sz300354,东华测试,28.16,28.16,27.18,27.23,18553,51081720.0,-0.95,-3.3711852377572744
2016-11-10,15:00,sz300354,东华测试,27.5,27.9,27.5,27.88,16426,45618580.0,0.65,2.387073081160485
2016-11-11,15:00,sz300354,东华测试,27.94,29.6,27.83,28.73,30566,87637672.0,0.85,3.048780487804878
2016-11-14,15:00,sz300354,东华测试,28.78,29.41,28.12,28.49,24579,70566920.0,-0.24,-0.8353637312913331
2016-11-15,15:00,sz300354,东华测试,28.55,28.96,28.16,28.94,20370,58445292.0,0.45,1.5795015795015794
2016-11-16,15:00,sz300354,东华测试,29.0,29.88,28.77,29.2,33733,99383064.0,0.26,0.8984105044920525
2016-11-17,15:00,sz300354,东华测试,29.0,29.0,28.21,28.59,17738,50580960.0,-0.61,-2.089041095890411
2016-11-18,15:00,sz300354,东华测试,28.51,28.8,28.28,28.5,11735,33506420.0,-0.09,-0.3147953830010493
2016-11-21,15:00,sz300354,东华测试,28.43,28.68,27.99,28.12,27775,78371992.0,-0.38,-1.3333333333333337
2016-11-22,15:00,sz300354,东华测试,28.19,28.6,27.94,28.59,21610,60984564.0,0.47,1.671408250355619
2016-11-23,15:00,sz300354,东华测试,28.6,28.74,28.11,28.22,17182,48836436.0,-0.37,-1.2941587967820916
2016-11-24,15:00,sz300354,东华测试,28.05,28.52,27.89,28.04,17399,49185168.0,-0.18,-0.6378454996456413
2016-11-25,15:00,sz300354,东华测试,28.02,28.4,27.6,28.38,14408,40332548.0,0.34,1.2125534950071328
2016-11-28,15:00,sz300354,东华测试,28.38,28.57,28.13,28.14,14414,40868072.0,-0.24,-0.8456659619450317
2016-11-29,15:00,sz300354,东华测试,28.01,28.09,27.05,27.18,19012,52468228.0,-0.96,-3.411513859275053
2016-11-30,15:00,sz300354,东华测试,27.2,27.45,26.81,27.29,14169,38571096.0,0.11,0.4047093451066961
2016-12-01,15:00,sz300354,东华测试,27.33,27.45,26.88,27.26,11941,32454702.0,-0.03,-0.1099303774276291
2016-12-02,15:00,sz300354,东华测试,27.4,27.4,26.16,26.17,13156,35184908.0,-1.09,-3.998532648569332
2016-12-05,15:00,sz300354,东华测试,26.1,26.39,25.58,25.82,11703,30481146.0,-0.35,-1.3374092472296522
2016-12-06,15:00,sz300354,东华测试,26.02,26.3,25.92,25.99,8538,22290946.0,0.17,0.6584043377226956
2016-12-07,15:00,sz300354,东华测试,25.99,26.4,25.86,26.39,14110,36808956.0,0.4,1.5390534821085031
2016-12-08,15:00,sz300354,东华测试,26.49,26.53,26.03,26.22,14241,37499212.0,-0.17,-0.6441834028040925
2016-12-09,15:00,sz300354,东华测试,26.22,26.32,26.04,26.17,7077,18557878.0,-0.05,-0.1906941266209
2016-12-12,15:00,sz300354,东华测试,26.15,26.27,23.55,23.55,24291,59087700.0,-2.62,-10.011463507833398
2016-12-13,15:00,sz300354,东华测试,23.51,23.51,22.52,23.3,14944,34520340.0,-0.25,-1.0615711252653928
2016-12-14,15:00,sz300354,东华测试,23.31,23.31,22.83,22.9,13279,30655310.0,-0.4,-1.7167381974248928
2016-12-15,15:00,sz300354,东华测试,22.9,23.8,22.86,23.57,16452,38529216.0,0.67,2.925764192139738
2016-12-16,15:00,sz300354,东华测试,23.8,24.51,23.67,24.12,12596,30413204.0,0.55,2.333474756045821
2016-12-19,15:00,sz300354,东华测试,24.13,26.53,23.81,26.49,26813,67524008.0,2.37,9.82587064676617
2016-12-20,15:00,sz300354,东华测试,26.23,27.49,25.3,26.49,46036,121108504.0,0.0,0.0
2016-12-21,15:00,sz300354,东华测试,26.45,26.94,25.69,26.37,40740,106680096.0,-0.12,-0.4530011325028313
2016-12-22,15:00,sz300354,东华测试,26.37,26.5,25.47,25.57,31695,82271320.0,-0.8,-3.0337504740235115
2016-12-23,15:00,sz300354,东华测试,26.49,26.49,24.67,24.78,22267,56396604.0,-0.79,-3.08955807587016
2016-12-26,15:00,sz300354,东华测试,24.58,24.6,23.25,24.26,27146,64448480.0,-0.52,-2.0984665052461664
2016-12-27,15:00,sz300354,东华测试,24.3,24.87,24.03,24.51,15155,37126524.0,0.25,1.030502885408079
2016-12-28,15:00,sz300354,东华测试,24.63,24.9,24.32,24.49,13069,32138916.0,-0.02,-0.0815993472052223
2016-12-29,15:00,sz300354,东华测试,24.49,24.84,24.31,24.57,8812,21694128.0,0.08,0.3266639444671294
2016-12-30,15:00,sz300354,东华测试,24.69,24.69,24.02,24.4,8937,21819288.0,-0.17,-0.6919006919006919
2017-01-03,15:00,sz300354,东华测试,24.4,24.65,24.2,24.59,31628,77318976.0,0.19,0.778688524590164
2017-01-04,15:00,sz300354,东华测试,24.6,25.19,24.5,25.1,29390,73032384.0,0.51,2.074013826758845
2017-01-05,15:00,sz300354,东华测试,24.88,25.1,24.61,24.61,24077,59828100.0,-0.49,-1.952191235059761
2017-01-06,15:00,sz300354,东华测试,24.65,24.72,24.24,24.24,15967,39076932.0,-0.37,-1.5034538805363673
2017-01-09,15:00,sz300354,东华测试,24.25,24.37,23.79,24.23,16040,38583276.0,-0.01,-0.0412541254125412
2017-01-10,15:00,sz300354,东华测试,24.27,25.49,24.27,24.91,32159,80227848.0,0.68,2.80643829962856
2017-01-11,15:00,sz300354,东华测试,24.75,25.18,24.42,24.45,17558,43596324.0,-0.46,-1.846647932557206
2017-01-12,15:00,sz300354,东华测试,24.5,24.9,24.1,24.25,13880,33948908.0,-0.2,-0.81799591002045
2017-01-13,15:00,sz300354,东华测试,24.2,24.21,22.9,22.98,20432,47924096.0,-1.27,-5.237113402061856
2017-01-16,15:00,sz300354,东华测试,22.74,22.74,20.68,20.74,32695,69470664.0,-2.24,-9.747606614447346
2017-01-17,15:00,sz300354,东华测试,20.8,21.15,20.0,20.99,21039,43427176.0,0.25,1.2054001928640308
2017-01-18,15:00,sz300354,东华测试,20.94,20.95,20.51,20.58,17353,35991088.0,-0.41,-1.953311100524059
2017-01-19,15:00,sz300354,东华测试,20.6,20.78,20.05,20.57,13337,27247372.0,-0.01,-0.0485908649173955
2017-01-20,15:00,sz300354,东华测试,20.61,21.49,20.44,21.23,16791,35581808.0,0.66,3.2085561497326207
2017-01-23,15:00,sz300354,东华测试,21.27,21.82,21.27,21.68,24385,52591572.0,0.45,2.119642016015073
2017-01-24,15:00,sz300354,东华测试,21.75,22.1,21.47,21.6,15939,34617944.0,-0.08,-0.3690036900369003
2017-01-25,15:00,sz300354,东华测试,21.6,21.86,21.23,21.61,11727,25265050.0,0.01,0.0462962962962963
2017-01-26,15:00,sz300354,东华测试,21.5,21.7,21.42,21.45,12263,26443380.0,-0.16,-0.7403979639055993
2017-02-03,15:00,sz300354,东华测试,21.55,21.58,21.18,21.21,11185,23879212.0,-0.24,-1.118881118881119
2017-02-06,15:00,sz300354,东华测试,21.12,21.64,21.12,21.6,14855,31945438.0,0.39,1.8387553041018387
2017-02-07,15:00,sz300354,东华测试,21.72,21.87,21.4,21.64,18837,40741668.0,0.04,0.1851851851851852
2017-02-08,15:00,sz300354,东华测试,21.6,22.17,21.31,22.03,27806,60540628.0,0.39,1.802218114602588
2017-02-09,15:00,sz300354,东华测试,22.01,22.15,21.81,22.06,27927,61449436.0,0.03,0.1361779391738538
2017-02-10,15:00,sz300354,东华测试,22.09,22.25,21.88,21.97,20423,45027968.0,-0.09,-0.4079782411604714
2017-02-13,15:00,sz300354,东华测试,21.98,22.18,21.72,21.91,19577,42942904.0,-0.06,-0.273099681383705
2017-02-14,15:00,sz300354,东华测试,21.85,21.93,21.58,21.6,18464,40172468.0,-0.31,-1.4148790506617983
2017-02-15,15:00,sz300354,东华测试,21.65,21.89,21.52,21.58,18677,40553432.0,-0.02,-0.0925925925925926
2017-02-16,15:00,sz300354,东华测试,21.7,21.7,21.02,21.4,13336,28607562.0,-0.18,-0.8341056533827619
2017-02-17,15:00,sz300354,东华测试,21.47,21.97,21.13,21.5,14434,30966214.0,0.1,0.4672897196261681
2017-02-20,15:00,sz300354,东华测试,21.5,21.5,20.92,21.22,16233,34415636.0,-0.28,-1.302325581395349
2017-02-21,15:00,sz300354,东华测试,21.3,21.68,21.2,21.67,17388,37375600.0,0.45,2.1206409048067862
2017-02-22,15:00,sz300354,东华测试,21.6,21.97,21.53,21.8,17266,37489704.0,0.13,0.5999077065066913
2017-02-23,15:00,sz300354,东华测试,21.69,21.9,21.53,21.77,13769,29865560.0,-0.03,-0.1376146788990825
2017-02-24,15:00,sz300354,东华测试,21.77,22.15,21.7,22.14,20853,45802788.0,0.37,1.6995865870463942
2017-02-27,15:00,sz300354,东华测试,22.19,22.25,21.65,21.77,21927,48144464.0,-0.37,-1.6711833785004515
2017-02-28,15:00,sz300354,东华测试,21.78,21.93,21.67,21.78,13088,28518416.0,0.01,0.0459347726228755
2017-03-01,15:00,sz300354,东华测试,21.82,22.18,21.73,21.95,20089,44084328.0,0.17,0.7805325987144168
2017-03-02,15:00,sz300354,东华测试,22.03,22.89,21.85,21.98,30083,66728936.0,0.03,0.1366742596810934
2017-03-03,15:00,sz300354,东华测试,21.95,22.18,21.63,22.15,21710,47587072.0,0.17,0.7734303912647862
2017-03-06,15:00,sz300354,东华测试,22.05,22.69,21.94,22.62,29939,67207664.0,0.47,2.1218961625282167
2017-03-07,15:00,sz300354,东华测试,22.53,22.8,22.36,22.68,26278,59321936.0,0.06,0.2652519893899204
2017-03-08,15:00,sz300354,东华测试,22.62,22.79,22.21,22.5,17693,39871036.0,-0.18,-0.7936507936507936
2017-03-09,15:00,sz300354,东华测试,22.5,22.63,22.29,22.38,18077,40542848.0,-0.12,-0.5333333333333333
2017-03-10,15:00,sz300354,东华测试,22.28,22.46,22.12,22.33,14988,33377974.0,-0.05,-0.2234137622877569
2017-03-13,15:00,sz300354,东华测试,22.38,22.58,22.03,22.55,16269,36374572.0,0.22,0.9852216748768472
2017-03-14,15:00,sz300354,东华测试,22.58,22.67,22.2,22.29,14657,32887138.0,-0.26,-1.1529933481152994
2017-03-15,15:00,sz300354,东华测试,22.23,22.45,22.02,22.3,15750,34975932.0,0.01,0.0448631673396141
2017-03-16,15:00,sz300354,东华测试,22.3,22.52,22.25,22.5,16952,37992796.0,0.2,0.8968609865470852
2017-03-17,15:00,sz300354,东华测试,22.54,24.7,22.47,24.0,81944,190872496.0,1.5,6.666666666666667
2017-03-20,15:00,sz300354,东华测试,23.63,24.43,22.88,23.55,70740,166549216.0,-0.45,-1.875
2017-03-21,15:00,sz300354,东华测试,23.3,23.98,22.7,22.72,57115,131356776.0,-0.83,-3.524416135881104
2017-03-22,15:00,sz300354,东华测试,22.73,22.73,22.18,22.28,37120,83122512.0,-0.44,-1.936619718309859
2017-03-23,15:00,sz300354,东华测试,22.32,22.58,21.51,22.0,29162,64572788.0,-0.28,-1.2567324955116697
2017-03-24,15:00,sz300354,东华测试,22.02,22.2,21.6,22.2,23651,51606176.0,0.2,0.9090909090909092
2017-03-27,15:00,sz300354,东华测试,22.1,22.98,22.07,22.39,32122,72179968.0,0.19,0.8558558558558558
2017-03-28,15:00,sz300354,东华测试,22.2,22.49,22.02,22.25,17192,38291268.0,-0.14,-0.6252791424743189
2017-03-29,15:00,sz300354,东华测试,22.28,22.35,21.56,21.58,18048,39359704.0,-0.67,-3.01123595505618
2017-03-30,15:00,sz300354,东华测试,21.5,21.57,20.04,20.2,30677,63572956.0,-1.38,-6.39481000926784
2017-03-31,15:00,sz300354,东华测试,20.19,20.54,20.11,20.37,14144,28721646.0,0.17,0.8415841584158417
2017-04-05,15:00,sz300354,东华测试,20.4,21.1,20.38,21.05,17714,36781232.0,0.68,3.3382425135002456
2017-04-06,15:00,sz300354,东华测试,20.9,21.48,20.79,20.88,17545,37096996.0,-0.17,-0.8076009501187649
2017-04-07,15:00,sz300354,东华测试,20.89,21.1,20.72,20.95,11847,24748560.0,0.07,0.3352490421455938
2017-04-10,15:00,sz300354,东华测试,20.81,20.81,19.93,20.07,22444,45474348.0,-0.88,-4.200477326968974
2017-04-11,15:00,sz300354,东华测试,20.11,20.46,19.98,20.45,15024,30338800.0,0.38,1.8933731938216245
2017-04-12,15:00,sz300354,东华测试,20.4,20.4,19.98,19.98,15575,31276404.0,-0.47,-2.2982885085574574
2017-04-13,15:00,sz300354,东华测试,20.01,20.16,19.7,19.83,10207,20403476.0,-0.15,-0.7507507507507507
2017-04-14,15:00,sz300354,东华测试,20.0,20.09,19.2,19.23,16954,33141056.0,-0.6,-3.0257186081694405
2017-04-17,15:00,sz300354,东华测试,19.13,19.18,18.2,18.56,17393,32403244.0,-0.67,-3.4841393655746224
2017-04-18,15:00,sz300354,东华测试,18.51,18.77,17.65,17.8,20291,36827364.0,-0.76,-4.094827586206897
2017-04-19,15:00,sz300354,东华测试,17.82,17.82,17.39,17.51,17384,30467526.0,-0.29,-1.6292134831460674
2017-04-20,15:00,sz300354,东华测试,17.53,17.68,17.09,17.52,15222,26569622.0,0.01,0.0571102227298686
2017-04-21,15:00,sz300354,东华测试,17.57,17.84,17.23,17.26,13033,22884188.0,-0.26,-1.4840182648401825
2017-04-24,15:00,sz300354,东华测试,17.26,17.44,16.4,16.5,14982,24946276.0,-0.76,-4.40324449594438
2017-04-25,15:00,sz300354,东华测试,16.62,16.93,16.54,16.6,12799,21368566.0,0.1,0.6060606060606061
2017-04-26,15:00,sz300354,东华测试,16.69,17.36,16.68,17.0,17724,30307750.0,0.4,2.409638554216868
2017-04-27,15:00,sz300354,东华测试,17.03,17.42,16.56,17.34,15844,27000892.0,0.34,2.0
2017-04-28,15:00,sz300354,东华测试,17.15,17.81,17.15,17.62,13103,23010444.0,0.28,1.6147635524798154
2017-05-02,15:00,sz300354,东华测试,17.45,17.89,17.4,17.59,10685,18788026.0,-0.03,-0.170261066969353
2017-05-03,15:00,sz300354,东华测试,17.66,17.89,17.42,17.56,9577,16871408.0,-0.03,-0.1705514496873223
2017-05-04,15:00,sz300354,东华测试,17.52,17.8,17.35,17.55,10512,18508646.0,-0.01,-0.0569476082004555
2017-05-05,15:00,sz300354,东华测试,17.37,17.52,16.9,16.99,13361,22907186.0,-0.56,-3.190883190883191
2017-05-08,15:00,sz300354,东华测试,16.84,17.19,16.6,16.68,10458,17629006.0,-0.31,-1.824602707474985
2017-05-09,15:00,sz300354,东华测试,16.56,17.11,16.52,17.04,10472,17669240.0,0.36,2.158273381294964
2017-05-10,15:00,sz300354,东华测试,17.15,17.44,16.75,16.76,11066,18978784.0,-0.28,-1.643192488262911
2017-05-11,15:00,sz300354,东华测试,16.58,16.75,15.38,16.5,14574,23824794.0,-0.26,-1.5513126491646778
2017-05-12,15:00,sz300354,东华测试,16.43,16.67,16.1,16.29,7082,11547510.0,-0.21,-1.2727272727272727
2017-05-15,15:00,sz300354,东华测试,16.29,16.56,16.11,16.45,7928,12986965.0,0.16,0.98219766728054
2017-05-16,15:00,sz300354,东华测试,16.4,17.2,16.05,17.05,14190,23603868.0,0.6,3.64741641337386
2017-05-17,15:00,sz300354,东华测试,17.0,17.24,16.91,17.05,11304,19327646.0,0.0,0.0
2017-05-18,15:00,sz300354,东华测试,17.0,17.34,16.72,17.01,10674,18263684.0,-0.04,-0.2346041055718475
2017-05-19,15:00,sz300354,东华测试,17.01,17.2,16.71,16.81,7772,13170918.0,-0.2,-1.1757789535567311
2017-05-22,15:00,sz300354,东华测试,16.82,16.83,15.63,15.87,12947,21097052.0,-0.94,-5.591909577632362
2017-05-23,15:00,sz300354,东华测试,15.72,16.15,15.04,15.08,11147,17375910.0,-0.79,-4.977945809703844
2017-05-24,15:00,sz300354,东华测试,15.2,15.49,14.68,15.3,11983,18143356.0,0.22,1.4588859416445623
2017-05-25,15:00,sz300354,东华测试,15.15,15.5,14.8,15.36,12038,18232366.0,0.06,0.392156862745098
2017-05-26,15:00,sz300354,东华测试,15.36,15.49,15.27,15.37,8422,12942057.0,0.01,0.0651041666666666
2017-05-31,15:00,sz300354,东华测试,15.78,15.83,15.32,15.33,8185,12755911.0,-0.04,-0.2602472348731295
2017-06-01,15:00,sz300354,东华测试,15.18,15.23,14.32,14.33,12893,18995674.0,-1.0,-6.523157208088715
2017-06-02,15:00,sz300354,东华测试,14.29,14.87,13.88,14.5,17078,24526268.0,0.17,1.1863224005582695
2017-06-05,15:00,sz300354,东华测试,14.55,15.07,14.52,14.92,13760,20326630.0,0.42,2.896551724137931
2017-06-06,15:00,sz300354,东华测试,14.98,15.3,14.71,15.1,13534,20387970.0,0.18,1.206434316353887
2017-06-07,15:00,sz300354,东华测试,15.01,15.6,15.01,15.53,15453,23814666.0,0.43,2.847682119205298
2017-06-08,15:00,sz300354,东华测试,15.59,15.75,15.31,15.38,11680,18126782.0,-0.15,-0.9658725048293626
2017-06-09,15:00,sz300354,东华测试,15.38,15.63,15.03,15.56,16437,25232892.0,0.18,1.1703511053315996
2017-06-12,15:00,sz300354,东华测试,15.48,15.48,14.7,14.75,14878,22326958.0,-0.81,-5.205655526992288
2017-06-13,15:00,sz300354,东华测试,14.73,16.23,14.64,16.23,26715,41714888.0,1.48,10.033898305084746
2017-06-14,15:00,sz300354,东华测试,16.5,16.79,15.91,16.14,41380,67221168.0,-0.09,-0.5545286506469501
2017-06-15,15:00,sz300354,东华测试,16.12,16.36,16.04,16.23,25329,41071664.0,0.09,0.5576208178438662
2017-06-16,15:00,sz300354,东华测试,16.23,16.29,15.88,15.88,14132,22650876.0,-0.35,-2.1565003080714726
2017-06-19,15:00,sz300354,东华测试,15.93,16.05,15.7,15.91,11960,18967166.0,0.03,0.1889168765743073
2017-06-20,15:00,sz300354,东华测试,15.88,16.18,15.86,15.94,13104,21010484.0,0.03,0.1885606536769327
2017-06-21,15:00,sz300354,东华测试,15.95,16.28,15.87,16.05,14828,23839018.0,0.11,0.6900878293601004
2017-06-22,15:00,sz300354,东华测试,16.05,16.12,15.2,15.27,14531,22835904.0,-0.78,-4.859813084112149
2017-06-23,15:00,sz300354,东华测试,15.39,15.58,14.81,15.25,14864,22592510.0,-0.02,-0.1309757694826457
2017-06-26,15:00,sz300354,东华测试,15.2,15.8,15.01,15.58,14503,22362732.0,0.33,2.1639344262295084
2017-06-27,15:00,sz300354,东华测试,15.5,15.65,15.36,15.56,10615,16503999.0,-0.02,-0.128369704749679
2017-06-28,15:00,sz300354,东华测试,15.43,15.62,15.2,15.22,9136,14049961.0,-0.34,-2.185089974293059
2017-06-29,15:00,sz300354,东华测试,15.23,15.53,15.18,15.39,8172,12557329.0,0.17,1.1169513797634691
2017-06-30,15:00,sz300354,东华测试,15.35,15.53,15.12,15.51,9140,14035098.0,0.12,0.7797270955165692
2017-07-03,15:00,sz300354,东华测试,15.47,15.78,15.4,15.76,10883,17080870.0,0.25,1.6118633139909735
2017-07-04,15:00,sz300354,东华测试,15.86,15.9,15.57,15.7,8619,13546855.0,-0.06,-0.3807106598984772
2017-07-05,15:00,sz300354,东华测试,15.61,15.78,15.61,15.75,10318,16211054.0,0.05,0.3184713375796179
2017-07-06,15:00,sz300354,东华测试,15.75,15.93,15.56,15.84,12273,19339322.0,0.09,0.5714285714285714
2017-07-07,15:00,sz300354,东华测试,15.7,15.89,15.65,15.87,10809,17073072.0,0.03,0.1893939393939394
2017-07-10,15:00,sz300354,东华测试,15.83,15.83,15.56,15.56,13504,21133836.0,-0.31,-1.9533711405166985
2017-07-11,15:00,sz300354,东华测试,15.55,15.6,15.11,15.13,9588,14745926.0,-0.43,-2.763496143958869
2017-07-12,15:00,sz300354,东华测试,15.05,15.13,14.75,15.07,9566,14293229.0,-0.06,-0.3965631196298744
2017-07-13,15:00,sz300354,东华测试,15.0,15.08,14.83,15.02,7101,10628347.0,-0.05,-0.33178500331785
2017-07-14,15:00,sz300354,东华测试,15.0,15.02,14.68,14.8,9141,13574013.0,-0.22,-1.4647137150466043
2017-07-17,15:00,sz300354,东华测试,14.77,14.77,13.32,13.32,17643,24333782.0,-1.48,-10.0
2017-07-18,15:00,sz300354,东华测试,13.29,13.55,13.0,13.34,13575,17958556.0,0.02,0.1501501501501501
2017-07-19,15:00,sz300354,东华测试,13.32,13.36,13.0,13.35,16388,21601444.0,0.01,0.0749625187406296
2017-07-20,15:00,sz300354,东华测试,13.3,13.65,13.21,13.25,15904,21353974.0,-0.1,-0.7490636704119851
2017-07-21,15:00,sz300354,东华测试,13.15,13.45,13.08,13.2,12449,16515427.0,-0.05,-0.3773584905660377
2017-07-24,15:00,sz300354,东华测试,13.12,13.34,12.79,13.29,15440,20181422.0,0.09,0.6818181818181818
2017-07-25,15:00,sz300354,东华测试,13.25,13.36,13.12,13.35,11105,14720779.0,0.06,0.4514672686230248
2017-07-26,15:00,sz300354,东华测试,13.3,13.34,13.14,13.2,7722,10208025.0,-0.15,-1.1235955056179776
2017-07-27,15:00,sz300354,东华测试,13.2,13.92,13.1,13.84,25524,34915656.0,0.64,4.848484848484849
2017-07-28,15:00,sz300354,东华测试,13.8,13.94,13.5,13.59,17091,23366900.0,-0.25,-1.8063583815028903
2017-07-31,15:00,sz300354,东华测试,13.51,13.67,13.43,13.59,10572,14338846.0,0.0,0.0
2017-08-01,15:00,sz300354,东华测试,13.64,13.74,13.48,13.64,10669,14500803.0,0.05,0.3679175864606328
2017-08-02,15:00,sz300354,东华测试,13.64,13.65,13.2,13.35,11407,15399170.0,-0.29,-2.126099706744868
2017-08-03,15:00,sz300354,东华测试,13.24,13.82,13.24,13.76,17999,24571788.0,0.41,3.0711610486891385
2017-08-04,15:00,sz300354,东华测试,13.76,14.16,13.5,13.76,17113,23593200.0,0.0,0.0
2017-08-07,15:00,sz300354,东华测试,13.72,13.94,13.66,13.8,13897,19157164.0,0.04,0.2906976744186046
2017-08-08,15:00,sz300354,东华测试,13.73,14.13,13.53,14.04,16562,22935796.0,0.24,1.7391304347826086
2017-08-09,15:00,sz300354,东华测试,14.0,14.16,13.91,14.0,11622,16297451.0,-0.04,-0.2849002849002849
2017-08-10,15:00,sz300354,东华测试,13.98,14.05,13.48,13.62,11678,15998819.0,-0.38,-2.7142857142857144
2017-08-11,15:00,sz300354,东华测试,13.54,13.78,13.38,13.4,13130,17844784.0,-0.22,-1.6152716593245229
2017-08-14,15:00,sz300354,东华测试,13.4,14.02,13.39,13.93,16511,22743714.0,0.53,3.955223880597015
2017-08-15,15:00,sz300354,东华测试,13.99,14.09,13.8,13.95,10670,14851717.0,0.02,0.1435750179468772
2017-08-16,15:00,sz300354,东华测试,13.98,14.33,13.95,14.21,13499,19115176.0,0.26,1.863799283154122
2017-08-17,15:00,sz300354,东华测试,14.21,14.42,14.13,14.36,12685,18139702.0,0.15,1.0555946516537649
2017-08-18,15:00,sz300354,东华测试,14.3,14.39,14.12,14.22,9652,13736891.0,-0.14,-0.9749303621169916
2017-08-21,15:00,sz300354,东华测试,14.22,14.38,14.15,14.31,10357,14758722.0,0.09,0.6329113924050633
2017-08-22,15:00,sz300354,东华测试,14.32,14.32,14.02,14.08,8024,11349019.0,-0.23,-1.6072676450034942
2017-08-23,15:00,sz300354,东华测试,14.03,14.22,14.03,14.09,7755,10958095.0,0.01,0.0710227272727272
2017-08-24,15:00,sz300354,东华测试,14.03,14.17,13.98,13.98,10696,15037771.0,-0.11,-0.7806955287437899
2017-08-25,15:00,sz300354,东华测试,14.03,14.3,13.92,14.3,13204,18712062.0,0.32,2.28898426323319
2017-08-28,15:00,sz300354,东华测试,14.3,14.62,14.25,14.58,15323,22228790.0,0.28,1.958041958041958
2017-08-29,15:00,sz300354,东华测试,14.58,14.97,14.43,14.68,25134,36903920.0,0.1,0.6858710562414266
2017-08-30,15:00,sz300354,东华测试,14.62,14.83,14.38,14.44,15631,22777586.0,-0.24,-1.6348773841961852
2017-08-31,15:00,sz300354,东华测试,14.52,14.68,14.28,14.51,15602,22559346.0,0.07,0.484764542936288
2017-09-01,15:00,sz300354,东华测试,14.58,14.74,14.5,14.7,13436,19646638.0,0.19,1.3094417643004823
2017-09-04,15:00,sz300354,东华测试,14.7,15.25,14.62,14.94,20818,31105950.0,0.24,1.6326530612244898
2017-09-05,15:00,sz300354,东华测试,14.96,15.29,14.85,14.96,19154,28772336.0,0.02,0.1338688085676037
2017-09-06,15:00,sz300354,东华测试,14.96,15.2,14.88,15.16,16617,24977272.0,0.2,1.3368983957219251
2017-09-07,15:00,sz300354,东华测试,15.19,15.44,15.04,15.07,16029,24387182.0,-0.09,-0.5936675461741424
2017-09-08,15:00,sz300354,东华测试,15.07,15.27,14.92,15.08,11087,16698855.0,0.01,0.06635700066357
2017-09-11,15:00,sz300354,东华测试,15.08,15.2,15.0,15.18,9515,14370870.0,0.1,0.6631299734748011
2017-09-12,15:00,sz300354,东华测试,15.19,15.22,14.73,14.86,18488,27571920.0,-0.32,-2.1080368906455864
2017-09-13,15:00,sz300354,东华测试,14.76,15.55,14.71,15.32,31568,48012648.0,0.46,3.095558546433378
2017-09-14,15:00,sz300354,东华测试,15.02,15.09,14.71,14.89,24301,36230560.0,-0.43,-2.8067885117493474
2017-09-15,15:00,sz300354,东华测试,14.83,14.83,14.53,14.64,15160,22209920.0,-0.25,-1.6789791806581598
2017-09-18,15:00,sz300354,东华测试,14.59,14.86,14.45,14.86,12589,18433180.0,0.22,1.5027322404371584
2017-09-19,15:00,sz300354,东华测试,14.8,14.96,14.7,14.73,11467,16998682.0,-0.13,-0.8748317631224763
2017-09-20,15:00,sz300354,东华测试,14.73,14.91,14.61,14.89,9669,14318748.0,0.16,1.0862186014935504
2017-09-21,15:00,sz300354,东华测试,14.9,14.98,14.75,14.75,10172,15121305.0,-0.14,-0.9402283411685696
2017-09-22,15:00,sz300354,东华测试,14.72,14.98,14.5,14.89,13033,19380928.0,0.14,0.9491525423728812
2017-09-25,15:00,sz300354,东华测试,14.95,15.25,14.73,14.77,16245,24381950.0,-0.12,-0.8059100067159166
2017-09-26,15:00,sz300354,东华测试,14.64,14.89,14.47,14.7,12508,18307210.0,-0.07,-0.4739336492890995
2017-09-27,15:00,sz300354,东华测试,14.6,14.98,14.58,14.96,12614,18662688.0,0.26,1.7687074829931977
2017-09-28,15:00,sz300354,东华测试,15.0,15.07,14.72,14.73,10888,16155943.0,-0.23,-1.537433155080214
2017-09-29,15:00,sz300354,东华测试,14.63,15.14,14.63,15.09,14382,21466104.0,0.36,2.4439918533604885
2017-10-09,15:00,sz300354,东华测试,15.15,15.45,15.04,15.42,22243,33904528.0,0.33,2.1868787276341948
2017-10-10,15:00,sz300354,东华测试,15.4,15.47,15.16,15.46,16241,24863952.0,0.04,0.2594033722438391
2017-10-11,15:00,sz300354,东华测试,15.48,15.48,15.18,15.25,13376,20494980.0,-0.21,-1.3583441138421737
2017-10-12,15:00,sz300354,东华测试,15.38,15.62,15.3,15.4,20380,31469082.0,0.15,0.9836065573770492
2017-10-13,15:00,sz300354,东华测试,15.32,15.56,15.21,15.5,14090,21751376.0,0.1,0.6493506493506493
2017-10-16,15:00,sz300354,东华测试,15.54,15.6,14.88,14.89,19586,29875354.0,-0.61,-3.9354838709677415
2017-10-17,15:00,sz300354,东华测试,14.94,15.21,14.8,15.0,12374,18612628.0,0.11,0.7387508394895903
2017-10-18,15:00,sz300354,东华测试,14.98,15.17,14.84,15.08,12207,18362012.0,0.08,0.5333333333333333
2017-10-19,15:00,sz300354,东华测试,15.6,16.3,15.31,15.42,82917,130787568.0,0.34,2.2546419098143238
2017-10-20,15:00,sz300354,东华测试,14.94,16.96,14.1,16.96,71943,111835536.0,1.54,9.987029831387808
2017-10-23,15:00,sz300354,东华测试,17.7,18.48,17.31,18.0,133576,237928128.0,1.04,6.132075471698113
2017-10-24,15:00,sz300354,东华测试,17.47,17.78,16.97,17.1,88860,154361024.0,-0.9,-5.0
2017-10-25,15:00,sz300354,东华测试,17.3,17.3,16.13,16.55,62938,104290216.0,-0.55,-3.216374269005848
2017-10-26,15:00,sz300354,东华测试,16.56,16.77,16.23,16.55,49511,81761480.0,0.0,0.0
2017-10-27,15:00,sz300354,东华测试,16.36,16.58,15.85,15.91,41480,67256888.0,-0.64,-3.8670694864048336
2017-10-30,15:00,sz300354,东华测试,15.75,15.79,14.55,14.93,40873,61752816.0,-0.98,-6.159648020113137
2017-10-31,15:00,sz300354,东华测试,14.91,15.27,14.91,15.25,24003,36325664.0,0.32,2.143335565974548
2017-11-01,15:00,sz300354,东华测试,15.17,15.38,15.1,15.1,21734,33107026.0,-0.15,-0.9836065573770492
2017-11-02,15:00,sz300354,东华测试,15.1,15.15,14.45,14.45,24849,36596232.0,-0.65,-4.304635761589404
2017-11-03,15:00,sz300354,东华测试,14.5,14.67,14.13,14.28,20985,30266438.0,-0.17,-1.1764705882352942
2017-11-06,15:00,sz300354,东华测试,14.31,14.6,14.23,14.54,15696,22624960.0,0.26,1.8207282913165268
2017-11-07,15:00,sz300354,东华测试,14.45,14.64,14.3,14.55,15818,22821580.0,0.01,0.0687757909215956
2017-11-08,15:00,sz300354,东华测试,14.56,14.83,14.41,14.69,18895,27775078.0,0.14,0.9621993127147768
2017-11-09,15:00,sz300354,东华测试,14.69,14.9,14.56,14.88,15212,22447544.0,0.19,1.2933968686181077
2017-11-10,15:00,sz300354,东华测试,14.85,15.11,14.72,15.02,17978,26848972.0,0.14,0.9408602150537636
2017-11-13,15:00,sz300354,东华测试,14.93,15.17,14.81,15.07,16006,23994746.0,0.05,0.3328894806924101
2017-11-14,15:00,sz300354,东华测试,15.07,15.07,14.7,14.85,19673,29112798.0,-0.22,-1.45985401459854
2017-11-15,15:00,sz300354,东华测试,14.85,14.85,14.51,14.6,11417,16719090.0,-0.25,-1.6835016835016834
2017-11-16,15:00,sz300354,东华测试,14.53,14.67,14.42,14.46,7259,10563730.0,-0.14,-0.9589041095890412
2017-11-17,15:00,sz300354,东华测试,14.5,14.55,13.51,13.54,17914,24947092.0,-0.92,-6.36237897648686
2017-11-20,15:00,sz300354,东华测试,13.31,13.5,12.83,13.46,12021,15886078.0,-0.08,-0.5908419497784343
2017-11-21,15:00,sz300354,东华测试,13.41,13.6,13.16,13.35,8478,11390392.0,-0.11,-0.8172362555720655
2017-11-22,15:00,sz300354,东华测试,13.3,13.85,13.29,13.58,12976,17636986.0,0.23,1.7228464419475655
2017-11-23,15:00,sz300354,东华测试,13.55,13.75,13.16,13.28,9479,12821895.0,-0.3,-2.2091310751104567
2017-11-24,15:00,sz300354,东华测试,13.13,13.45,13.01,13.21,8497,11305289.0,-0.07,-0.5271084337349398
2017-11-27,15:00,sz300354,东华测试,13.21,13.38,13.01,13.25,8570,11328351.0,0.04,0.3028009084027252
2017-11-28,15:00,sz300354,东华测试,13.29,13.75,13.29,13.71,11850,16059033.0,0.46,3.471698113207547
2017-11-29,15:00,sz300354,东华测试,13.82,13.82,13.45,13.69,10936,14890892.0,-0.02,-0.1458789204959883
2017-11-30,15:00,sz300354,东华测试,13.76,13.96,13.52,13.78,15106,20864904.0,0.09,0.6574141709276844
2017-12-01,15:00,sz300354,东华测试,13.72,14.29,13.72,14.14,20401,28737384.0,0.36,2.6124818577648767
2017-12-04,15:00,sz300354,东华测试,13.48,14.1,13.48,13.58,16090,22128012.0,-0.56,-3.96039603960396
2017-12-05,15:00,sz300354,东华测试,13.51,13.58,12.81,12.9,16392,21549556.0,-0.68,-5.007363770250368
2017-12-06,15:00,sz300354,东华测试,12.98,13.51,12.89,13.51,15289,20105074.0,0.61,4.728682170542635
2017-12-07,15:00,sz300354,东华测试,13.4,13.46,13.25,13.33,10544,14070160.0,-0.18,-1.3323464100666174
2017-12-08,15:00,sz300354,东华测试,13.45,13.76,13.34,13.39,11513,15531705.0,0.06,0.4501125281320329
2017-12-11,15:00,sz300354,东华测试,13.35,13.62,13.25,13.54,10087,13629416.0,0.15,1.1202389843166545
2017-12-12,15:00,sz300354,东华测试,13.67,13.67,13.1,13.2,7947,10666923.0,-0.34,-2.511078286558346
2017-12-13,15:00,sz300354,东华测试,13.13,13.45,13.12,13.28,8728,11578954.0,0.08,0.6060606060606061
2017-12-14,15:00,sz300354,东华测试,13.28,13.57,13.21,13.47,8711,11633509.0,0.19,1.430722891566265
2017-12-15,15:00,sz300354,东华测试,13.45,13.53,13.28,13.48,8894,11924763.0,0.01,0.0742390497401633
2017-12-18,15:00,sz300354,东华测试,13.49,13.63,13.27,13.28,8376,11244361.0,-0.2,-1.483679525222552
2017-12-19,15:00,sz300354,东华测试,13.34,13.49,13.23,13.41,8204,10991117.0,0.13,0.9789156626506024
2017-12-20,15:00,sz300354,东华测试,13.32,13.39,13.1,13.15,8359,11069161.0,-0.26,-1.9388516032811336
2017-12-21,15:00,sz300354,东华测试,13.23,13.33,12.83,13.0,8947,11632340.0,-0.15,-1.1406844106463878
2017-12-22,15:00,sz300354,东华测试,13.0,13.11,12.9,13.02,4706,6130452.5,0.02,0.1538461538461538
2017-12-25,15:00,sz300354,东华测试,13.2,13.2,12.33,12.48,13295,16787296.0,-0.54,-4.147465437788019
2017-12-26,15:00,sz300354,东华测试,12.35,12.73,12.35,12.64,7727,9710467.0,0.16,1.282051282051282
2017-12-27,15:00,sz300354,东华测试,12.58,12.67,12.44,12.49,9397,11784554.0,-0.15,-1.1867088607594938
2017-12-28,15:00,sz300354,东华测试,12.45,12.65,12.36,12.51,8318,10426981.0,0.02,0.1601281024819855
2017-12-29,15:00,sz300354,东华测试,12.5,12.73,12.45,12.7,9023,11367735.0,0.19,1.518784972022382
2018-01-02,15:00,sz300354,东华测试,12.72,12.98,12.61,12.71,8826,11203321.0,0.01,0.0787401574803149
2018-01-03,15:00,sz300354,东华测试,12.72,12.86,12.66,12.82,9751,12436595.0,0.11,0.865460267505901
2018-01-04,15:00,sz300354,东华测试,12.84,12.9,12.72,12.79,9333,11938806.0,-0.03,-0.234009360374415
2018-01-05,15:00,sz300354,东华测试,12.78,12.9,12.74,12.86,10807,13865917.0,0.07,0.547302580140735
2018-01-08,15:00,sz300354,东华测试,12.9,13.06,12.81,12.91,13455,17424896.0,0.05,0.3888024883359253
2018-01-09,15:00,sz300354,东华测试,12.85,12.99,12.85,12.9,7930,10237141.0,-0.01,-0.0774593338497289
2018-01-10,15:00,sz300354,东华测试,12.8,12.88,12.6,12.8,11511,14676044.0,-0.1,-0.7751937984496124
2018-01-11,15:00,sz300354,东华测试,12.78,13.05,12.64,13.03,10302,13322607.0,0.23,1.7968749999999998
2018-01-12,15:00,sz300354,东华测试,13.6,13.82,13.13,13.27,69738,94132968.0,0.24,1.841903300076746
2018-01-15,15:00,sz300354,东华测试,13.1,13.2,12.38,12.48,33125,42286904.0,-0.79,-5.953278070836474
2018-01-16,15:00,sz300354,东华测试,12.45,12.57,12.31,12.37,17572,21872014.0,-0.11,-0.8814102564102564
2018-01-17,15:00,sz300354,东华测试,12.37,12.4,12.02,12.32,18319,22336484.0,-0.05,-0.4042037186742118
2018-01-18,15:00,sz300354,东华测试,12.29,12.42,12.19,12.35,10817,13327430.0,0.03,0.2435064935064935
2018-01-19,15:00,sz300354,东华测试,12.35,12.53,12.23,12.28,10343,12777813.0,-0.07,-0.5668016194331984
2018-01-22,15:00,sz300354,东华测试,12.28,12.45,12.02,12.31,12784,15661290.0,0.03,0.2442996742671009
2018-01-23,15:00,sz300354,东华测试,12.36,12.52,12.33,12.38,11133,13838534.0,0.07,0.5686433793663688
2018-01-24,15:00,sz300354,东华测试,12.35,12.53,12.25,12.52,13495,16785506.0,0.14,1.1308562197092082
2018-01-25,15:00,sz300354,东华测试,12.5,12.68,12.4,12.43,14762,18505870.0,-0.09,-0.7188498402555911
2018-01-26,15:00,sz300354,东华测试,12.43,12.5,12.3,12.31,9722,12054935.0,-0.12,-0.9654062751407884
2018-01-29,15:00,sz300354,东华测试,12.38,12.5,12.07,12.11,10775,13230735.0,-0.2,-1.6246953696181965
2018-01-30,15:00,sz300354,东华测试,12.1,12.28,12.01,12.27,10933,13241206.0,0.16,1.3212221304706853
2018-01-31,15:00,sz300354,东华测试,12.2,12.2,11.51,11.55,15977,18809060.0,-0.72,-5.8679706601467
2018-02-01,15:00,sz300354,东华测试,11.55,11.69,10.78,10.78,15339,17182862.0,-0.77,-6.666666666666667
2018-02-02,15:00,sz300354,东华测试,10.69,10.87,10.38,10.62,13302,14078354.0,-0.16,-1.4842300556586272
2018-02-05,15:00,sz300354,东华测试,10.38,10.49,10.28,10.41,11076,11510643.0,-0.21,-1.977401129943503
2018-02-06,15:00,sz300354,东华测试,10.15,10.24,9.48,9.48,12697,12621687.0,-0.93,-8.93371757925072
2018-02-07,15:00,sz300354,东华测试,9.63,9.75,9.22,9.56,10826,10386096.0,0.08,0.8438818565400843
2018-02-08,15:00,sz300354,东华测试,9.54,9.86,9.54,9.82,10142,9904599.0,0.26,2.7196652719665275
2018-02-09,15:00,sz300354,东华测试,9.56,9.74,9.4,9.62,10021,9586381.0,-0.2,-2.0366598778004072
2018-02-12,15:00,sz300354,东华测试,9.6,9.99,9.6,9.94,7528,7438245.0,0.32,3.3264033264033266
2018-02-13,15:00,sz300354,东华测试,9.99,10.14,9.88,9.91,9333,9338659.0,-0.03,-0.3018108651911468
2018-02-14,15:00,sz300354,东华测试,9.89,10.05,9.82,10.04,9822,9733727.0,0.13,1.3118062563067607
2018-02-22,15:00,sz300354,东华测试,10.01,10.23,9.96,10.1,6911,6965529.0,0.06,0.5976095617529881
2018-02-23,15:00,sz300354,东华测试,10.02,10.14,10.02,10.11,5032,5078350.5,0.01,0.099009900990099
2018-02-26,15:00,sz300354,东华测试,10.11,10.41,10.11,10.31,10094,10367473.0,0.2,1.9782393669634024
2018-02-27,15:00,sz300354,东华测试,10.4,10.54,10.3,10.44,10563,11011185.0,0.13,1.2609117361784674
2018-02-28,15:00,sz300354,东华测试,10.3,10.67,10.25,10.61,15538,16323488.0,0.17,1.628352490421456
2018-03-01,15:00,sz300354,东华测试,10.47,11.18,10.47,10.99,18738,20461458.0,0.38,3.581526861451461
2018-03-02,15:00,sz300354,东华测试,11.0,11.23,10.82,10.92,16454,18182438.0,-0.07,-0.6369426751592357
2018-03-05,15:00,sz300354,东华测试,11.04,11.43,11.0,11.12,18675,20908176.0,0.2,1.831501831501832
2018-03-06,15:00,sz300354,东华测试,11.07,11.16,10.6,11.05,16476,18137182.0,-0.07,-0.6294964028776978
2018-03-07,15:00,sz300354,东华测试,11.09,11.09,10.76,10.92,15493,16901156.0,-0.13,-1.1764705882352942
2018-03-08,15:00,sz300354,东华测试,10.92,11.07,10.8,11.05,10998,12095870.0,0.13,1.1904761904761905
2018-03-09,15:00,sz300354,东华测试,11.05,11.58,10.98,11.39,20168,22877806.0,0.34,3.076923076923077
2018-03-12,15:00,sz300354,东华测试,11.47,11.82,11.41,11.6,24053,28029198.0,0.21,1.843722563652327
2018-03-13,15:00,sz300354,东华测试,11.6,11.83,11.4,11.58,18833,21878310.0,-0.02,-0.1724137931034483
2018-03-14,15:00,sz300354,东华测试,11.55,11.64,11.2,11.24,17509,19894972.0,-0.34,-2.936096718480138
2018-03-15,15:00,sz300354,东华测试,11.11,11.24,10.71,10.93,23382,25521570.0,-0.31,-2.7580071174377228
2018-03-16,15:00,sz300354,东华测试,10.94,11.14,10.8,10.91,18990,20938454.0,-0.02,-0.1829826166514181
2018-03-19,15:00,sz300354,东华测试,10.97,11.15,10.92,11.08,12245,13556904.0,0.17,1.5582034830430798
2018-03-20,15:00,sz300354,东华测试,11.08,11.27,10.86,11.16,15495,17103916.0,0.08,0.7220216606498195
2018-03-21,15:00,sz300354,东华测试,11.18,11.57,11.16,11.27,19713,22468548.0,0.11,0.985663082437276
2018-03-22,15:00,sz300354,东华测试,11.21,11.52,11.15,11.38,13161,14923930.0,0.11,0.9760425909494232
2018-03-23,15:00,sz300354,东华测试,11.01,11.11,10.24,10.3,27152,28939252.0,-1.08,-9.490333919156416
2018-03-26,15:00,sz300354,东华测试,10.19,10.54,9.8,10.49,13709,13966850.0,0.19,1.844660194174757
2018-03-27,15:00,sz300354,东华测试,10.56,11.07,10.5,11.01,21669,23452888.0,0.52,4.957102001906578
2018-03-28,15:00,sz300354,东华测试,11.0,11.35,10.81,11.11,24282,27091260.0,0.1,0.9082652134423252
2018-03-29,15:00,sz300354,东华测试,11.08,11.45,11.08,11.28,19860,22407206.0,0.17,1.53015301530153
2018-03-30,15:00,sz300354,东华测试,11.28,11.79,11.28,11.66,22876,26450088.0,0.38,3.368794326241135
2018-04-02,15:00,sz300354,东华测试,11.67,12.42,11.48,11.81,41045,48878640.0,0.15,1.2864493996569468
2018-04-03,15:00,sz300354,东华测试,11.62,12.99,11.61,12.99,43808,55463308.0,1.18,9.991532599491956
2018-04-04,15:00,sz300354,东华测试,13.89,14.29,13.21,14.29,197717,278809280.0,1.3,10.007698229407236
2018-04-09,15:00,sz300354,东华测试,13.95,14.35,13.5,13.88,151129,209886064.0,-0.41,-2.869139258222533
2018-04-10,15:00,sz300354,东华测试,13.7,13.96,12.77,13.12,137743,183945248.0,-0.76,-5.475504322766571
2018-04-11,15:00,sz300354,东华测试,13.03,13.03,12.58,12.85,77086,99036456.0,-0.27,-2.057926829268293
2018-04-12,15:00,sz300354,东华测试,12.77,12.9,12.6,12.76,49206,62866560.0,-0.09,-0.7003891050583658
2018-04-13,15:00,sz300354,东华测试,12.7,12.84,12.14,12.26,58485,72624144.0,-0.5,-3.918495297805643
2018-04-16,15:00,sz300354,东华测试,12.36,12.41,12.11,12.27,32549,39929232.0,0.01,0.0815660685154975
2018-04-17,15:00,sz300354,东华测试,12.29,12.38,11.5,11.6,37069,44647800.0,-0.67,-5.460472697636512
2018-04-18,15:00,sz300354,东华测试,11.74,11.94,11.12,11.91,43365,50315968.0,0.31,2.6724137931034484
2018-04-19,15:00,sz300354,东华测试,11.83,12.0,11.6,11.72,32674,38574612.0,-0.19,-1.595298068849706
2018-04-20,15:00,sz300354,东华测试,11.65,11.8,10.91,10.97,30377,34582588.0,-0.75,-6.399317406143344
2018-04-23,15:00,sz300354,东华测试,10.86,11.04,10.76,10.97,19686,21489076.0,0.0,0.0
2018-04-24,15:00,sz300354,东华测试,11.02,11.47,10.92,11.46,29545,33381650.0,0.49,4.466727438468551
2018-04-25,15:00,sz300354,东华测试,11.41,11.75,11.32,11.71,27202,31471466.0,0.25,2.181500872600349
2018-04-26,15:00,sz300354,东华测试,11.67,11.67,11.15,11.21,23623,27005386.0,-0.5,-4.269854824935952
2018-04-27,15:00,sz300354,东华测试,11.25,11.5,11.16,11.34,14189,16082662.0,0.13,1.159678858162355
2018-05-02,15:00,sz300354,东华测试,11.31,11.47,10.56,10.75,26382,28877768.0,-0.59,-5.202821869488536
2018-05-03,15:00,sz300354,东华测试,10.4,10.96,10.28,10.91,22655,23945310.0,0.16,1.4883720930232558
2018-05-04,15:00,sz300354,东华测试,10.81,10.95,10.68,10.77,14213,15374980.0,-0.14,-1.2832263978001834
2018-05-07,15:00,sz300354,东华测试,10.8,11.16,10.8,11.12,16555,18261972.0,0.35,3.2497678737233056
2018-05-08,15:00,sz300354,东华测试,11.23,11.76,11.22,11.54,27531,31728974.0,0.42,3.776978417266187
2018-05-09,15:00,sz300354,东华测试,11.43,11.72,11.43,11.55,24058,27831428.0,0.01,0.0866551126516464
2018-05-10,15:00,sz300354,东华测试,11.66,12.38,11.57,11.99,35360,42503380.0,0.44,3.8095238095238098
2018-05-11,15:00,sz300354,东华测试,12.0,12.08,11.55,11.57,25102,29410794.0,-0.42,-3.5029190992493744
2018-05-14,15:00,sz300354,东华测试,11.63,11.66,11.2,11.2,13587,15492209.0,-0.37,-3.197925669835782
2018-05-15,15:00,sz300354,东华测试,11.29,11.88,11.24,11.78,20824,24130628.0,0.58,5.178571428571429
2018-05-16,15:00,sz300354,东华测试,11.77,11.77,11.44,11.55,13415,15584767.0,-0.23,-1.9524617996604412
2018-05-17,15:00,sz300354,东华测试,11.5,11.63,11.45,11.57,11573,13371332.0,0.02,0.1731601731601731
2018-05-18,15:00,sz300354,东华测试,11.57,11.73,11.36,11.66,21199,24408100.0,0.09,0.7778738115816767
2018-05-21,15:00,sz300354,东华测试,11.68,11.95,11.68,11.81,22036,26057892.0,0.15,1.2864493996569468
2018-05-22,15:00,sz300354,东华测试,11.81,11.81,11.65,11.79,14808,17370046.0,-0.02,-0.1693480101608806
2018-05-23,15:00,sz300354,东华测试,11.74,12.07,11.73,11.78,28034,33375352.0,-0.01,-0.0848176420695504
2018-05-24,15:00,sz300354,东华测试,11.71,12.07,11.71,11.94,16903,20160390.0,0.16,1.3582342954159592
2018-05-25,15:00,sz300354,东华测试,11.9,11.91,11.62,11.73,21822,25657248.0,-0.21,-1.7587939698492463
2018-05-28,15:00,sz300354,东华测试,11.7,11.79,11.51,11.59,15429,17932140.0,-0.14,-1.1935208866155158
2018-05-29,15:00,sz300354,东华测试,11.68,11.75,11.57,11.59,13168,15352969.0,0.0,0.0
2018-05-30,15:00,sz300354,东华测试,11.3,11.3,10.42,10.44,26609,28808430.0,-1.15,-9.92234685073339
2018-05-31,15:00,sz300354,东华测试,10.51,10.76,10.51,10.69,11866,12649176.0,0.25,2.3946360153256707
2018-06-01,15:00,sz300354,东华测试,10.66,10.97,10.6,10.84,15410,16664466.0,0.15,1.4031805425631432
2018-06-04,15:00,sz300354,东华测试,10.84,10.95,10.78,10.82,7501,8148364.5,-0.02,-0.1845018450184501
2018-06-05,15:00,sz300354,东华测试,10.95,11.15,10.81,11.14,9946,10919362.0,0.32,2.957486136783734
2018-06-06,15:00,sz300354,东华测试,11.14,11.27,10.92,11.02,13426,14841739.0,-0.12,-1.0771992818671454
2018-06-07,15:00,sz300354,东华测试,11.0,11.05,10.64,10.66,15253,16447479.0,-0.36,-3.2667876588021776
2018-06-08,15:00,sz300354,东华测试,10.55,10.77,10.55,10.73,9527,10155114.0,0.07,0.6566604127579738
2018-06-11,15:00,sz300354,东华测试,10.69,10.77,10.61,10.72,6137,6570069.5,-0.01,-0.0931966449207828
2018-06-12,15:00,sz300354,东华测试,10.75,10.89,10.5,10.83,9818,10493490.0,0.11,1.0261194029850746
2018-06-13,15:00,sz300354,东华测试,10.74,10.76,10.41,10.53,9581,10161919.0,-0.3,-2.7700831024930745
2018-06-14,15:00,sz300354,东华测试,10.45,10.72,10.45,10.51,5020,5309788.0,-0.02,-0.1899335232668566
2018-06-15,15:00,sz300354,东华测试,10.48,10.58,9.94,10.09,9652,9841362.0,-0.42,-3.996194100856328
2018-06-19,15:00,sz300354,东华测试,10.0,10.0,9.08,9.19,11960,11233944.0,-0.9,-8.919722497522299
2018-06-20,15:00,sz300354,东华测试,9.2,9.59,9.13,9.42,11303,10575693.0,0.23,2.50272034820457
2018-06-21,15:00,sz300354,东华测试,9.31,9.48,9.16,9.2,8538,7942527.5,-0.22,-2.335456475583864
2018-06-22,15:00,sz300354,东华测试,9.5,9.88,9.5,9.74,28771,27951422.0,0.54,5.869565217391305
2018-06-25,15:00,sz300354,东华测试,9.58,9.71,9.5,9.57,16895,16225035.0,-0.17,-1.7453798767967144
2018-06-26,15:00,sz300354,东华测试,9.45,9.74,9.21,9.7,10450,10014766.0,0.13,1.3584117032392893
2018-06-27,15:00,sz300354,东华测试,9.7,9.75,9.5,9.54,15852,15260965.0,-0.16,-1.6494845360824744
2018-06-28,15:00,sz300354,东华测试,9.54,9.67,9.28,9.3,10191,9695806.0,-0.24,-2.515723270440252
2018-06-29,15:00,sz300354,东华测试,9.37,9.7,9.33,9.69,10568,10112804.0,0.39,4.193548387096775
2018-07-02,15:00,sz300354,东华测试,9.68,9.98,9.62,9.71,17995,17642942.0,0.02,0.2063983488132094
2018-07-03,15:00,sz300354,东华测试,9.71,9.94,9.54,9.93,16762,16357020.0,0.22,2.265705458290422
2018-07-04,15:00,sz300354,东华测试,9.89,9.9,9.6,9.72,10701,10433122.0,-0.21,-2.114803625377644
2018-07-05,15:00,sz300354,东华测试,9.7,9.7,9.28,9.29,10885,10290894.0,-0.43,-4.423868312757202
2018-07-06,15:00,sz300354,东华测试,9.16,9.45,9.1,9.33,9480,8829518.0,0.04,0.4305705059203444
2018-07-09,15:00,sz300354,东华测试,9.29,9.51,9.25,9.45,12190,11518348.0,0.12,1.2861736334405145
2018-07-10,15:00,sz300354,东华测试,9.45,9.62,9.42,9.61,13017,12367241.0,0.16,1.6931216931216932
2018-07-11,15:00,sz300354,东华测试,9.45,9.48,9.1,9.28,17967,16597694.0,-0.33,-3.433922996878252
2018-07-12,15:00,sz300354,东华测试,9.28,9.58,9.28,9.57,14145,13425552.0,0.29,3.125
2018-07-13,15:00,sz300354,东华测试,9.62,9.69,9.53,9.64,11114,10674959.0,0.07,0.7314524555903866
2018-07-16,15:00,sz300354,东华测试,9.57,9.87,9.57,9.83,14891,14527143.0,0.19,1.970954356846473
2018-07-17,15:00,sz300354,东华测试,9.8,9.87,9.65,9.79,9366,9127488.0,-0.04,-0.4069175991861647
2018-07-18,15:00,sz300354,东华测试,9.79,9.9,9.64,9.7,11782,11567650.0,-0.09,-0.919305413687436
2018-07-19,15:00,sz300354,东华测试,9.7,9.8,9.55,9.77,14238,13812074.0,0.07,0.7216494845360825
2018-07-20,15:00,sz300354,东华测试,9.8,10.19,9.8,10.1,26264,26288432.0,0.33,3.3776867963152504
2018-07-23,15:00,sz300354,东华测试,10.0,10.1,9.7,10.06,17843,17777922.0,-0.04,-0.396039603960396
2018-07-24,15:00,sz300354,东华测试,10.04,10.29,9.89,10.19,25778,25974040.0,0.13,1.2922465208747516
2018-07-25,15:00,sz300354,东华测试,10.11,10.15,10.03,10.14,13412,13535968.0,-0.05,-0.4906771344455348
2018-07-26,15:00,sz300354,东华测试,10.09,10.15,9.96,10.05,17884,17975084.0,-0.09,-0.8875739644970414
2018-07-27,15:00,sz300354,东华测试,10.1,10.32,9.91,10.01,18587,18822158.0,-0.04,-0.3980099502487562
2018-07-30,15:00,sz300354,东华测试,9.91,10.14,9.6,9.84,18865,18722920.0,-0.17,-1.6983016983016983
2018-07-31,15:00,sz300354,东华测试,9.72,9.96,9.7,9.95,9976,9827250.0,0.11,1.1178861788617886
2018-08-01,15:00,sz300354,东华测试,9.93,10.02,9.85,9.87,8986,8934194.0,-0.08,-0.8040201005025126
2018-08-02,15:00,sz300354,东华测试,9.94,9.94,9.22,9.41,14352,13545093.0,-0.46,-4.660587639311044
2018-08-03,15:00,sz300354,东华测试,9.41,9.52,9.28,9.38,8578,8077081.0,-0.03,-0.3188097768331562
2018-08-06,15:00,sz300354,东华测试,9.31,9.42,9.1,9.17,8624,7996689.5,-0.21,-2.238805970149253
2018-08-07,15:00,sz300354,东华测试,9.18,9.44,9.13,9.44,8095,7556638.0,0.27,2.9443838604143946
2018-08-08,15:00,sz300354,东华测试,9.42,9.46,9.2,9.21,6664,6234573.0,-0.23,-2.4364406779661016
2018-08-09,15:00,sz300354,东华测试,9.21,9.61,9.18,9.5,9293,8816967.0,0.29,3.1487513572204127
2018-08-10,15:00,sz300354,东华测试,9.42,9.59,9.42,9.55,9040,8604382.0,0.05,0.5263157894736842
2018-08-13,15:00,sz300354,东华测试,9.5,9.58,9.36,9.56,12498,11810326.0,0.01,0.1047120418848167
2018-08-14,15:00,sz300354,东华测试,9.58,9.58,9.45,9.55,6387,6076558.0,-0.01,-0.104602510460251
2018-08-15,15:00,sz300354,东华测试,9.55,9.58,9.24,9.29,11017,10328720.0,-0.26,-2.722513089005236
2018-08-16,15:00,sz300354,东华测试,9.16,9.37,9.08,9.19,8323,7659542.0,-0.1,-1.0764262648008611
2018-08-17,15:00,sz300354,东华测试,9.28,9.33,9.01,9.15,12276,11316975.0,-0.04,-0.4352557127312296
2018-08-20,15:00,sz300354,东华测试,9.15,9.31,9.08,9.27,9363,8597102.0,0.12,1.3114754098360657
2018-08-21,15:00,sz300354,东华测试,9.21,9.41,9.12,9.31,12347,11413398.0,0.04,0.4314994606256742
2018-08-22,15:00,sz300354,东华测试,9.25,9.31,9.07,9.11,8796,8101378.0,-0.2,-2.148227712137486
2018-08-23,15:00,sz300354,东华测试,9.11,9.32,9.03,9.21,7720,7116921.5,0.1,1.0976948408342482
2018-08-24,15:00,sz300354,东华测试,9.15,9.25,9.1,9.16,7121,6527325.0,-0.05,-0.5428881650380022
2018-08-27,15:00,sz300354,东华测试,9.15,9.38,9.14,9.35,9470,8798765.0,0.19,2.074235807860262
2018-08-28,15:00,sz300354,东华测试,9.34,9.42,9.28,9.4,8673,8121072.0,0.05,0.53475935828877
2018-08-29,15:00,sz300354,东华测试,9.39,9.39,9.24,9.26,7161,6650374.0,-0.14,-1.4893617021276595
2018-08-30,15:00,sz300354,东华测试,9.32,9.48,9.08,9.17,8540,7883338.0,-0.09,-0.9719222462203024
2018-08-31,15:00,sz300354,东华测试,9.17,9.17,8.96,9.03,7153,6480122.0,-0.14,-1.5267175572519085
2018-09-03,15:00,sz300354,东华测试,8.96,8.97,8.78,8.93,8155,7227693.0,-0.1,-1.1074197120708749
2018-09-04,15:00,sz300354,东华测试,8.91,9.2,8.85,9.16,6859,6222114.5,0.23,2.57558790593505
2018-09-05,15:00,sz300354,东华测试,9.18,9.29,9.02,9.02,8295,7617451.5,-0.14,-1.5283842794759823
2018-09-06,15:00,sz300354,东华测试,9.02,9.28,9.02,9.18,6026,5532890.0,0.16,1.7738359201773837
2018-09-07,15:00,sz300354,东华测试,9.11,9.36,9.11,9.21,8554,7912398.0,0.03,0.326797385620915
2018-09-10,15:00,sz300354,东华测试,9.26,9.26,8.92,8.97,7454,6779662.0,-0.24,-2.6058631921824107
2018-09-11,15:00,sz300354,东华测试,8.88,9.15,8.88,9.05,5786,5234448.0,0.08,0.8918617614269788
2018-09-12,15:00,sz300354,东华测试,9.08,9.25,9.04,9.16,5671,5193027.0,0.11,1.2154696132596683
2018-09-13,15:00,sz300354,东华测试,9.28,9.33,9.13,9.28,7562,7001959.5,0.12,1.310043668122271
2018-09-14,15:00,sz300354,东华测试,9.31,9.33,9.17,9.17,9102,8418502.0,-0.11,-1.1853448275862069
2018-09-17,15:00,sz300354,东华测试,9.16,9.23,8.98,9.13,4790,4374274.0,-0.04,-0.4362050163576881
2018-09-18,15:00,sz300354,东华测试,9.13,9.29,9.06,9.28,5837,5381836.0,0.15,1.642935377875137
2018-09-19,15:00,sz300354,东华测试,9.23,9.4,9.2,9.34,9852,9170879.0,0.06,0.646551724137931
2018-09-20,15:00,sz300354,东华测试,9.34,9.37,9.28,9.31,6570,6119995.5,-0.03,-0.3211991434689507
2018-09-21,15:00,sz300354,东华测试,9.34,9.41,9.26,9.39,9506,8894344.0,0.08,0.8592910848549946
2018-09-25,15:00,sz300354,东华测试,9.35,9.44,9.31,9.39,7697,7223006.0,0.0,0.0
2018-09-26,15:00,sz300354,东华测试,9.39,9.4,9.28,9.31,5091,4759190.5,-0.08,-0.8519701810436635
2018-09-27,15:00,sz300354,东华测试,9.31,9.35,9.06,9.1,7253,6695607.0,-0.21,-2.255639097744361
2018-09-28,15:00,sz300354,东华测试,9.1,9.24,9.1,9.19,4208,3863446.5,0.09,0.9890109890109888
2018-10-08,15:00,sz300354,东华测试,9.1,9.11,8.85,8.87,8225,7371400.0,-0.32,-3.4820457018498367
2018-10-09,15:00,sz300354,东华测试,9.03,9.03,8.81,8.86,5320,4725555.0,-0.01,-0.1127395715896279
2018-10-10,15:00,sz300354,东华测试,8.85,8.96,8.85,8.94,3786,3378423.5,0.08,0.9029345372460496
2018-10-11,15:00,sz300354,东华测试,8.62,8.79,8.05,8.13,11631,9761270.0,-0.81,-9.060402684563758
2018-10-12,15:00,sz300354,东华测试,8.09,8.26,7.71,8.05,8135,6525763.0,-0.08,-0.984009840098401
2018-10-15,15:00,sz300354,东华测试,8.05,8.19,7.85,7.92,4847,3885910.0,-0.13,-1.6149068322981366
2018-10-16,15:00,sz300354,东华测试,7.94,8.04,7.64,7.72,5443,4282405.0,-0.2,-2.525252525252525
2018-10-17,15:00,sz300354,东华测试,7.82,7.86,7.6,7.81,7408,5749928.0,0.09,1.16580310880829
2018-10-18,15:00,sz300354,东华测试,7.69,7.73,7.25,7.6,9243,6994220.5,-0.21,-2.6888604353393086
2018-10-19,15:00,sz300354,东华测试,7.47,7.86,7.27,7.81,8803,6747791.0,0.21,2.763157894736842
2018-10-22,15:00,sz300354,东华测试,7.88,8.38,7.88,8.19,15717,12850438.0,0.38,4.865556978233035
2018-10-23,15:00,sz300354,东华测试,8.14,8.28,8.06,8.21,12581,10296992.0,0.02,0.2442002442002442
2018-10-24,15:00,sz300354,东华测试,8.11,8.31,8.11,8.22,8195,6737613.0,0.01,0.1218026796589524
2018-10-25,15:00,sz300354,东华测试,8.03,8.23,7.91,8.16,7042,5692168.5,-0.06,-0.7299270072992701
2018-10-26,15:00,sz300354,东华测试,8.23,8.35,8.15,8.19,5367,4421212.0,0.03,0.3676470588235294
2018-10-29,15:00,sz300354,东华测试,8.25,8.25,7.97,8.03,5512,4466499.0,-0.16,-1.953601953601953
2018-10-30,15:00,sz300354,东华测试,8.09,8.22,7.84,8.15,8399,6746719.0,0.12,1.49439601494396
2018-10-31,15:00,sz300354,东华测试,8.11,8.42,8.11,8.39,12562,10485868.0,0.24,2.9447852760736195
2018-11-01,15:00,sz300354,东华测试,8.37,8.56,8.35,8.35,7299,6182943.5,-0.04,-0.4767580452920142
2018-11-02,15:00,sz300354,东华测试,8.46,8.68,8.46,8.63,11744,10087966.0,0.28,3.3532934131736525
2018-11-05,15:00,sz300354,东华测试,8.67,8.77,8.4,8.62,10395,8947296.0,-0.01,-0.115874855156431
2018-11-06,15:00,sz300354,东华测试,8.6,8.6,8.31,8.56,9160,7703891.0,-0.06,-0.6960556844547563
2018-11-07,15:00,sz300354,东华测试,8.56,8.64,8.49,8.53,12051,10332714.0,-0.03,-0.3504672897196261
2018-11-08,15:00,sz300354,东华测试,8.57,8.72,8.51,8.53,9420,8116131.0,0.0,0.0
2018-11-09,15:00,sz300354,东华测试,8.53,8.61,8.47,8.53,8722,7458530.0,0.0,0.0
2018-11-12,15:00,sz300354,东华测试,8.62,8.93,8.54,8.91,14229,12483406.0,0.38,4.454865181711607
2018-11-13,15:00,sz300354,东华测试,8.8,9.2,8.72,9.15,17174,15525832.0,0.24,2.6936026936026933
2018-11-14,15:00,sz300354,东华测试,9.2,9.41,9.05,9.25,26514,24554986.0,0.1,1.092896174863388
2018-11-15,15:00,sz300354,东华测试,9.15,9.34,9.15,9.32,17403,16098373.0,0.07,0.7567567567567568
2018-11-16,15:00,sz300354,东华测试,9.33,9.47,9.21,9.27,16679,15548757.0,-0.05,-0.5364806866952789
2018-11-19,15:00,sz300354,东华测试,9.3,9.34,9.06,9.29,14883,13704159.0,0.02,0.2157497303128371
2018-11-20,15:00,sz300354,东华测试,9.31,9.45,9.0,9.03,13412,12393009.0,-0.26,-2.798708288482239
2018-11-21,15:00,sz300354,东华测试,9.02,9.35,8.97,9.35,13752,12626883.0,0.32,3.5437430786267994
2018-11-22,15:00,sz300354,东华测试,9.28,9.48,9.15,9.21,11092,10269118.0,-0.14,-1.497326203208556
2018-11-23,15:00,sz300354,东华测试,9.25,9.25,8.41,8.5,19144,16864364.0,-0.71,-7.709011943539632
2018-11-26,15:00,sz300354,东华测试,8.55,8.85,8.55,8.65,15322,13322877.0,0.15,1.7647058823529411
2018-11-27,15:00,sz300354,东华测试,8.73,8.79,8.59,8.74,10588,9189254.0,0.09,1.0404624277456649
2018-11-28,15:00,sz300354,东华测试,8.69,8.97,8.58,8.88,11052,9731778.0,0.14,1.6018306636155606
2018-11-29,15:00,sz300354,东华测试,9.0,9.15,8.55,8.58,15177,13491644.0,-0.3,-3.3783783783783785
2018-11-30,15:00,sz300354,东华测试,8.58,8.88,8.5,8.88,18144,15848576.0,0.3,3.4965034965034967
2018-12-03,15:00,sz300354,东华测试,9.03,9.12,8.95,9.0,17807,16093052.0,0.12,1.351351351351351
2018-12-04,15:00,sz300354,东华测试,9.03,9.1,8.95,9.08,10881,9820001.0,0.08,0.8888888888888888
2018-12-05,15:00,sz300354,东华测试,8.92,9.19,8.85,8.98,10661,9585515.0,-0.1,-1.1013215859030838
2018-12-06,15:00,sz300354,东华测试,9.16,9.16,8.8,8.89,9362,8362556.0,-0.09,-1.0022271714922049
2018-12-07,15:00,sz300354,东华测试,8.81,8.99,8.81,8.89,7245,6456523.5,0.0,0.0
2018-12-10,15:00,sz300354,东华测试,8.91,8.91,8.59,8.61,9163,7980568.0,-0.28,-3.149606299212598
2018-12-11,15:00,sz300354,东华测试,8.62,8.79,8.61,8.73,6965,6059512.0,0.12,1.3937282229965158
2018-12-12,15:00,sz300354,东华测试,8.73,8.79,8.7,8.73,5918,5177163.0,0.0,0.0
2018-12-13,15:00,sz300354,东华测试,8.71,8.9,8.57,8.84,10193,8966816.0,0.11,1.2600229095074456
2018-12-14,15:00,sz300354,东华测试,8.86,8.86,8.35,8.39,11742,10057107.0,-0.45,-5.090497737556561
2018-12-17,15:00,sz300354,东华测试,8.39,8.41,8.14,8.28,10516,8689435.0,-0.11,-1.3110846245530394
2018-12-18,15:00,sz300354,东华测试,8.24,8.33,8.1,8.24,7576,6221238.5,-0.04,-0.4830917874396135
2018-12-19,15:00,sz300354,东华测试,8.24,8.26,8.1,8.12,6301,5167692.0,-0.12,-1.4563106796116505
2018-12-20,15:00,sz300354,东华测试,8.03,8.28,8.03,8.27,10825,8870659.0,0.15,1.8472906403940887
2018-12-21,15:00,sz300354,东华测试,8.25,8.29,8.06,8.22,7258,5932560.0,-0.05,-0.6045949214026602
2018-12-24,15:00,sz300354,东华测试,8.19,8.34,8.18,8.34,6677,5530311.0,0.12,1.45985401459854
2018-12-25,15:00,sz300354,东华测试,8.28,8.37,7.91,8.21,11347,9196469.0,-0.13,-1.5587529976019183
2018-12-26,15:00,sz300354,东华测试,8.21,8.31,8.21,8.26,7463,6166907.5,0.05,0.6090133982947624
2018-12-27,15:00,sz300354,东华测试,8.34,8.45,8.07,8.07,7551,6240432.5,-0.19,-2.3002421307506054
2018-12-28,15:00,sz300354,东华测试,8.13,8.2,8.0,8.15,8075,6555841.0,0.08,0.9913258983890956
2019-01-02,15:00,sz300354,东华测试,8.15,8.26,8.04,8.18,6233,5106405.0,0.03,0.3680981595092024
2019-01-03,15:00,sz300354,东华测试,8.18,8.38,8.16,8.29,7684,6376890.0,0.11,1.3447432762836184
2019-01-04,15:00,sz300354,东华测试,8.25,8.52,8.03,8.49,11607,9733272.0,0.2,2.41254523522316
2019-01-07,15:00,sz300354,东华测试,8.55,8.76,8.51,8.74,14200,12304004.0,0.25,2.944640753828033
2019-01-08,15:00,sz300354,东华测试,8.74,8.74,8.54,8.57,16751,14434146.0,-0.17,-1.9450800915331807
2019-01-09,15:00,sz300354,东华测试,8.56,8.75,8.55,8.58,12838,11130381.0,0.01,0.116686114352392
2019-01-10,15:00,sz300354,东华测试,8.58,8.67,8.46,8.58,12792,10984638.0,0.0,0.0
2019-01-11,15:00,sz300354,东华测试,8.52,8.68,8.52,8.65,10943,9411661.0,0.07,0.8158508158508158
2019-01-14,15:00,sz300354,东华测试,8.68,8.72,8.47,8.53,9913,8509624.0,-0.12,-1.3872832369942196
2019-01-15,15:00,sz300354,东华测试,8.6,8.73,8.51,8.73,10690,9252363.0,0.2,2.344665885111372
2019-01-16,15:00,sz300354,东华测试,8.65,8.87,8.65,8.74,12068,10585259.0,0.01,0.1145475372279496
2019-01-17,15:00,sz300354,东华测试,8.72,8.72,8.45,8.57,9503,8163315.0,-0.17,-1.9450800915331807
2019-01-18,15:00,sz300354,东华测试,8.54,8.69,8.54,8.6,8232,7084557.5,0.03,0.3500583430571762
2019-01-21,15:00,sz300354,东华测试,8.57,8.72,8.54,8.61,10797,9294566.0,0.01,0.1162790697674418
2019-01-22,15:00,sz300354,东华测试,8.6,8.63,8.4,8.5,8689,7395504.5,-0.11,-1.2775842044134729
2019-01-23,15:00,sz300354,东华测试,8.51,8.53,8.42,8.46,3832,3245460.25,-0.04,-0.4705882352941176
2019-01-24,15:00,sz300354,东华测试,8.88,9.31,8.88,9.31,20665,19112028.0,0.85,10.047281323877067
2019-01-25,15:00,sz300354,东华测试,9.61,9.94,9.11,9.13,113098,108835624.0,-0.18,-1.933404940923738
2019-01-28,15:00,sz300354,东华测试,9.0,9.24,8.71,8.75,62384,55764748.0,-0.38,-4.16210295728368
2019-01-29,15:00,sz300354,东华测试,8.52,8.67,8.12,8.21,45012,37618420.0,-0.54,-6.171428571428572
2019-01-30,15:00,sz300354,东华测试,8.14,8.35,8.07,8.11,23300,19126346.0,-0.1,-1.2180267965895248
2019-01-31,15:00,sz300354,东华测试,8.14,8.27,8.08,8.19,20103,16436424.0,0.08,0.9864364981504316
2019-02-01,15:00,sz300354,东华测试,8.16,8.39,8.16,8.34,16881,14015762.0,0.15,1.831501831501832
2019-02-11,15:00,sz300354,东华测试,8.34,8.54,8.25,8.49,17873,15037039.0,0.15,1.7985611510791366
2019-02-12,15:00,sz300354,东华测试,8.43,8.62,8.41,8.55,21823,18580706.0,0.06,0.7067137809187279
2019-02-13,15:00,sz300354,东华测试,8.55,8.76,8.49,8.75,24885,21522496.0,0.2,2.3391812865497075
2019-02-14,15:00,sz300354,东华测试,8.71,8.92,8.69,8.82,22961,20169970.0,0.07,0.8
2019-02-15,15:00,sz300354,东华测试,8.8,9.09,8.76,8.88,28145,25111354.0,0.06,0.6802721088435374
2019-02-18,15:00,sz300354,东华测试,8.89,9.21,8.89,9.16,23341,21211690.0,0.28,3.153153153153153
2019-02-19,15:00,sz300354,东华测试,9.21,9.23,9.04,9.15,24783,22615428.0,-0.01,-0.1091703056768558
2019-02-20,15:00,sz300354,东华测试,9.24,9.24,9.06,9.18,15716,14388480.0,0.03,0.3278688524590163
2019-02-21,15:00,sz300354,东华测试,9.18,9.44,9.12,9.15,24065,22406934.0,-0.03,-0.326797385620915
2019-02-22,15:00,sz300354,东华测试,9.1,9.58,9.09,9.45,27645,25877102.0,0.3,3.278688524590164
2019-02-25,15:00,sz300354,东华测试,9.55,9.87,9.4,9.8,40301,38895912.0,0.35,3.7037037037037033
2019-02-26,15:00,sz300354,东华测试,9.73,10.18,9.72,9.94,42735,42605640.0,0.14,1.4285714285714286
2019-02-27,15:00,sz300354,东华测试,9.92,10.22,9.86,9.97,32452,32647290.0,0.03,0.3018108651911468
2019-02-28,15:00,sz300354,东华测试,9.9,10.1,9.9,10.04,19130,19122332.0,0.07,0.7021063189568706
2019-03-01,15:00,sz300354,东华测试,10.06,10.14,9.92,10.05,16091,16129897.0,0.01,0.099601593625498
2019-03-04,15:00,sz300354,东华测试,10.07,10.35,10.02,10.09,29744,30197246.0,0.04,0.3980099502487562
2019-03-05,15:00,sz300354,东华测试,10.07,10.44,9.97,10.37,29949,30613956.0,0.28,2.7750247770069376
2019-03-06,15:00,sz300354,东华测试,10.37,10.64,10.3,10.52,35041,36713620.0,0.15,1.446480231436837
2019-03-07,15:00,sz300354,东华测试,10.54,10.94,10.54,10.78,33307,35626644.0,0.26,2.4714828897338403
2019-03-08,15:00,sz300354,东华测试,10.56,10.88,10.13,10.19,35644,37613740.0,-0.59,-5.473098330241188
2019-03-11,15:00,sz300354,东华测试,10.43,11.21,10.33,11.21,54424,59241448.0,1.02,10.009813542688912
2019-03-12,15:00,sz300354,东华测试,11.5,11.5,10.92,11.1,69471,77457544.0,-0.11,-0.9812667261373774
2019-03-13,15:00,sz300354,东华测试,11.08,11.36,10.8,10.8,39610,43755664.0,-0.3,-2.702702702702702
2019-03-14,15:00,sz300354,东华测试,10.61,10.93,10.2,10.38,37147,38967324.0,-0.42,-3.888888888888889
2019-03-15,15:00,sz300354,东华测试,10.52,10.62,10.28,10.46,23577,24731718.0,0.08,0.7707129094412332
2019-03-18,15:00,sz300354,东华测试,10.55,10.74,10.37,10.73,23739,25073526.0,0.27,2.581261950286807
2019-03-19,15:00,sz300354,东华测试,10.74,10.86,10.59,10.65,22038,23606516.0,-0.08,-0.7455731593662628
2019-03-20,15:00,sz300354,东华测试,10.88,10.88,10.38,10.73,21998,23312296.0,0.08,0.7511737089201878
2019-03-21,15:00,sz300354,东华测试,10.72,10.98,10.56,10.87,30270,32611888.0,0.14,1.30475302889096
2019-03-22,15:00,sz300354,东华测试,10.9,10.9,10.51,10.79,25646,27385004.0,-0.08,-0.7359705611775529
2019-03-25,15:00,sz300354,东华测试,10.71,11.05,10.56,10.86,27887,30294712.0,0.07,0.6487488415199258
2019-03-26,15:00,sz300354,东华测试,10.89,10.99,10.35,10.41,28517,30416346.0,-0.45,-4.143646408839778
2019-03-27,15:00,sz300354,东华测试,10.45,10.66,10.32,10.62,18218,19135214.0,0.21,2.0172910662824206
2019-03-28,15:00,sz300354,东华测试,10.61,10.95,10.52,10.63,22789,24550558.0,0.01,0.0941619585687382
2019-03-29,15:00,sz300354,东华测试,10.55,11.1,10.4,11.01,33664,36486756.0,0.38,3.574788334901223
2019-04-01,15:00,sz300354,东华测试,11.09,11.83,11.03,11.53,37033,42450840.0,0.52,4.72297910990009
2019-04-02,15:00,sz300354,东华测试,11.53,11.8,11.45,11.6,30452,35530704.0,0.07,0.6071118820468344
2019-04-03,15:00,sz300354,东华测试,11.6,11.85,11.44,11.75,23459,27449260.0,0.15,1.293103448275862
2019-04-04,15:00,sz300354,东华测试,11.82,11.88,11.57,11.66,22665,26554558.0,-0.09,-0.7659574468085106
2019-04-08,15:00,sz300354,东华测试,11.73,11.83,11.25,11.6,32024,37009268.0,-0.06,-0.5145797598627788
2019-04-09,15:00,sz300354,东华测试,11.67,11.73,11.43,11.63,26599,30890012.0,0.03,0.2586206896551724
2019-04-10,15:00,sz300354,东华测试,11.72,11.75,11.4,11.56,26547,30801746.0,-0.07,-0.6018916595012898
2019-04-11,15:00,sz300354,东华测试,11.56,11.64,11.27,11.33,31507,36228024.0,-0.23,-1.9896193771626296
2019-04-12,15:00,sz300354,东华测试,11.45,11.87,11.19,11.55,30575,35343832.0,0.22,1.9417475728155336
2019-04-15,15:00,sz300354,东华测试,11.57,12.13,11.21,11.23,36311,42470780.0,-0.32,-2.7705627705627704
2019-04-16,15:00,sz300354,东华测试,11.12,11.55,11.12,11.53,26029,29458754.0,0.3,2.671415850400712
2019-04-17,15:00,sz300354,东华测试,11.55,11.77,11.43,11.57,22045,25598792.0,0.04,0.3469210754553339
2019-04-18,15:00,sz300354,东华测试,11.58,11.76,11.44,11.48,17869,20764834.0,-0.09,-0.7778738115816767
2019-04-19,15:00,sz300354,东华测试,11.58,11.58,11.31,11.53,17006,19463618.0,0.05,0.4355400696864111
2019-04-22,15:00,sz300354,东华测试,11.49,11.62,11.17,11.27,19686,22471264.0,-0.26,-2.2549869904596704
2019-04-23,15:00,sz300354,东华测试,11.23,11.25,10.48,10.58,38149,41098140.0,-0.69,-6.122448979591836
2019-04-24,15:00,sz300354,东华测试,10.64,10.78,10.39,10.71,26823,28512632.0,0.13,1.2287334593572778
2019-04-25,15:00,sz300354,东华测试,10.71,10.89,10.1,10.1,33469,35262524.0,-0.61,-5.695611577964519
2019-04-26,15:00,sz300354,东华测试,10.11,10.35,10.05,10.14,20918,21334932.0,0.04,0.396039603960396
2019-04-29,15:00,sz300354,东华测试,10.13,10.15,9.53,9.68,26665,26196058.0,-0.46,-4.536489151873767
2019-04-30,15:00,sz300354,东华测试,9.68,9.91,9.64,9.75,16782,16428987.0,0.07,0.7231404958677686
2019-05-06,15:00,sz300354,东华测试,9.41,9.45,8.86,8.93,26751,24513894.0,-0.82,-8.41025641025641
2019-05-07,15:00,sz300354,东华测试,9.0,9.26,8.95,9.14,18539,16839922.0,0.21,2.351623740201568
2019-05-08,15:00,sz300354,东华测试,8.93,9.3,8.93,9.19,14315,13124904.0,0.05,0.5470459518599562
2019-05-09,15:00,sz300354,东华测试,9.15,9.32,9.1,9.23,14870,13712046.0,0.04,0.4352557127312296
2019-05-10,15:00,sz300354,东华测试,9.29,9.64,9.23,9.6,24978,23616716.0,0.37,4.008667388949079
2019-05-13,15:00,sz300354,东华测试,9.5,9.6,9.34,9.44,17704,16746696.0,-0.16,-1.6666666666666667
2019-05-14,15:00,sz300354,东华测试,9.39,9.67,9.38,9.46,16583,15758265.0,0.02,0.211864406779661
2019-05-15,15:00,sz300354,东华测试,9.5,9.76,9.5,9.7,16388,15823388.0,0.24,2.536997885835095
2019-05-16,15:00,sz300354,东华测试,9.8,10.67,9.69,10.67,25788,26573306.0,0.97,10.0
2019-05-17,15:00,sz300354,东华测试,11.45,11.74,11.45,11.74,56579,65879216.0,1.07,10.028116213683225
2019-05-20,15:00,sz300354,东华测试,12.59,12.91,12.59,12.91,64572,82565544.0,1.17,9.965928449744462
2019-05-21,15:00,sz300354,东华测试,14.2,14.2,14.01,14.2,180008,255580352.0,1.29,9.992254066615027
2019-05-22,15:00,sz300354,东华测试,14.32,15.5,13.67,13.67,294356,425228960.0,-0.53,-3.732394366197183
2019-05-23,15:00,sz300354,东华测试,12.6,12.91,12.3,12.3,171595,213247424.0,-1.37,-10.02194586686174
2019-05-24,15:00,sz300354,东华测试,11.31,11.59,11.07,11.07,133383,149470640.0,-1.23,-10.0
2019-05-27,15:00,sz300354,东华测试,10.9,11.6,10.82,11.38,140409,158838048.0,0.31,2.800361336946702
2019-05-28,15:00,sz300354,东华测试,11.38,11.69,11.21,11.3,115640,132043456.0,-0.08,-0.7029876977152899
2019-05-29,15:00,sz300354,东华测试,11.21,11.89,11.19,11.59,128248,147431488.0,0.29,2.566371681415929
2019-05-30,15:00,sz300354,东华测试,11.41,12.07,11.14,11.54,123144,143599152.0,-0.05,-0.4314063848144953
2019-05-31,15:00,sz300354,东华测试,11.54,11.65,11.13,11.16,85950,97610280.0,-0.38,-3.2928942807625647
2019-06-03,15:00,sz300354,东华测试,11.13,11.25,10.32,10.58,87623,94635864.0,-0.58,-5.197132616487455
2019-06-04,15:00,sz300354,东华测试,10.74,10.93,10.13,10.35,69117,72729136.0,-0.23,-2.1739130434782608
2019-06-05,15:00,sz300354,东华测试,10.52,10.65,10.28,10.29,49422,51740348.0,-0.06,-0.5797101449275363
2019-06-06,15:00,sz300354,东华测试,10.47,10.51,10.09,10.15,44412,45723972.0,-0.14,-1.3605442176870748
2019-06-10,15:00,sz300354,东华测试,10.2,10.46,10.03,10.42,39686,40802656.0,0.27,2.6600985221674875
2019-06-11,15:00,sz300354,东华测试,10.42,10.76,10.25,10.7,54895,57904756.0,0.28,2.687140115163148
2019-06-12,15:00,sz300354,东华测试,10.66,10.67,10.41,10.46,51356,54099236.0,-0.24,-2.2429906542056077
2019-06-13,15:00,sz300354,东华测试,10.41,10.88,10.41,10.81,53080,56633760.0,0.35,3.3460803059273423
2019-06-14,15:00,sz300354,东华测试,10.72,10.81,10.05,10.17,49321,51278384.0,-0.64,-5.920444033302498
2019-06-17,15:00,sz300354,东华测试,10.2,10.59,10.19,10.46,37902,39547128.0,0.29,2.8515240904621435
2019-06-18,15:00,sz300354,东华测试,10.54,10.62,10.35,10.38,31436,32876872.0,-0.08,-0.7648183556405354
2019-06-19,15:00,sz300354,东华测试,10.63,10.84,10.62,10.7,52650,56444520.0,0.32,3.0828516377649327
2019-06-20,15:00,sz300354,东华测试,10.7,10.72,10.51,10.7,40728,43242648.0,0.0,0.0
2019-06-21,15:00,sz300354,东华测试,11.77,11.77,11.77,11.77,10641,12524457.0,1.07,10.0
2019-06-24,15:00,sz300354,东华测试,12.95,12.95,12.4,12.95,74632,96391472.0,1.18,10.025488530161429
2019-06-25,15:00,sz300354,东华测试,13.5,13.5,11.82,12.79,234147,297658464.0,-0.16,-1.2355212355212355
2019-06-26,15:00,sz300354,东华测试,11.94,12.83,11.94,12.18,126290,156487744.0,-0.61,-4.769351055512119
2019-06-27,15:00,sz300354,东华测试,12.18,12.45,12.03,12.11,73022,89199168.0,-0.07,-0.5747126436781609
2019-06-28,15:00,sz300354,东华测试,12.01,12.33,11.21,11.42,97221,113900488.0,-0.69,-5.697770437654831
2019-07-01,15:00,sz300354,东华测试,11.82,11.86,11.5,11.66,84946,99336632.0,0.24,2.1015761821366024
2019-07-02,15:00,sz300354,东华测试,11.68,11.75,11.41,11.48,48651,56109588.0,-0.18,-1.5437392795883362
2019-07-03,15:00,sz300354,东华测试,11.46,11.46,11.16,11.21,34570,38928424.0,-0.27,-2.35191637630662
2019-07-04,15:00,sz300354,东华测试,11.12,11.43,11.08,11.12,36195,40651460.0,-0.09,-0.8028545941123997
2019-07-05,15:00,sz300354,东华测试,11.15,11.28,11.01,11.18,26852,29941184.0,0.06,0.539568345323741
2019-07-08,15:00,sz300354,东华测试,11.18,11.24,10.36,10.42,45615,48351756.0,-0.76,-6.797853309481217
2019-07-09,15:00,sz300354,东华测试,10.45,10.66,10.4,10.61,29456,31086046.0,0.19,1.8234165067178505
2019-07-10,15:00,sz300354,东华测试,10.78,11.08,10.68,10.8,47294,51506152.0,0.19,1.7907634307257303
2019-07-11,15:00,sz300354,东华测试,10.77,10.98,10.62,10.88,33280,36130840.0,0.08,0.7407407407407408
2019-07-12,15:00,sz300354,东华测试,10.91,10.91,10.53,10.73,23861,25591886.0,-0.15,-1.3786764705882353
2019-07-15,15:00,sz300354,东华测试,10.76,11.2,10.67,11.2,42664,46955836.0,0.47,4.380242311276794
2019-07-16,15:00,sz300354,东华测试,11.2,11.96,11.2,11.9,90292,105387712.0,0.7,6.25
2019-07-17,15:00,sz300354,东华测试,11.67,11.89,11.55,11.7,59614,69805864.0,-0.2,-1.680672268907563
2019-07-18,15:00,sz300354,东华测试,11.59,11.9,11.51,11.65,45878,53622840.0,-0.05,-0.4273504273504274
2019-07-19,15:00,sz300354,东华测试,11.65,12.2,11.6,12.06,68450,81463832.0,0.41,3.51931330472103
2019-07-22,15:00,sz300354,东华测试,12.07,12.1,11.0,11.41,58235,66925832.0,-0.65,-5.389718076285241
2019-07-23,15:00,sz300354,东华测试,11.41,12.55,11.41,12.55,43979,54741932.0,1.14,9.991235758106924
2019-07-24,15:00,sz300354,东华测试,13.13,13.81,13.01,13.81,140443,190274336.0,1.26,10.0398406374502
2019-07-25,15:00,sz300354,东华测试,14.0,14.3,12.61,12.67,212276,282573504.0,-1.14,-8.254887762490949
2019-07-26,15:00,sz300354,东华测试,12.35,13.35,12.21,13.15,159613,203753776.0,0.48,3.7884767166535127
2019-07-29,15:00,sz300354,东华测试,13.15,13.3,12.75,12.9,110488,143471520.0,-0.25,-1.9011406844106464
2019-07-30,15:00,sz300354,东华测试,12.81,13.05,12.55,12.68,75502,96692952.0,-0.22,-1.7054263565891472
2019-07-31,15:00,sz300354,东华测试,12.73,13.95,12.73,13.63,186009,250712640.0,0.95,7.49211356466877
2019-08-01,15:00,sz300354,东华测试,13.22,14.08,13.15,13.8,152508,206001728.0,0.17,1.247248716067498
2019-08-02,15:00,sz300354,东华测试,13.0,13.78,12.8,13.27,102656,136277568.0,-0.53,-3.840579710144928
2019-08-05,15:00,sz300354,东华测试,13.57,14.6,13.3,14.6,159604,225076016.0,1.33,10.022607385079125
2019-08-06,15:00,sz300354,东华测试,14.0,16.06,13.88,14.74,274072,413142336.0,0.14,0.9589041095890412
2019-08-07,15:00,sz300354,东华测试,14.41,15.16,13.71,14.07,209604,301373056.0,-0.67,-4.545454545454546
2019-08-08,15:00,sz300354,东华测试,13.84,14.09,13.13,13.4,134055,180296064.0,-0.67,-4.761904761904762
2019-08-09,15:00,sz300354,东华测试,13.6,13.76,12.94,12.99,98398,130870016.0,-0.41,-3.0597014925373136
2019-08-12,15:00,sz300354,东华测试,12.86,13.41,12.54,13.41,92773,122150992.0,0.42,3.233256351039261
2019-08-13,15:00,sz300354,东华测试,13.27,13.29,12.66,13.26,89463,116328000.0,-0.15,-1.1185682326621924
2019-08-14,15:00,sz300354,东华测试,13.46,13.5,12.99,12.99,78973,104711248.0,-0.27,-2.0361990950226243
2019-08-15,15:00,sz300354,东华测试,12.55,12.93,12.45,12.88,72021,91105064.0,-0.11,-0.8468052347959968
2019-08-16,15:00,sz300354,东华测试,12.77,13.08,12.66,12.78,67665,87202952.0,-0.1,-0.7763975155279503
2019-08-19,15:00,sz300354,东华测试,12.77,13.59,12.77,13.43,93891,124584256.0,0.65,5.086071987480438
2019-08-20,15:00,sz300354,东华测试,13.42,14.16,13.34,13.87,105071,144786336.0,0.44,3.276247207743857
2019-08-21,15:00,sz300354,东华测试,13.71,13.98,13.55,13.92,70216,96658816.0,0.05,0.3604902667627974
2019-08-22,15:00,sz300354,东华测试,13.5,13.58,13.01,13.18,89868,118813776.0,-0.74,-5.316091954022988
2019-08-23,15:00,sz300354,东华测试,13.06,13.1,12.51,12.6,66684,84670240.0,-0.58,-4.400606980273141
2019-08-26,15:00,sz300354,东华测试,12.2,12.61,12.15,12.58,36957,45933224.0,-0.02,-0.1587301587301587
2019-08-27,15:00,sz300354,东华测试,12.58,12.8,12.55,12.67,49752,63031692.0,0.09,0.7154213036565978
2019-08-28,15:00,sz300354,东华测试,12.6,12.61,12.4,12.48,29986,37554816.0,-0.19,-1.499605367008682
2019-08-29,15:00,sz300354,东华测试,12.54,12.8,12.42,12.69,41052,52090332.0,0.21,1.6826923076923077
2019-08-30,15:00,sz300354,东华测试,12.74,12.77,12.17,12.34,43494,54327744.0,-0.35,-2.7580772261623325
2019-09-02,15:00,sz300354,东华测试,12.28,13.15,12.28,13.06,78095,100831432.0,0.72,5.834683954619125
2019-09-03,15:00,sz300354,东华测试,13.15,13.2,12.83,13.14,55756,72462048.0,0.08,0.6125574272588056
2019-09-04,15:00,sz300354,东华测试,13.05,13.08,12.78,13.03,45042,58265036.0,-0.11,-0.837138508371385
2019-09-05,15:00,sz300354,东华测试,13.0,13.4,12.99,13.04,71558,94424112.0,0.01,0.076745970836531
2019-09-06,15:00,sz300354,东华测试,13.06,13.79,13.06,13.76,108767,147101408.0,0.72,5.521472392638037
2019-09-09,15:00,sz300354,东华测试,13.76,14.3,13.74,14.1,104497,146863712.0,0.34,2.4709302325581395
2019-09-10,15:00,sz300354,东华测试,14.1,14.14,13.71,14.03,67845,94366872.0,-0.07,-0.4964539007092199
2019-09-11,15:00,sz300354,东华测试,14.01,14.02,13.57,13.59,49817,68610312.0,-0.44,-3.136136849607983
2019-09-12,15:00,sz300354,东华测试,13.67,13.95,13.53,13.79,43912,60448816.0,0.2,1.471670345842531
2019-09-16,15:00,sz300354,东华测试,13.81,14.28,13.75,14.08,70310,98981304.0,0.29,2.102973168963017
2019-09-17,15:00,sz300354,东华测试,14.01,14.08,13.36,13.47,57283,78155464.0,-0.61,-4.332386363636364
2019-09-18,15:00,sz300354,东华测试,13.77,14.82,13.52,14.43,172797,252206704.0,0.96,7.126948775055679
2019-09-19,15:00,sz300354,东华测试,14.12,15.15,14.09,15.01,175395,257700448.0,0.58,4.01940401940402
2019-09-20,15:00,sz300354,东华测试,14.77,14.98,14.48,14.6,87617,128517256.0,-0.41,-2.731512325116589
2019-09-23,15:00,sz300354,东华测试,14.5,15.3,14.0,15.22,88119,128511608.0,0.62,4.2465753424657535
2019-09-24,15:00,sz300354,东华测试,15.0,15.33,14.82,14.86,80681,120976040.0,-0.36,-2.365308804204993
2019-09-25,15:00,sz300354,东华测试,14.66,14.66,13.88,13.95,72129,102457744.0,-0.91,-6.123822341857335
2019-09-26,15:00,sz300354,东华测试,14.06,14.09,12.88,12.94,62042,83083432.0,-1.01,-7.240143369175628
2019-09-27,15:00,sz300354,东华测试,13.01,13.76,12.98,13.47,60784,82036928.0,0.53,4.095826893353941
2019-09-30,15:00,sz300354,东华测试,13.65,13.86,13.12,13.12,40040,53368368.0,-0.35,-2.5983667409057167
2019-10-08,15:00,sz300354,东华测试,13.11,13.58,13.11,13.3,36224,48435096.0,0.18,1.3719512195121952
2019-10-09,15:00,sz300354,东华测试,13.25,13.55,13.05,13.46,31259,41567316.0,0.16,1.2030075187969926
2019-10-10,15:00,sz300354,东华测试,13.36,13.59,13.28,13.59,47038,63299624.0,0.13,0.9658246656760772
2019-10-11,15:00,sz300354,东华测试,13.63,13.79,13.25,13.44,34706,46723608.0,-0.15,-1.1037527593818983
2019-10-14,15:00,sz300354,东华测试,13.55,14.1,13.42,14.09,57060,78781800.0,0.65,4.836309523809524
2019-10-15,15:00,sz300354,东华测试,13.91,14.3,13.73,14.21,64558,90711240.0,0.12,0.8516678495386799
2019-10-16,15:00,sz300354,东华测试,14.08,14.28,13.94,14.1,36079,50878948.0,-0.11,-0.7741027445460943
2019-10-17,15:00,sz300354,东华测试,14.01,14.4,13.99,14.19,40868,58076844.0,0.09,0.6382978723404255
2019-10-18,15:00,sz300354,东华测试,14.19,14.27,13.58,13.9,42175,58510560.0,-0.29,-2.04369274136716
2019-10-21,15:00,sz300354,东华测试,14.5,14.9,13.97,14.02,57229,81901696.0,0.12,0.8633093525179856
2019-10-22,15:00,sz300354,东华测试,14.0,14.29,13.55,14.29,54824,76131264.0,0.27,1.925820256776034
2019-10-23,15:00,sz300354,东华测试,14.15,14.43,13.75,13.81,47985,67727720.0,-0.48,-3.358992302309307
2019-10-24,15:00,sz300354,东华测试,13.71,14.16,13.62,13.78,37805,52515164.0,-0.03,-0.2172338884866039
2019-10-25,15:00,sz300354,东华测试,13.76,13.76,13.17,13.19,53656,71583512.0,-0.59,-4.281567489114659
2019-10-28,15:00,sz300354,东华测试,13.23,14.09,13.23,13.93,61248,83839184.0,0.74,5.610310841546626
2019-10-29,15:00,sz300354,东华测试,13.92,14.3,13.56,13.62,50196,69911264.0,-0.31,-2.2254127781765973
2019-10-30,15:00,sz300354,东华测试,13.62,13.63,13.0,13.08,42416,56165004.0,-0.54,-3.9647577092511015
2019-10-31,15:00,sz300354,东华测试,12.9,13.23,12.3,12.49,51646,65530512.0,-0.59,-4.510703363914373
2019-11-01,15:00,sz300354,东华测试,12.42,13.04,12.42,12.94,38297,49100256.0,0.45,3.602882305844676
2019-11-04,15:00,sz300354,东华测试,12.94,13.46,12.92,13.29,41162,54616000.0,0.35,2.7047913446676968
2019-11-05,15:00,sz300354,东华测试,13.35,13.42,13.08,13.29,22649,30033348.0,0.0,0.0
2019-11-06,15:00,sz300354,东华测试,13.29,13.5,12.77,12.87,21097,27427534.0,-0.42,-3.160270880361174
2019-11-07,15:00,sz300354,东华测试,12.87,13.06,12.78,12.99,16930,21871312.0,0.12,0.9324009324009324
2019-11-08,15:00,sz300354,东华测试,12.99,13.1,12.56,12.67,29825,38002424.0,-0.32,-2.4634334103156275
2019-11-11,15:00,sz300354,东华测试,12.53,12.55,12.04,12.08,28358,34666496.0,-0.59,-4.656669297553275
2019-11-12,15:00,sz300354,东华测试,12.12,12.25,11.74,12.24,27843,33500982.0,0.16,1.3245033112582782
2019-11-13,15:00,sz300354,东华测试,12.25,12.33,12.1,12.23,15920,19452406.0,-0.01,-0.0816993464052287
2019-11-14,15:00,sz300354,东华测试,12.33,12.36,12.0,12.26,14999,18320316.0,0.03,0.2452984464431725
2019-11-15,15:00,sz300354,东华测试,12.29,12.29,11.8,11.94,19500,23425964.0,-0.32,-2.6101141924959217
2019-11-18,15:00,sz300354,东华测试,11.97,12.11,11.88,11.98,15195,18224588.0,0.04,0.3350083752093802
2019-11-19,15:00,sz300354,东华测试,12.01,12.34,12.01,12.31,20213,24727380.0,0.33,2.7545909849749584
2019-11-20,15:00,sz300354,东华测试,12.32,12.39,12.14,12.23,17638,21624128.0,-0.08,-0.6498781478472786
2019-11-21,15:00,sz300354,东华测试,12.15,12.19,11.97,12.09,12468,15043248.0,-0.14,-1.1447260834014716
2019-11-22,15:00,sz300354,东华测试,12.09,12.26,11.76,11.85,20402,24394160.0,-0.24,-1.9851116625310172
2019-11-25,15:00,sz300354,东华测试,11.87,11.88,11.4,11.51,22160,25641504.0,-0.34,-2.869198312236287
2019-11-26,15:00,sz300354,东华测试,11.55,11.7,11.3,11.35,19407,22258824.0,-0.16,-1.3900955690703736
2019-11-27,15:00,sz300354,东华测试,11.46,11.71,11.2,11.49,25600,29518222.0,0.14,1.2334801762114538
2019-11-28,15:00,sz300354,东华测试,11.48,11.62,11.21,11.3,18276,20780332.0,-0.19,-1.6536118363794603
2019-11-29,15:00,sz300354,东华测试,11.34,11.44,11.08,11.31,16789,18890624.0,0.01,0.0884955752212389
2019-12-02,15:00,sz300354,东华测试,11.3,11.36,11.1,11.24,15502,17430496.0,-0.07,-0.618921308576481
2019-12-03,15:00,sz300354,东华测试,11.24,11.5,11.1,11.5,18418,20818404.0,0.26,2.3131672597864767
2019-12-04,15:00,sz300354,东华测试,11.37,11.54,11.33,11.46,14954,17124098.0,-0.04,-0.3478260869565217
2019-12-05,15:00,sz300354,东华测试,11.46,11.65,11.41,11.61,26452,30606416.0,0.15,1.3089005235602094
2019-12-06,15:00,sz300354,东华测试,11.62,11.67,11.5,11.62,14855,17228428.0,0.01,0.0861326442721791
2019-12-09,15:00,sz300354,东华测试,11.71,11.75,11.55,11.6,14570,16923460.0,-0.02,-0.1721170395869191
2019-12-10,15:00,sz300354,东华测试,11.51,11.65,11.48,11.63,15328,17734024.0,0.03,0.2586206896551724
2019-12-11,15:00,sz300354,东华测试,11.63,11.71,11.52,11.59,14993,17410912.0,-0.04,-0.3439380911435941
2019-12-12,15:00,sz300354,东华测试,11.59,11.94,11.57,11.71,31227,36804836.0,0.12,1.0353753235547885
2019-12-13,15:00,sz300354,东华测试,11.71,11.98,11.71,11.96,22718,26946990.0,0.25,2.134927412467976
2019-12-16,15:00,sz300354,东华测试,11.9,12.17,11.83,12.16,22950,27569022.0,0.2,1.6722408026755853
2019-12-17,15:00,sz300354,东华测试,12.14,12.3,12.08,12.25,23577,28806382.0,0.09,0.7401315789473684
2019-12-18,15:00,sz300354,东华测试,12.32,12.6,12.27,12.36,32480,40431756.0,0.11,0.8979591836734694
2019-12-19,15:00,sz300354,东华测试,12.43,12.75,12.37,12.66,26290,33149866.0,0.3,2.4271844660194173
2019-12-20,15:00,sz300354,东华测试,12.69,12.75,12.2,12.24,26335,32696634.0,-0.42,-3.3175355450236967
2019-12-23,15:00,sz300354,东华测试,12.48,12.65,12.0,12.09,34119,42188924.0,-0.15,-1.2254901960784317
2019-12-24,15:00,sz300354,东华测试,12.07,12.88,12.07,12.68,54957,69137384.0,0.59,4.880066170388751
2019-12-25,15:00,sz300354,东华测试,12.55,12.65,12.34,12.45,37894,47229640.0,-0.23,-1.8138801261829656
2019-12-26,15:00,sz300354,东华测试,12.45,12.89,12.38,12.89,49528,62882752.0,0.44,3.5341365461847385
2019-12-27,15:00,sz300354,东华测试,12.89,12.91,12.48,12.52,43050,54464764.0,-0.37,-2.87044220325834
2019-12-30,15:00,sz300354,东华测试,12.32,12.44,12.12,12.33,27355,33635876.0,-0.19,-1.5175718849840254
2019-12-31,15:00,sz300354,东华测试,12.33,12.56,12.32,12.35,17986,22300650.0,0.02,0.16220600162206
2020-01-02,15:00,sz300354,东华测试,12.43,12.84,12.4,12.75,36536,46421824.0,0.4,3.238866396761133
2020-01-03,15:00,sz300354,东华测试,12.67,13.18,12.65,13.0,44183,57277660.0,0.25,1.96078431372549
2020-01-06,15:00,sz300354,东华测试,13.03,13.14,12.85,12.88,37201,48279520.0,-0.12,-0.9230769230769232
2020-01-07,15:00,sz300354,东华测试,12.93,13.09,12.79,13.03,29587,38299484.0,0.15,1.1645962732919255
2020-01-08,15:00,sz300354,东华测试,12.92,13.02,12.58,12.64,30603,39129812.0,-0.39,-2.9930928626247124
2020-01-09,15:00,sz300354,东华测试,12.77,12.97,12.76,12.9,23203,29862854.0,0.26,2.056962025316456
2020-01-10,15:00,sz300354,东华测试,12.82,12.87,12.54,12.75,33631,42747440.0,-0.15,-1.162790697674419
2020-01-13,15:00,sz300354,东华测试,12.77,12.85,12.58,12.77,23485,29796244.0,0.02,0.1568627450980392
2020-01-14,15:00,sz300354,东华测试,12.79,12.83,12.58,12.59,19754,25007940.0,-0.18,-1.4095536413469067
2020-01-15,15:00,sz300354,东华测试,12.58,12.62,12.29,12.35,22182,27509486.0,-0.24,-1.906274821286736
2020-01-16,15:00,sz300354,东华测试,12.31,12.45,12.18,12.18,18434,22711266.0,-0.17,-1.376518218623482
2020-01-17,15:00,sz300354,东华测试,12.23,12.45,12.15,12.19,18210,22390580.0,0.01,0.0821018062397372
2020-01-20,15:00,sz300354,东华测试,12.17,12.47,11.84,12.47,28836,35117712.0,0.28,2.2969647251845777
2020-01-21,15:00,sz300354,东华测试,12.42,12.57,12.18,12.3,22406,27775972.0,-0.17,-1.36327185244587
2020-01-22,15:00,sz300354,东华测试,12.1,12.46,11.96,12.38,18398,22514860.0,0.08,0.6504065040650406
2020-01-23,15:00,sz300354,东华测试,12.36,12.43,11.77,11.98,23310,28177614.0,-0.4,-3.231017770597738
2020-02-03,15:00,sz300354,东华测试,10.78,10.78,10.78,10.78,4657,5020246.0,-1.2,-10.01669449081803
2020-02-04,15:00,sz300354,东华测试,9.75,10.51,9.75,10.26,32128,32976100.0,-0.52,-4.823747680890538
2020-02-05,15:00,sz300354,东华测试,10.27,10.82,10.27,10.6,24357,25914496.0,0.34,3.313840155945419
2020-02-06,15:00,sz300354,东华测试,10.62,10.95,10.54,10.84,23252,25109378.0,0.24,2.2641509433962264
2020-02-07,15:00,sz300354,东华测试,10.85,11.16,10.81,11.12,20630,22690996.0,0.28,2.5830258302583027
2020-02-10,15:00,sz300354,东华测试,11.05,11.37,11.0,11.21,21075,23582472.0,0.09,0.8093525179856115
2020-02-11,15:00,sz300354,东华测试,11.24,11.31,10.98,11.03,16987,18860904.0,-0.18,-1.6057091882247994
2020-02-12,15:00,sz300354,东华测试,10.99,11.23,10.8,11.23,17909,19906676.0,0.2,1.813236627379873
2020-02-13,15:00,sz300354,东华测试,11.24,11.27,11.03,11.06,16786,18712544.0,-0.17,-1.5138023152270703
2020-02-14,15:00,sz300354,东华测试,11.0,11.26,10.96,11.13,18634,20698598.0,0.07,0.6329113924050633
2020-02-17,15:00,sz300354,东华测试,11.24,11.7,11.24,11.65,31303,36091240.0,0.52,4.672057502246182
2020-02-18,15:00,sz300354,东华测试,12.09,12.54,11.85,12.07,51701,62748100.0,0.42,3.6051502145922742
2020-02-19,15:00,sz300354,东华测试,12.06,12.49,11.92,12.32,58125,71291448.0,0.25,2.071251035625518
2020-02-20,15:00,sz300354,东华测试,12.21,12.48,12.01,12.38,46876,57537764.0,0.06,0.487012987012987
2020-02-21,15:00,sz300354,东华测试,12.4,12.73,12.37,12.48,50628,63480424.0,0.1,0.8077544426494345
2020-02-24,15:00,sz300354,东华测试,12.4,13.56,12.35,13.2,82787,107253352.0,0.72,5.769230769230769
2020-02-25,15:00,sz300354,东华测试,12.83,13.4,12.46,13.35,89177,115466856.0,0.15,1.1363636363636365
2020-02-26,15:00,sz300354,东华测试,13.11,13.17,12.45,12.6,61523,78970392.0,-0.75,-5.617977528089887
2020-02-27,15:00,sz300354,东华测试,12.6,12.85,12.58,12.61,35509,45157932.0,0.01,0.0793650793650793
2020-02-28,15:00,sz300354,东华测试,12.18,12.33,11.64,11.7,46892,56368428.0,-0.91,-7.216494845360824
2020-03-02,15:00,sz300354,东华测试,11.77,12.87,11.77,12.87,64460,80978896.0,1.17,10.0
2020-03-03,15:00,sz300354,东华测试,12.94,13.3,12.78,12.91,72962,95201520.0,0.04,0.3108003108003108
2020-03-04,15:00,sz300354,东华测试,12.83,13.58,12.71,13.29,72905,96624512.0,0.38,2.943454686289698
2020-03-05,15:00,sz300354,东华测试,13.4,13.55,13.13,13.25,52111,69280768.0,-0.04,-0.3009781790820165
2020-03-06,15:00,sz300354,东华测试,13.08,13.4,13.0,13.18,36844,48668016.0,-0.07,-0.5283018867924528
2020-03-09,15:00,sz300354,东华测试,12.95,13.12,12.62,12.64,42773,54911276.0,-0.54,-4.09711684370258
2020-03-10,15:00,sz300354,东华测试,12.48,13.19,12.17,13.18,48716,62003400.0,0.54,4.272151898734177
2020-03-11,15:00,sz300354,东华测试,13.15,13.58,12.85,12.93,46011,60817152.0,-0.25,-1.896813353566009
2020-03-12,15:00,sz300354,东华测试,12.72,12.88,12.5,12.65,29940,37960720.0,-0.28,-2.165506573859242
2020-03-13,15:00,sz300354,东华测试,11.99,12.65,11.81,12.42,34568,42119400.0,-0.23,-1.818181818181818
2020-03-16,15:00,sz300354,东华测试,12.52,12.8,11.9,11.97,31539,39095868.0,-0.45,-3.6231884057971016
2020-03-17,15:00,sz300354,东华测试,12.21,12.31,11.32,11.75,27735,32555456.0,-0.22,-1.8379281537176275
2020-03-18,15:00,sz300354,东华测试,11.85,12.05,11.35,11.37,30794,36017000.0,-0.38,-3.234042553191489
2020-03-19,15:00,sz300354,东华测试,11.15,11.54,11.15,11.49,24452,27759042.0,0.12,1.0554089709762533
2020-03-20,15:00,sz300354,东华测试,11.58,11.8,11.55,11.73,21817,25490150.0,0.24,2.088772845953003
2020-03-23,15:00,sz300354,东华测试,11.58,11.95,11.36,11.43,24171,28195560.0,-0.3,-2.557544757033248
2020-03-24,15:00,sz300354,东华测试,11.7,11.71,11.28,11.68,19396,22377406.0,0.25,2.187226596675416
2020-03-25,15:00,sz300354,东华测试,11.8,11.92,11.7,11.82,22553,26632994.0,0.14,1.1986301369863013
2020-03-26,15:00,sz300354,东华测试,11.75,11.77,11.5,11.59,18584,21625004.0,-0.23,-1.94585448392555
2020-03-27,15:00,sz300354,东华测试,11.67,11.75,11.49,11.5,14435,16779592.0,-0.09,-0.7765314926660914
2020-03-30,15:00,sz300354,东华测试,11.37,11.38,10.81,11.04,23296,25587704.0,-0.46,-4.0
2020-03-31,15:00,sz300354,东华测试,11.1,11.29,10.97,11.05,13914,15472583.0,0.01,0.0905797101449275
2020-04-01,15:00,sz300354,东华测试,11.09,11.25,10.86,10.96,13691,15173974.0,-0.09,-0.8144796380090499
2020-04-02,15:00,sz300354,东华测试,10.9,11.34,10.88,11.31,16349,18213552.0,0.35,3.1934306569343067
2020-04-03,15:00,sz300354,东华测试,11.22,11.33,11.09,11.24,13399,15015582.0,-0.07,-0.618921308576481
2020-04-07,15:00,sz300354,东华测试,11.34,11.6,11.34,11.58,15999,18408582.0,0.34,3.0249110320284696
2020-04-08,15:00,sz300354,东华测试,11.54,11.85,11.46,11.81,17853,20887072.0,0.23,1.986183074265976
2020-04-09,15:00,sz300354,东华测试,11.86,12.11,11.75,12.02,27350,32780214.0,0.21,1.7781541066892466
2020-04-10,15:00,sz300354,东华测试,12.03,12.09,11.49,11.61,24182,28284624.0,-0.41,-3.4109816971713807
2020-04-13,15:00,sz300354,东华测试,11.48,11.5,11.09,11.17,22700,25485866.0,-0.44,-3.7898363479758825
2020-04-14,15:00,sz300354,东华测试,11.24,11.45,11.14,11.39,18303,20696714.0,0.22,1.9695613249776187
2020-04-15,15:00,sz300354,东华测试,11.38,11.47,11.15,11.16,20154,22762982.0,-0.23,-2.019315188762072
2020-04-16,15:00,sz300354,东华测试,11.13,11.28,11.0,11.25,13708,15329528.0,0.09,0.8064516129032258
2020-04-17,15:00,sz300354,东华测试,11.29,11.36,11.07,11.13,17421,19580486.0,-0.12,-1.0666666666666669
2020-04-20,15:00,sz300354,东华测试,11.14,11.24,11.08,11.23,11223,12549905.0,0.1,0.8984725965858041
2020-04-21,15:00,sz300354,东华测试,11.24,11.24,10.98,11.15,14602,16205283.0,-0.08,-0.7123775601068566
2020-04-22,15:00,sz300354,东华测试,11.06,11.2,10.95,11.18,11303,12560550.0,0.03,0.2690582959641255
2020-04-23,15:00,sz300354,东华测试,11.21,11.43,11.12,11.24,20063,22626344.0,0.06,0.5366726296958855
2020-04-24,15:00,sz300354,东华测试,11.23,11.24,10.97,11.04,13172,14623050.0,-0.2,-1.7793594306049825
2020-04-27,15:00,sz300354,东华测试,11.04,11.22,10.95,11.05,12841,14282786.0,0.01,0.0905797101449275
2020-04-28,15:00,sz300354,东华测试,11.09,11.16,10.33,10.67,20206,21620340.0,-0.38,-3.438914027149321
2020-04-29,15:00,sz300354,东华测试,10.59,10.88,10.52,10.77,12761,13782812.0,0.1,0.937207122774133
2020-04-30,15:00,sz300354,东华测试,10.77,11.06,10.76,11.0,13741,15071662.0,0.23,2.1355617455896008
2020-05-06,15:00,sz300354,东华测试,10.86,11.19,10.86,11.18,13968,15447044.0,0.18,1.6363636363636365
2020-05-07,15:00,sz300354,东华测试,11.18,11.29,11.07,11.11,13545,15120317.0,-0.07,-0.6261180679785331
2020-05-08,15:00,sz300354,东华测试,11.19,11.3,11.19,11.21,14483,16280437.0,0.1,0.9000900090009001
2020-05-11,15:00,sz300354,东华测试,11.21,11.27,11.12,11.16,15813,17710300.0,-0.05,-0.4460303300624442
2020-05-12,15:00,sz300354,东华测试,11.25,11.26,10.9,11.08,14825,16426120.0,-0.08,-0.7168458781362007
2020-05-13,15:00,sz300354,东华测试,11.08,11.67,11.03,11.41,37949,43364108.0,0.33,2.9783393501805056
2020-05-14,15:00,sz300354,东华测试,11.31,11.35,11.15,11.19,22595,25389628.0,-0.22,-1.9281332164767744
2020-05-15,15:00,sz300354,东华测试,11.21,11.28,11.16,11.16,15160,16997454.0,-0.03,-0.2680965147453083
2020-05-18,15:00,sz300354,东华测试,11.15,11.16,10.96,10.98,14054,15513832.0,-0.18,-1.6129032258064515
2020-05-19,15:00,sz300354,东华测试,11.05,11.15,11.01,11.15,11720,13004138.0,0.17,1.5482695810564664
2020-05-20,15:00,sz300354,东华测试,11.13,11.13,10.88,10.95,16175,17737194.0,-0.2,-1.7937219730941705
2020-05-21,15:00,sz300354,东华测试,11.0,11.08,10.85,10.92,11298,12373532.0,-0.03,-0.273972602739726
2020-05-22,15:00,sz300354,东华测试,10.92,10.95,10.69,10.82,11348,12253782.0,-0.1,-0.9157509157509158
2020-05-25,15:00,sz300354,东华测试,10.81,10.86,10.58,10.61,9710,10363236.0,-0.21,-1.9408502772643248
2020-05-26,15:00,sz300354,东华测试,10.74,10.92,10.62,10.91,12305,13301223.0,0.3,2.827521206409048
2020-05-27,15:00,sz300354,东华测试,10.93,11.09,10.85,10.96,15807,17340428.0,0.05,0.458295142071494
2020-05-28,15:00,sz300354,东华测试,11.04,11.04,10.6,10.98,14431,15654261.0,0.02,0.1824817518248175
2020-05-29,15:00,sz300354,东华测试,10.9,11.05,10.8,10.99,11336,12416735.0,0.01,0.0910746812386156
2020-06-01,15:00,sz300354,东华测试,10.95,11.26,10.95,11.23,16949,18882196.0,0.24,2.1838034576888083
2020-06-02,15:00,sz300354,东华测试,11.22,11.35,11.15,11.28,16635,18761600.0,0.05,0.4452359750667853
2020-06-03,15:00,sz300354,东华测试,11.29,11.57,11.21,11.3,23415,26661220.0,0.02,0.1773049645390071
2020-06-04,15:00,sz300354,东华测试,11.3,11.41,11.18,11.32,13420,15148894.0,0.02,0.1769911504424778
2020-06-05,15:00,sz300354,东华测试,11.31,11.37,11.11,11.29,11086,12470314.0,-0.03,-0.2650176678445229
2020-06-08,15:00,sz300354,东华测试,11.36,11.39,11.18,11.23,9723,10931784.0,-0.06,-0.5314437555358724
2020-06-09,15:00,sz300354,东华测试,11.23,11.5,11.15,11.33,16013,18134812.0,0.1,0.8904719501335707
2020-06-10,15:00,sz300354,东华测试,11.33,11.33,11.13,11.21,9608,10757581.0,-0.12,-1.059135039717564
2020-06-11,15:00,sz300354,东华测试,11.23,11.28,11.1,11.2,11310,12660843.0,-0.01,-0.0892060660124888
2020-06-12,15:00,sz300354,东华测试,11.08,11.2,10.95,11.16,12485,13817716.0,-0.04,-0.3571428571428571
2020-06-15,15:00,sz300354,东华测试,11.06,11.38,11.06,11.22,12755,14357249.0,0.06,0.5376344086021506
2020-06-16,15:00,sz300354,东华测试,11.35,11.44,11.21,11.44,14533,16504700.0,0.22,1.96078431372549
2020-06-17,15:00,sz300354,东华测试,11.57,11.69,11.44,11.53,26119,30156280.0,0.09,0.7867132867132868
2020-06-18,15:00,sz300354,东华测试,11.48,11.96,11.46,11.72,33286,39062588.0,0.19,1.647875108412836
2020-06-19,15:00,sz300354,东华测试,11.69,11.77,11.6,11.74,19346,22593706.0,0.02,0.1706484641638225
2020-06-22,15:00,sz300354,东华测试,11.81,11.82,11.61,11.65,15446,18090454.0,-0.09,-0.7666098807495741
2020-06-23,15:00,sz300354,东华测试,11.66,11.71,11.56,11.6,11690,13592460.0,-0.05,-0.4291845493562232
2020-06-24,15:00,sz300354,东华测试,11.68,12.07,11.62,11.8,25884,30681688.0,0.2,1.7241379310344829
2020-06-29,15:00,sz300354,东华测试,12.03,12.06,11.76,11.91,22747,27115492.0,0.11,0.9322033898305084
2020-06-30,15:00,sz300354,东华测试,11.87,12.28,11.87,12.17,29242,35550980.0,0.26,2.18303946263644
2020-07-01,15:00,sz300354,东华测试,12.16,12.29,12.0,12.1,20092,24379446.0,-0.07,-0.5751848808545604
2020-07-02,15:00,sz300354,东华测试,12.19,12.19,12.0,12.13,21149,25547252.0,0.03,0.2479338842975206
2020-07-03,15:00,sz300354,东华测试,12.13,12.26,12.08,12.24,22486,27397360.0,0.11,0.9068425391591096
2020-07-06,15:00,sz300354,东华测试,12.24,12.64,12.21,12.63,35102,43927068.0,0.39,3.1862745098039214
2020-07-07,15:00,sz300354,东华测试,12.63,12.83,12.5,12.63,30575,38848636.0,0.0,0.0
2020-07-08,15:00,sz300354,东华测试,12.65,13.06,12.62,12.98,30318,39098828.0,0.35,2.771179730799683
2020-07-09,15:00,sz300354,东华测试,13.0,13.38,12.95,13.3,39598,52533624.0,0.32,2.465331278890601
2020-07-10,15:00,sz300354,东华测试,13.28,13.56,12.96,13.02,41235,54608184.0,-0.28,-2.1052631578947367
2020-07-13,15:00,sz300354,东华测试,13.05,14.0,13.05,13.92,51770,71076512.0,0.9,6.912442396313365
2020-07-14,15:00,sz300354,东华测试,13.95,14.03,13.39,13.81,46641,64014796.0,-0.11,-0.7902298850574714
2020-07-15,15:00,sz300354,东华测试,13.81,13.94,13.05,13.12,39279,52532192.0,-0.69,-4.996379435191891
2020-07-16,15:00,sz300354,东华测试,13.2,13.42,12.7,12.74,35709,46856916.0,-0.38,-2.8963414634146343
2020-07-17,15:00,sz300354,东华测试,12.86,12.98,12.6,12.92,20039,25687090.0,0.18,1.4128728414442702
2020-07-20,15:00,sz300354,东华测试,12.97,13.75,12.97,13.62,39885,53724624.0,0.7,5.41795665634675
2020-07-21,15:00,sz300354,东华测试,13.73,13.8,13.5,13.64,25211,34344872.0,0.02,0.1468428781204111
2020-07-22,15:00,sz300354,东华测试,13.6,14.29,13.5,13.9,56004,77492024.0,0.26,1.906158357771261
2020-07-23,15:00,sz300354,东华测试,13.89,13.89,13.36,13.72,33991,46334276.0,-0.18,-1.2949640287769784
2020-07-24,15:00,sz300354,东华测试,13.68,14.08,13.19,13.2,38949,53128756.0,-0.52,-3.7900874635568513
2020-07-27,15:00,sz300354,东华测试,13.1,13.62,13.06,13.17,23618,31401640.0,-0.03,-0.2272727272727272
2020-07-28,15:00,sz300354,东华测试,13.33,14.28,13.22,13.94,54904,76262240.0,0.77,5.8466211085801065
2020-07-29,15:00,sz300354,东华测试,13.99,14.41,13.86,14.33,42316,59730132.0,0.39,2.797704447632712
2020-07-30,15:00,sz300354,东华测试,14.27,14.47,14.03,14.11,30415,43186404.0,-0.22,-1.5352407536636423
2020-07-31,15:00,sz300354,东华测试,14.13,14.95,14.1,14.59,47510,69144968.0,0.48,3.401842664776754
2020-08-03,15:00,sz300354,东华测试,14.75,16.05,14.6,15.84,85849,133721776.0,1.25,8.567511994516792
2020-08-04,15:00,sz300354,东华测试,15.87,15.92,14.9,15.1,85068,131616208.0,-0.74,-4.671717171717172
2020-08-05,15:00,sz300354,东华测试,15.02,15.17,14.74,14.79,47405,70730488.0,-0.31,-2.052980132450331
2020-08-06,15:00,sz300354,东华测试,15.0,15.85,14.94,15.75,71392,110813880.0,0.96,6.490872210953347
2020-08-07,15:00,sz300354,东华测试,15.76,17.27,15.47,16.77,111293,183851088.0,1.02,6.476190476190475
2020-08-10,15:00,sz300354,东华测试,16.44,18.36,16.44,16.74,110518,190499920.0,-0.03,-0.1788908765652951
2020-08-11,15:00,sz300354,东华测试,16.67,16.98,16.09,16.15,65328,107090216.0,-0.59,-3.524492234169654
2020-08-12,15:00,sz300354,东华测试,15.76,16.31,15.18,15.78,57110,89334032.0,-0.37,-2.291021671826625
2020-08-13,15:00,sz300354,东华测试,15.76,17.02,15.45,17.01,70278,115042912.0,1.23,7.79467680608365
2020-08-14,15:00,sz300354,东华测试,17.16,17.16,16.4,16.7,46762,77837496.0,-0.31,-1.8224573780129336
2020-08-17,15:00,sz300354,东华测试,16.59,17.8,16.41,17.1,66730,114245784.0,0.4,2.395209580838324
2020-08-18,15:00,sz300354,东华测试,17.01,17.73,16.85,17.21,51632,89293240.0,0.11,0.6432748538011697
2020-08-19,15:00,sz300354,东华测试,17.14,17.14,16.4,16.52,49839,83010472.0,-0.69,-4.009296920395119
2020-08-20,15:00,sz300354,东华测试,16.53,16.68,15.78,15.96,37246,60305808.0,-0.56,-3.389830508474576
2020-08-21,15:00,sz300354,东华测试,16.0,16.59,15.87,16.19,35737,57774368.0,0.23,1.4411027568922306
2020-08-24,15:00,sz300354,东华测试,16.19,17.49,15.68,17.49,65302,110067056.0,1.3,8.029647930821495
2020-08-25,15:00,sz300354,东华测试,17.34,18.39,17.34,17.64,73952,131968608.0,0.15,0.8576329331046313
2020-08-26,15:00,sz300354,东华测试,17.85,17.98,16.31,16.4,60675,102824424.0,-1.24,-7.029478458049887
2020-08-27,15:00,sz300354,东华测试,16.48,17.2,15.99,16.7,52129,86520144.0,0.3,1.829268292682927
2020-08-28,15:00,sz300354,东华测试,16.68,17.69,16.38,17.45,56203,96914008.0,0.75,4.491017964071856
2020-08-31,15:00,sz300354,东华测试,17.3,17.78,17.0,17.15,46629,80562472.0,-0.3,-1.7191977077363898
2020-09-01,15:00,sz300354,东华测试,17.2,17.54,16.88,17.0,42832,73336008.0,-0.15,-0.8746355685131195
2020-09-02,15:00,sz300354,东华测试,17.3,18.95,17.29,18.3,116281,212141104.0,1.3,7.647058823529412
2020-09-03,15:00,sz300354,东华测试,18.01,18.44,17.5,17.6,68697,122276344.0,-0.7,-3.825136612021858
2020-09-04,15:00,sz300354,东华测试,17.2,18.87,17.0,18.8,92860,170344880.0,1.2,6.8181818181818175
2020-09-07,15:00,sz300354,东华测试,18.84,19.45,18.22,18.48,85799,160459376.0,-0.32,-1.702127659574468
2020-09-08,15:00,sz300354,东华测试,18.58,19.19,18.11,18.87,65739,122793832.0,0.39,2.1103896103896105
2020-09-09,15:00,sz300354,东华测试,18.5,20.53,18.31,19.5,120666,234875104.0,0.63,3.338632750397456
2020-09-10,15:00,sz300354,东华测试,19.4,20.3,18.86,20.14,110528,217392144.0,0.64,3.282051282051282
2020-09-11,15:00,sz300354,东华测试,19.29,19.85,16.12,19.49,98878,180120752.0,-0.65,-3.227408142999007
2020-09-14,15:00,sz300354,东华测试,19.1,20.13,18.9,19.58,70993,139198240.0,0.09,0.4617752693689071
2020-09-15,15:00,sz300354,东华测试,19.7,19.7,18.0,18.11,78339,145664224.0,-1.47,-7.507660878447394
2020-09-16,15:00,sz300354,东华测试,18.14,18.14,17.01,17.81,65786,115222680.0,-0.3,-1.6565433462175594
2020-09-17,15:00,sz300354,东华测试,17.85,18.18,17.35,17.74,35454,63056248.0,-0.07,-0.3930376193149915
2020-09-18,15:00,sz300354,东华测试,17.6,18.02,17.28,17.96,34460,60769872.0,0.22,1.2401352874859075
2020-09-21,15:00,sz300354,东华测试,17.69,19.28,17.42,18.65,54690,101350720.0,0.69,3.841870824053452
2020-09-22,15:00,sz300354,东华测试,18.48,18.79,18.1,18.2,32073,59013964.0,-0.45,-2.412868632707774
2020-09-23,15:00,sz300354,东华测试,18.22,18.28,17.64,17.8,24955,44694936.0,-0.4,-2.197802197802198
2020-09-24,15:00,sz300354,东华测试,17.73,17.92,16.9,17.44,34731,59999064.0,-0.36,-2.02247191011236
2020-09-25,15:00,sz300354,东华测试,17.02,18.1,17.02,17.78,32386,57343768.0,0.34,1.94954128440367
2020-09-28,15:00,sz300354,东华测试,17.9,18.16,17.39,17.6,26332,46855620.0,-0.18,-1.0123734533183353
2020-09-29,15:00,sz300354,东华测试,18.3,18.3,17.16,17.62,28775,50582948.0,0.02,0.1136363636363636
2020-09-30,15:00,sz300354,东华测试,17.65,17.91,17.15,17.48,27671,48541444.0,-0.14,-0.7945516458569807
2020-10-09,15:00,sz300354,东华测试,17.67,18.8,17.51,18.6,47231,87022568.0,1.12,6.407322654462242
2020-10-12,15:00,sz300354,东华测试,18.68,19.41,18.68,19.22,40971,78381392.0,0.62,3.333333333333333
2020-10-13,15:00,sz300354,东华测试,18.74,19.3,18.33,18.98,56093,105111280.0,-0.24,-1.2486992715920917
2020-10-14,15:00,sz300354,东华测试,19.07,19.91,18.88,19.4,54546,105554992.0,0.42,2.212855637513172
2020-10-15,15:00,sz300354,东华测试,19.45,19.45,18.67,18.67,28262,53333792.0,-0.73,-3.762886597938144
2020-10-16,15:00,sz300354,东华测试,18.5,19.61,18.5,19.38,37580,72015736.0,0.71,3.802892340653455
2020-10-19,15:00,sz300354,东华测试,19.57,19.58,18.6,18.69,26911,51013496.0,-0.69,-3.560371517027864
2020-10-20,15:00,sz300354,东华测试,18.65,19.08,18.38,18.88,16567,30949122.0,0.19,1.0165864098448367
2020-10-21,15:00,sz300354,东华测试,18.85,19.08,17.76,18.24,33790,61555152.0,-0.64,-3.389830508474576
2020-10-22,15:00,sz300354,东华测试,18.24,18.39,17.6,18.1,14868,26861894.0,-0.14,-0.7675438596491228
2020-10-23,15:00,sz300354,东华测试,18.29,18.33,17.52,17.56,15735,28075504.0,-0.54,-2.983425414364641
2020-10-26,15:00,sz300354,东华测试,17.65,17.96,17.22,17.57,15980,28225014.0,0.01,0.0569476082004555
2020-10-27,15:00,sz300354,东华测试,17.9,18.38,17.44,17.75,22678,40598584.0,0.18,1.024473534433694
2020-10-28,15:00,sz300354,东华测试,17.58,18.08,17.35,17.9,21186,37733088.0,0.15,0.8450704225352111
2020-10-29,15:00,sz300354,东华测试,17.76,18.25,17.56,18.19,18143,32690828.0,0.29,1.6201117318435754
2020-10-30,15:00,sz300354,东华测试,18.2,18.88,17.87,17.92,33959,62814552.0,-0.27,-1.4843320505772404
2020-11-02,15:00,sz300354,东华测试,18.0,18.24,17.6,17.75,19606,34906780.0,-0.17,-0.9486607142857142
2020-11-03,15:00,sz300354,东华测试,17.75,17.8,17.22,17.37,25312,44280640.0,-0.38,-2.140845070422535
2020-11-04,15:00,sz300354,东华测试,17.37,18.05,16.64,17.86,43712,76232840.0,0.49,2.8209556706966032
2020-11-05,15:00,sz300354,东华测试,17.75,18.14,17.73,18.04,22630,40574464.0,0.18,1.007838745800672
2020-11-06,15:00,sz300354,东华测试,18.04,18.13,17.56,17.8,15929,28314402.0,-0.24,-1.3303769401330376
2020-11-09,15:00,sz300354,东华测试,17.94,19.2,17.61,18.86,54371,101811480.0,1.06,5.955056179775281
2020-11-10,15:00,sz300354,东华测试,19.14,19.14,18.49,18.67,22351,41901168.0,-0.19,-1.007423117709438
2020-11-11,15:00,sz300354,东华测试,18.55,18.73,17.87,18.14,20982,38228240.0,-0.53,-2.8387787895018746
2020-11-12,15:00,sz300354,东华测试,18.14,18.14,17.46,17.62,16174,28662376.0,-0.52,-2.8665931642778397
2020-11-13,15:00,sz300354,东华测试,17.63,17.76,17.23,17.7,10673,18689224.0,0.08,0.4540295119182747
2020-11-16,15:00,sz300354,东华测试,17.76,17.76,17.08,17.13,13830,23886776.0,-0.57,-3.2203389830508478
2020-11-17,15:00,sz300354,东华测试,17.2,17.26,16.81,17.2,10037,17100514.0,0.07,0.4086398131932283
2020-11-18,15:00,sz300354,东华测试,17.22,17.9,17.11,17.25,10001,17330950.0,0.05,0.2906976744186046
2020-11-19,15:00,sz300354,东华测试,17.04,17.35,17.0,17.3,6059,10415515.0,0.05,0.2898550724637681
2020-11-20,15:00,sz300354,东华测试,17.23,17.4,17.1,17.28,7345,12637244.0,-0.02,-0.1156069364161849
2020-11-23,15:00,sz300354,东华测试,17.21,17.21,16.68,16.79,14351,24219950.0,-0.49,-2.8356481481481484
2020-11-24,15:00,sz300354,东华测试,16.88,17.15,16.65,16.73,9374,15802282.0,-0.06,-0.357355568790947
2020-11-25,15:00,sz300354,东华测试,16.87,16.87,16.21,16.26,12241,20095680.0,-0.47,-2.809324566646742
2020-11-26,15:00,sz300354,东华测试,16.13,16.38,16.03,16.15,8013,12997139.0,-0.11,-0.6765067650676507
2020-11-27,15:00,sz300354,东华测试,16.24,16.24,15.53,15.75,11471,18120264.0,-0.4,-2.476780185758514
2020-11-30,15:00,sz300354,东华测试,15.7,15.96,15.57,15.76,10307,16304172.0,0.01,0.0634920634920634
2020-12-01,15:00,sz300354,东华测试,15.74,16.16,15.72,16.05,8737,13967803.0,0.29,1.84010152284264
2020-12-02,15:00,sz300354,东华测试,16.06,16.14,15.67,15.81,12813,20291474.0,-0.24,-1.4953271028037385
2020-12-03,15:00,sz300354,东华测试,15.85,16.15,15.3,15.95,18846,29640660.0,0.14,0.8855154965211892
2020-12-04,15:00,sz300354,东华测试,15.94,16.19,15.79,16.01,10386,16638083.0,0.06,0.3761755485893417
2020-12-07,15:00,sz300354,东华测试,15.95,16.14,15.91,15.91,6918,11079980.0,-0.1,-0.6246096189881324
2020-12-08,15:00,sz300354,东华测试,15.99,16.41,15.85,16.23,12913,20794162.0,0.32,2.011313639220616
2020-12-09,15:00,sz300354,东华测试,16.26,16.44,15.87,15.89,11375,18405786.0,-0.34,-2.094886013555145
2020-12-10,15:00,sz300354,东华测试,15.72,16.29,15.54,15.89,10277,16323553.0,0.0,0.0
2020-12-11,15:00,sz300354,东华测试,15.85,15.95,15.16,15.28,10791,16675922.0,-0.61,-3.838892385147892
2020-12-14,15:00,sz300354,东华测试,15.26,15.45,15.06,15.26,6053,9238311.0,-0.02,-0.1308900523560209
2020-12-15,15:00,sz300354,东华测试,15.45,15.74,15.3,15.45,8433,13084846.0,0.19,1.2450851900393185
2020-12-16,15:00,sz300354,东华测试,15.62,15.62,14.57,14.58,14213,21156882.0,-0.87,-5.631067961165048
2020-12-17,15:00,sz300354,东华测试,14.51,15.25,14.1,14.97,15195,22370936.0,0.39,2.674897119341564
2020-12-18,15:00,sz300354,东华测试,14.83,15.44,14.8,15.03,10186,15407158.0,0.06,0.4008016032064128
2020-12-21,15:00,sz300354,东华测试,15.03,15.45,14.86,15.12,10110,15280332.0,0.09,0.5988023952095809
2020-12-22,15:00,sz300354,东华测试,15.1,15.26,14.68,14.73,7810,11645941.0,-0.39,-2.579365079365079
2020-12-23,15:00,sz300354,东华测试,14.83,15.08,14.55,14.71,9948,14666368.0,-0.02,-0.1357773251866938
2020-12-24,15:00,sz300354,东华测试,14.53,15.1,14.53,14.59,10037,14844125.0,-0.12,-0.8157715839564922
2020-12-25,15:00,sz300354,东华测试,14.76,15.08,14.38,14.76,12067,17835146.0,0.17,1.1651816312542838
2020-12-28,15:00,sz300354,东华测试,14.86,14.86,14.16,14.28,10733,15396566.0,-0.48,-3.252032520325204
2020-12-29,15:00,sz300354,东华测试,14.33,14.5,14.04,14.27,7812,11165107.0,-0.01,-0.0700280112044818
2020-12-30,15:00,sz300354,东华测试,14.18,14.34,13.86,13.89,12553,17554606.0,-0.38,-2.662929222144359
2020-12-31,15:00,sz300354,东华测试,13.89,14.65,13.8,14.4,14943,21339248.0,0.51,3.67170626349892
2021-01-04,15:00,sz300354,东华测试,14.2,15.15,14.15,14.99,19992,29638788.0,0.59,4.097222222222222
2021-01-05,15:00,sz300354,东华测试,14.94,15.7,14.71,15.51,22830,35175272.0,0.52,3.468979319546364
2021-01-06,15:00,sz300354,东华测试,15.45,15.69,15.1,15.17,14081,21588002.0,-0.34,-2.192134107027724
2021-01-07,15:00,sz300354,东华测试,15.16,15.16,14.3,14.41,15889,23251322.0,-0.76,-5.009887936717205
2021-01-08,15:00,sz300354,东华测试,14.5,14.86,14.1,14.44,12285,17802008.0,0.03,0.2081887578070784
2021-01-11,15:00,sz300354,东华测试,14.45,15.08,14.27,15.08,15475,22859102.0,0.64,4.43213296398892
2021-01-12,15:00,sz300354,东华测试,15.08,15.52,14.9,15.37,14693,22491026.0,0.29,1.9230769230769231
2021-01-13,15:00,sz300354,东华测试,15.35,15.74,15.05,15.3,14500,22282514.0,-0.07,-0.4554326610279766
2021-01-14,15:00,sz300354,东华测试,15.25,15.7,15.12,15.59,12965,20028788.0,0.29,1.8954248366013071
2021-01-15,15:00,sz300354,东华测试,15.47,15.59,14.8,14.97,19492,29380396.0,-0.62,-3.976908274534959
2021-01-18,15:00,sz300354,东华测试,14.91,15.65,14.73,15.61,14384,21973024.0,0.64,4.275217100868404
2021-01-19,15:00,sz300354,东华测试,15.45,15.76,15.45,15.6,12688,19766572.0,-0.01,-0.0640614990390775
2021-01-20,15:00,sz300354,东华测试,15.53,15.75,15.36,15.65,7432,11591066.0,0.05,0.3205128205128205
2021-01-21,15:00,sz300354,东华测试,15.6,15.99,15.43,15.98,13596,21469572.0,0.33,2.1086261980830674
2021-01-22,15:00,sz300354,东华测试,16.0,16.08,15.45,15.53,10742,16781860.0,-0.45,-2.816020025031289
2021-01-25,15:00,sz300354,东华测试,15.58,15.58,15.12,15.33,8477,12974599.0,-0.2,-1.28783000643915
2021-01-26,15:00,sz300354,东华测试,15.32,16.0,14.6,15.35,19211,29565706.0,0.02,0.1304631441617743
2021-01-27,15:00,sz300354,东华测试,15.34,15.45,14.3,14.5,15541,22946578.0,-0.85,-5.537459283387622
2021-01-28,15:00,sz300354,东华测试,14.37,14.55,13.7,13.98,13636,19319208.0,-0.52,-3.586206896551724
2021-01-29,15:00,sz300354,东华测试,14.05,14.06,13.36,13.62,11998,16363570.0,-0.36,-2.575107296137339
2021-02-01,15:00,sz300354,东华测试,13.51,13.74,13.18,13.45,10222,13712986.0,-0.17,-1.2481644640234948
2021-02-02,15:00,sz300354,东华测试,13.5,13.5,12.89,13.07,11227,14627636.0,-0.38,-2.825278810408922
2021-02-03,15:00,sz300354,东华测试,13.07,13.1,12.55,12.7,13200,16945366.0,-0.37,-2.8309104820198927
2021-02-04,15:00,sz300354,东华测试,12.7,12.7,12.21,12.52,11389,14107983.0,-0.18,-1.4173228346456692
2021-02-05,15:00,sz300354,东华测试,12.52,12.68,11.79,12.0,15533,18817126.0,-0.52,-4.15335463258786
2021-02-08,15:00,sz300354,东华测试,12.1,12.12,11.76,11.89,9286,11076341.0,-0.11,-0.9166666666666666
2021-02-09,15:00,sz300354,东华测试,11.9,12.27,11.81,12.19,11256,13637122.0,0.3,2.523128679562657
2021-02-10,15:00,sz300354,东华测试,12.2,12.28,11.88,11.92,15266,18333278.0,-0.27,-2.2149302707137
2021-02-18,15:00,sz300354,东华测试,12.01,12.59,12.0,12.46,16928,20987286.0,0.54,4.530201342281879
2021-02-19,15:00,sz300354,东华测试,12.35,12.91,12.35,12.89,13070,16638313.0,0.43,3.451043338683788
2021-02-22,15:00,sz300354,东华测试,12.89,13.4,12.84,13.12,16828,22129804.0,0.23,1.7843289371605895
2021-02-23,15:00,sz300354,东华测试,13.07,13.18,12.71,12.76,14550,18677178.0,-0.36,-2.7439024390243905
2021-02-24,15:00,sz300354,东华测试,12.8,13.08,12.75,12.87,12082,15630606.0,0.11,0.8620689655172413
2021-02-25,15:00,sz300354,东华测试,12.9,13.09,12.7,12.75,9672,12431459.0,-0.12,-0.9324009324009324
2021-02-26,15:00,sz300354,东华测试,12.71,13.12,12.61,13.0,12045,15629375.0,0.25,1.96078431372549
2021-03-01,15:00,sz300354,东华测试,13.05,13.35,12.93,13.35,11303,14958144.0,0.35,2.6923076923076925
2021-03-02,15:00,sz300354,东华测试,13.35,13.52,13.12,13.36,9319,12420181.0,0.01,0.0749063670411985
2021-03-03,15:00,sz300354,东华测试,13.23,13.58,13.23,13.44,8065,10839498.0,0.08,0.5988023952095809
2021-03-04,15:00,sz300354,东华测试,13.39,13.75,13.3,13.52,10904,14803494.0,0.08,0.5952380952380952
2021-03-05,15:00,sz300354,东华测试,13.53,13.78,13.35,13.6,10933,14879562.0,0.08,0.591715976331361
2021-03-08,15:00,sz300354,东华测试,13.6,13.78,13.21,13.26,10441,14083321.0,-0.34,-2.5
2021-03-09,15:00,sz300354,东华测试,13.19,13.28,12.7,12.72,12295,15855037.0,-0.54,-4.072398190045249
2021-03-10,15:00,sz300354,东华测试,12.73,12.87,12.26,12.31,8889,11090247.0,-0.41,-3.2232704402515724
2021-03-11,15:00,sz300354,东华测试,12.33,12.62,12.12,12.62,9816,12222114.0,0.31,2.518277822908205
2021-03-12,15:00,sz300354,东华测试,12.62,13.06,12.58,13.01,10654,13686646.0,0.39,3.0903328050713155
2021-03-15,15:00,sz300354,东华测试,13.03,13.03,12.68,12.79,9595,12330604.0,-0.22,-1.6910069177555729
2021-03-16,15:00,sz300354,东华测试,12.87,13.66,12.77,13.39,16051,21324132.0,0.6,4.691164972634871
2021-03-17,15:00,sz300354,东华测试,13.5,14.07,13.37,13.93,24241,33475246.0,0.54,4.032860343539955
2021-03-18,15:00,sz300354,东华测试,13.8,14.23,13.8,14.15,20183,28422176.0,0.22,1.5793251974156497
2021-03-19,15:00,sz300354,东华测试,14.0,14.25,13.79,14.04,16018,22433400.0,-0.11,-0.7773851590106008
2021-03-22,15:00,sz300354,东华测试,13.92,14.1,13.84,13.97,8794,12241375.0,-0.07,-0.4985754985754985
2021-03-23,15:00,sz300354,东华测试,13.87,14.05,13.57,13.69,10709,14710577.0,-0.28,-2.0042949176807445
2021-03-24,15:00,sz300354,东华测试,13.6,13.85,13.39,13.48,7635,10353128.0,-0.21,-1.5339663988312635
2021-03-25,15:00,sz300354,东华测试,13.39,13.64,13.31,13.37,7972,10755921.0,-0.11,-0.8160237388724036
2021-03-26,15:00,sz300354,东华测试,13.34,13.74,13.25,13.66,8393,11386994.0,0.29,2.169035153328347
2021-03-29,15:00,sz300354,东华测试,13.74,13.94,13.53,13.56,8233,11272203.0,-0.1,-0.7320644216691069
2021-03-30,15:00,sz300354,东华测试,13.69,13.81,13.14,13.18,15187,20488900.0,-0.38,-2.8023598820058995
2021-03-31,15:00,sz300354,东华测试,13.18,13.55,13.04,13.5,12868,17165904.0,0.32,2.427921092564492
2021-04-01,15:00,sz300354,东华测试,13.36,13.63,13.29,13.57,9560,12910594.0,0.07,0.5185185185185185
2021-04-02,15:00,sz300354,东华测试,13.71,13.71,13.48,13.62,8980,12224626.0,0.05,0.3684598378776713
2021-04-06,15:00,sz300354,东华测试,13.55,14.44,13.55,14.23,27457,38750988.0,0.61,4.47870778267254
2021-04-07,15:00,sz300354,东华测试,14.14,14.28,13.96,14.11,17015,23984664.0,-0.12,-0.8432888264230498
2021-04-08,15:00,sz300354,东华测试,14.37,14.37,13.86,14.1,16833,23654602.0,-0.01,-0.070871722182849
2021-04-09,15:00,sz300354,东华测试,13.87,13.92,13.21,13.79,43586,58886056.0,-0.31,-2.198581560283688
2021-04-12,15:00,sz300354,东华测试,13.9,14.14,13.53,13.97,26586,37052040.0,0.18,1.305293691080493
2021-04-13,15:00,sz300354,东华测试,13.9,14.13,13.62,13.72,14084,19557398.0,-0.25,-1.789549033643522
2021-04-14,15:00,sz300354,东华测试,13.68,13.85,13.6,13.69,10438,14294630.0,-0.03,-0.2186588921282798
2021-04-15,15:00,sz300354,东华测试,13.61,13.75,13.43,13.62,9970,13537133.0,-0.07,-0.5113221329437546
2021-04-16,15:00,sz300354,东华测试,13.66,14.19,13.56,14.14,18289,25598918.0,0.52,3.81791483113069
2021-04-19,15:00,sz300354,东华测试,14.14,14.37,13.99,14.03,19235,27243360.0,-0.11,-0.7779349363507779
2021-04-20,15:00,sz300354,东华测试,14.03,14.36,13.99,14.12,16670,23667160.0,0.09,0.6414825374198148
2021-04-21,15:00,sz300354,东华测试,14.07,14.11,13.81,13.94,13098,18298280.0,-0.18,-1.2747875354107647
2021-04-22,15:00,sz300354,东华测试,14.49,15.34,14.18,14.55,34103,49397904.0,0.61,4.375896700143472
2021-04-23,15:00,sz300354,东华测试,14.5,14.7,13.97,14.03,22334,31777038.0,-0.52,-3.5738831615120272
2021-04-26,15:00,sz300354,东华测试,14.03,14.57,13.85,14.08,20925,29708022.0,0.05,0.3563791874554526
2021-04-27,15:00,sz300354,东华测试,14.0,14.04,13.5,13.58,14100,19342772.0,-0.5,-3.551136363636364
2021-04-28,15:00,sz300354,东华测试,13.48,13.7,13.37,13.65,7803,10599469.0,0.07,0.5154639175257731
2021-04-29,15:00,sz300354,东华测试,13.65,13.87,13.64,13.73,8354,11498093.0,0.08,0.5860805860805861
2021-04-30,15:00,sz300354,东华测试,13.8,13.8,13.48,13.65,6088,8289730.0,-0.08,-0.5826656955571741
2021-05-06,15:00,sz300354,东华测试,13.47,13.85,13.41,13.58,9325,12705682.0,-0.07,-0.5128205128205128
2021-05-07,15:00,sz300354,东华测试,13.5,13.58,13.1,13.11,11035,14660062.0,-0.47,-3.4609720176730487
2021-05-10,15:00,sz300354,东华测试,13.11,13.34,12.92,13.16,5978,7839079.5,0.05,0.3813882532418001
2021-05-11,15:00,sz300354,东华测试,13.16,13.28,12.99,13.2,5812,7636533.0,0.04,0.303951367781155
2021-05-12,15:00,sz300354,东华测试,13.23,13.29,13.12,13.28,4890,6453042.0,0.08,0.6060606060606061
2021-05-13,15:00,sz300354,东华测试,13.15,13.35,12.92,12.98,7580,9969856.0,-0.3,-2.2590361445783134
2021-05-14,15:00,sz300354,东华测试,12.93,13.43,12.88,13.26,9420,12406655.0,0.28,2.157164869029276
2021-05-17,15:00,sz300354,东华测试,13.21,13.4,12.62,12.62,22989,29843192.0,-0.64,-4.826546003016592
2021-05-18,15:00,sz300354,东华测试,12.62,12.95,12.16,12.92,25793,32144214.0,0.3,2.3771790808240887
2021-05-19,15:00,sz300354,东华测试,12.86,13.48,12.71,13.22,20081,26502038.0,0.3,2.321981424148607
2021-05-20,15:00,sz300354,东华测试,13.25,13.34,13.05,13.22,8303,10928440.0,0.0,0.0
2021-05-21,15:00,sz300354,东华测试,13.22,13.28,13.01,13.11,5861,7706922.0,-0.11,-0.8320726172465961
2021-05-24,15:00,sz300354,东华测试,13.1,13.29,12.92,13.1,8522,11181693.0,-0.01,-0.07627765064836
2021-05-25,15:00,sz300354,东华测试,13.2,13.2,12.78,13.01,15115,19570308.0,-0.09,-0.6870229007633588
2021-05-26,15:00,sz300354,东华测试,12.91,13.29,12.91,13.15,12103,15913684.0,0.14,1.0760953112990008
2021-05-27,15:00,sz300354,东华测试,13.19,13.4,13.13,13.35,10575,14034482.0,0.2,1.520912547528517
2021-05-28,15:00,sz300354,东华测试,13.37,13.37,13.09,13.16,8925,11785070.0,-0.19,-1.4232209737827717
2021-05-31,15:00,sz300354,东华测试,13.19,13.35,13.14,13.3,12826,16996190.0,0.14,1.0638297872340423
2021-06-01,15:00,sz300354,东华测试,13.3,13.4,13.19,13.35,14122,18793108.0,0.05,0.3759398496240601
2021-06-02,15:00,sz300354,东华测试,13.36,13.37,13.13,13.18,9855,13038847.0,-0.17,-1.2734082397003743
2021-06-03,15:00,sz300354,东华测试,13.18,13.5,13.18,13.21,9530,12716323.0,0.03,0.2276176024279211
2021-06-04,15:00,sz300354,东华测试,13.16,13.33,13.11,13.24,6496,8617508.0,0.03,0.2271006813020439
2021-06-07,15:00,sz300354,东华测试,13.25,13.45,13.25,13.44,9306,12462659.0,0.2,1.5105740181268883
2021-06-08,15:00,sz300354,东华测试,13.46,13.46,13.31,13.36,10905,14570256.0,-0.08,-0.5952380952380952
2021-06-09,15:00,sz300354,东华测试,13.36,13.74,13.36,13.73,18913,25726752.0,0.37,2.769461077844311
2021-06-10,15:00,sz300354,东华测试,13.72,13.88,13.61,13.87,16204,22266430.0,0.14,1.0196649672250546
2021-06-11,15:00,sz300354,东华测试,13.87,14.47,13.73,14.24,34739,49189224.0,0.37,2.6676279740447004
2021-06-15,15:00,sz300354,东华测试,14.16,14.99,13.95,14.93,43197,62940544.0,0.69,4.845505617977528
2021-06-16,15:00,sz300354,东华测试,14.77,16.21,14.44,16.2,98814,152061856.0,1.27,8.506363027461488
2021-06-17,15:00,sz300354,东华测试,15.78,16.4,15.1,15.68,86397,135719472.0,-0.52,-3.2098765432098766
2021-06-18,15:00,sz300354,东华测试,15.38,16.84,15.38,16.26,86208,138921184.0,0.58,3.698979591836735
2021-06-21,15:00,sz300354,东华测试,16.25,16.56,15.75,16.52,50636,81831864.0,0.26,1.5990159901599017
2021-06-22,15:00,sz300354,东华测试,16.4,16.83,15.7,15.88,45264,73035032.0,-0.64,-3.87409200968523
2021-06-23,15:00,sz300354,东华测试,15.59,16.85,15.45,16.52,58346,95839288.0,0.64,4.030226700251889
2021-06-24,15:00,sz300354,东华测试,16.56,17.7,16.5,17.03,60846,104114392.0,0.51,3.0871670702179177
2021-06-25,15:00,sz300354,东华测试,16.88,18.87,16.62,18.65,91508,164849632.0,1.62,9.512624779800351
2021-06-28,15:00,sz300354,东华测试,18.67,22.38,18.65,20.6,146743,302781792.0,1.95,10.455764075067025
2021-06-29,15:00,sz300354,东华测试,19.94,20.4,19.29,20.03,88765,175571824.0,-0.57,-2.766990291262136
2021-06-30,15:00,sz300354,东华测试,19.8,21.2,19.14,21.17,102872,207207040.0,1.14,5.691462805791312
2021-07-01,15:00,sz300354,东华测试,20.94,21.45,19.5,19.81,66632,135891600.0,-1.36,-6.424185167690127
2021-07-02,15:00,sz300354,东华测试,19.52,20.45,19.26,19.75,49101,97189272.0,-0.06,-0.3028773346794548
2021-07-05,15:00,sz300354,东华测试,19.99,21.17,19.7,21.11,64745,133576368.0,1.36,6.886075949367089
2021-07-06,15:00,sz300354,东华测试,20.85,21.84,20.1,20.71,61200,128263136.0,-0.4,-1.894836570345808
2021-07-07,15:00,sz300354,东华测试,20.3,20.9,20.11,20.84,42514,87645360.0,0.13,0.6277160791887977
2021-07-08,15:00,sz300354,东华测试,20.79,22.56,19.91,21.77,79552,166631392.0,0.93,4.46257197696737
2021-07-09,15:00,sz300354,东华测试,22.39,26.12,22.03,26.12,130609,315597696.0,4.35,19.98162609095085
2021-07-12,15:00,sz300354,东华测试,28.01,31.34,27.3,30.39,166254,482787136.0,4.27,16.347626339969374
2021-07-13,15:00,sz300354,东华测试,29.36,30.89,28.66,29.52,125280,367801248.0,-0.87,-2.8627838104639687
2021-07-14,15:00,sz300354,东华测试,29.52,29.73,27.48,27.54,83134,234620800.0,-1.98,-6.707317073170732
2021-07-15,15:00,sz300354,东华测试,27.35,27.95,26.38,27.48,66467,180781456.0,-0.06,-0.2178649237472767
2021-07-16,15:00,sz300354,东华测试,27.5,30.85,26.55,29.58,111467,321040224.0,2.1,7.641921397379912
2021-07-19,15:00,sz300354,东华测试,29.58,30.6,27.77,28.69,74686,215275728.0,-0.89,-3.008789722785666
2021-07-20,15:00,sz300354,东华测试,28.5,29.88,27.33,29.12,60238,173831664.0,0.43,1.4987800627396306
2021-07-21,15:00,sz300354,东华测试,29.64,34.0,28.68,32.8,109851,344019680.0,3.68,12.637362637362637
2021-07-22,15:00,sz300354,东华测试,31.6,32.2,30.5,32.15,79440,247829984.0,-0.65,-1.9817073170731707
2021-07-23,15:00,sz300354,东华测试,31.4,33.15,30.25,31.74,65924,208145040.0,-0.41,-1.275272161741835
2021-07-26,15:00,sz300354,东华测试,31.0,32.18,27.5,27.6,84643,253510384.0,-4.14,-13.043478260869565
2021-07-27,15:00,sz300354,东华测试,27.7,28.87,26.96,28.2,82776,233527680.0,0.6,2.1739130434782608
2021-07-28,15:00,sz300354,东华测试,27.99,27.99,24.01,25.23,72711,188044336.0,-2.97,-10.53191489361702
2021-07-29,15:00,sz300354,东华测试,25.83,27.33,25.83,27.0,56812,151107984.0,1.77,7.015457788347206
2021-07-30,15:00,sz300354,东华测试,26.51,27.9,26.5,27.4,51964,141313280.0,0.4,1.4814814814814816
2021-08-02,15:00,sz300354,东华测试,27.85,29.06,26.99,28.69,52530,148647040.0,1.29,4.708029197080292
2021-08-03,15:00,sz300354,东华测试,28.7,32.94,28.33,29.32,110913,340030848.0,0.63,2.19588706866504
2021-08-04,15:00,sz300354,东华测试,29.34,32.3,29.34,30.6,77040,237607936.0,1.28,4.365620736698499
2021-08-05,15:00,sz300354,东华测试,30.03,30.8,28.18,29.04,72439,213401120.0,-1.56,-5.098039215686274
2021-08-06,15:00,sz300354,东华测试,29.38,29.38,27.1,27.58,61801,171919408.0,-1.46,-5.027548209366391
2021-08-09,15:00,sz300354,东华测试,27.67,31.48,27.1,29.9,94711,280791872.0,2.32,8.411892675852068
2021-08-10,15:00,sz300354,东华测试,30.16,30.22,28.36,29.4,54503,158191376.0,-0.5,-1.6722408026755853
2021-08-11,15:00,sz300354,东华测试,29.77,29.88,27.6,28.5,54735,154587936.0,-0.9,-3.061224489795918
2021-08-12,15:00,sz300354,东华测试,28.77,29.1,27.6,28.28,45231,127530344.0,-0.22,-0.7719298245614036
2021-08-13,15:00,sz300354,东华测试,27.85,28.27,26.2,26.69,61640,164824800.0,-1.59,-5.622347949080623
2021-08-16,15:00,sz300354,东华测试,26.82,27.57,26.13,27.24,37281,100486056.0,0.55,2.0606968902210565
2021-08-17,15:00,sz300354,东华测试,27.06,27.11,25.52,26.28,34360,90478896.0,-0.96,-3.524229074889868
2021-08-18,15:00,sz300354,东华测试,25.72,26.26,24.81,25.26,32582,82100896.0,-1.02,-3.881278538812785
2021-08-19,15:00,sz300354,东华测试,25.39,26.69,25.25,26.23,32596,84734832.0,0.97,3.84006334125099
2021-08-20,15:00,sz300354,东华测试,26.38,26.65,25.68,25.89,20080,52210680.0,-0.34,-1.2962256957682043
2021-08-23,15:00,sz300354,东华测试,26.06,27.69,25.92,27.41,40840,111481016.0,1.52,5.870992661259174
2021-08-24,15:00,sz300354,东华测试,27.06,27.37,25.59,26.05,50920,133471920.0,-1.36,-4.961692812842029
2021-08-25,15:00,sz300354,东华测试,25.85,29.15,25.74,28.1,82277,227685968.0,2.05,7.869481765834934
2021-08-26,15:00,sz300354,东华测试,27.75,31.28,26.64,30.85,104349,305211520.0,2.75,9.786476868327403
2021-08-27,15:00,sz300354,东华测试,30.03,31.68,29.4,31.06,74484,227450192.0,0.21,0.6807131280388978
2021-08-30,15:00,sz300354,东华测试,30.89,31.95,30.1,31.07,58292,180239936.0,0.01,0.0321957501609787
2021-08-31,15:00,sz300354,东华测试,30.8,31.02,29.56,30.54,41473,125690872.0,-0.53,-1.70582555519794
2021-09-01,15:00,sz300354,东华测试,30.54,30.88,28.29,29.32,34536,101249408.0,-1.22,-3.994760969220694
2021-09-02,15:00,sz300354,东华测试,28.99,29.29,27.0,27.72,51746,143575712.0,-1.6,-5.457025920873124
2021-09-03,15:00,sz300354,东华测试,27.61,27.88,26.66,27.34,26578,72361320.0,-0.38,-1.3708513708513708
2021-09-06,15:00,sz300354,东华测试,27.49,30.4,26.66,29.78,47651,136768640.0,2.44,8.924652523774688
2021-09-07,15:00,sz300354,东华测试,29.54,31.95,29.17,31.72,65990,203817552.0,1.94,6.51443922095366
2021-09-08,15:00,sz300354,东华测试,31.51,38.06,31.36,38.06,92955,332648320.0,6.34,19.987389659520808
2021-09-09,15:00,sz300354,东华测试,38.0,39.97,36.48,38.78,87514,333056704.0,0.72,1.8917498686284813
2021-09-10,15:00,sz300354,东华测试,37.66,37.66,35.04,35.6,66677,239716304.0,-3.18,-8.200103145951521
2021-09-13,15:00,sz300354,东华测试,36.14,36.59,34.2,34.75,44003,153541536.0,-0.85,-2.387640449438202
2021-09-14,15:00,sz300354,东华测试,35.46,35.5,33.36,33.43,48373,165729296.0,-1.32,-3.798561151079137
2021-09-15,15:00,sz300354,东华测试,33.29,34.7,33.09,34.21,40483,138054208.0,0.78,2.3332336224947654
2021-09-16,15:00,sz300354,东华测试,34.21,36.65,33.39,35.78,57895,202267936.0,1.57,4.589301373867291
2021-09-17,15:00,sz300354,东华测试,35.45,35.45,32.02,33.07,50259,168682256.0,-2.71,-7.5740637227501395
2021-09-22,15:00,sz300354,东华测试,32.54,34.29,32.19,33.4,31104,103441192.0,0.33,0.9978832778953736
2021-09-23,15:00,sz300354,东华测试,33.0,36.65,33.0,36.24,59803,210475056.0,2.84,8.502994011976048
2021-09-24,15:00,sz300354,东华测试,35.65,36.16,33.6,34.08,43719,152202176.0,-2.16,-5.960264900662252
2021-09-27,15:00,sz300354,东华测试,33.8,34.1,30.02,30.68,43732,138949472.0,-3.4,-9.976525821596244
2021-09-28,15:00,sz300354,东华测试,30.52,33.78,30.48,32.86,45748,149711440.0,2.18,7.10560625814863
2021-09-29,15:00,sz300354,东华测试,32.87,34.65,29.69,29.9,51314,162549344.0,-2.96,-9.007912355447353
2021-09-30,15:00,sz300354,东华测试,29.91,30.44,28.68,30.05,25901,77304456.0,0.15,0.5016722408026756
2021-10-08,15:00,sz300354,东华测试,30.6,31.57,28.8,29.18,25175,74965960.0,-0.87,-2.895174708818636
2021-10-11,15:00,sz300354,东华测试,29.34,30.81,27.6,29.97,33058,96452312.0,0.79,2.7073337902673065
2021-10-12,15:00,sz300354,东华测试,29.97,30.18,27.87,28.46,19325,55595740.0,-1.51,-5.038371705038372
2021-10-13,15:00,sz300354,东华测试,28.6,29.14,27.92,28.59,10792,30711090.0,0.13,0.4567814476458187
2021-10-14,15:00,sz300354,东华测试,28.68,28.98,28.35,28.59,12652,36232496.0,0.0,0.0
2021-10-15,15:00,sz300354,东华测试,28.58,28.58,27.68,28.01,12443,34913348.0,-0.58,-2.028681357117873
2021-10-18,15:00,sz300354,东华测试,27.22,33.14,27.22,32.45,51824,160490096.0,4.44,15.851481613709389
2021-10-19,15:00,sz300354,东华测试,32.41,34.0,31.33,32.99,39663,129062720.0,0.54,1.6640986132511555
2021-10-20,15:00,sz300354,东华测试,32.99,36.5,32.79,35.62,52658,184969264.0,2.63,7.972112761442861
2021-10-21,15:00,sz300354,东华测试,35.6,36.2,34.58,35.12,34773,123204816.0,-0.5,-1.403705783267827
2021-10-22,15:00,sz300354,东华测试,35.31,36.13,34.38,34.99,25026,87794400.0,-0.13,-0.3701594533029613
2021-10-25,15:00,sz300354,东华测试,35.2,37.5,34.1,34.65,31123,109509584.0,-0.34,-0.9717062017719348
2021-10-26,15:00,sz300354,东华测试,34.68,34.82,32.92,33.25,31948,106839992.0,-1.4,-4.040404040404041
2021-10-27,15:00,sz300354,东华测试,33.21,33.55,31.85,32.33,22933,74280392.0,-0.92,-2.7669172932330826
2021-10-28,15:00,sz300354,东华测试,31.95,32.72,31.01,31.23,16125,50973136.0,-1.1,-3.402412619857717
2021-10-29,15:00,sz300354,东华测试,30.46,31.98,30.46,31.21,19501,60722648.0,-0.02,-0.0640409862311879
2021-11-01,15:00,sz300354,东华测试,31.01,33.98,30.61,33.98,38576,126052832.0,2.77,8.87536046139058
2021-11-02,15:00,sz300354,东华测试,35.0,36.26,33.81,35.1,55600,196375376.0,1.12,3.29605650382578
2021-11-03,15:00,sz300354,东华测试,35.1,37.45,35.1,35.72,55327,198917040.0,0.62,1.7663817663817662
2021-11-04,15:00,sz300354,东华测试,35.58,37.39,35.51,36.61,40690,149239328.0,0.89,2.4916013437849944
2021-11-05,15:00,sz300354,东华测试,36.99,37.17,35.23,35.58,30425,109160064.0,-1.03,-2.813438951106255
2021-11-08,15:00,sz300354,东华测试,35.52,37.58,35.52,36.07,35186,128897584.0,0.49,1.377178189994379
2021-11-09,15:00,sz300354,东华测试,36.43,40.39,36.43,38.99,56803,218638544.0,2.92,8.095370113667869
2021-11-10,15:00,sz300354,东华测试,38.88,39.46,37.08,37.6,32932,124805256.0,-1.39,-3.565016670941267
2021-11-11,15:00,sz300354,东华测试,37.51,42.66,37.51,40.52,61057,242413856.0,2.92,7.76595744680851
2021-11-12,15:00,sz300354,东华测试,40.32,42.63,39.15,42.03,42540,175413600.0,1.51,3.7265547877591314
2021-11-15,15:00,sz300354,东华测试,42.85,42.85,40.1,41.49,33315,137267088.0,-0.54,-1.284796573875803
2021-11-16,15:00,sz300354,东华测试,41.51,42.33,35.95,36.58,61279,236954880.0,-4.91,-11.83417691009882
2021-11-17,15:00,sz300354,东华测试,36.4,38.3,36.0,37.48,40368,150586464.0,0.9,2.460360852925096
2021-11-18,15:00,sz300354,东华测试,38.89,44.98,38.89,44.98,68128,301510528.0,7.5,20.01067235859125
2021-11-19,15:00,sz300354,东华测试,45.1,45.89,43.1,43.4,90520,402303296.0,-1.58,-3.5126722987994663
2021-11-22,15:00,sz300354,东华测试,43.49,43.77,40.5,43.36,51444,218222176.0,-0.04,-0.0921658986175115
2021-11-23,15:00,sz300354,东华测试,43.37,43.52,41.8,42.8,32946,140330160.0,-0.56,-1.2915129151291511
2021-11-24,15:00,sz300354,东华测试,42.8,42.8,40.66,42.1,27790,116270552.0,-0.7,-1.6355140186915886
2021-11-25,15:00,sz300354,东华测试,41.8,43.28,41.22,41.8,27457,116254528.0,-0.3,-0.7125890736342043
2021-11-26,15:00,sz300354,东华测试,41.38,42.44,40.88,42.1,19506,81500696.0,0.3,0.7177033492822966
2021-11-29,15:00,sz300354,东华测试,41.0,44.0,40.5,41.44,31689,133277024.0,-0.66,-1.5676959619952493
2021-11-30,15:00,sz300354,东华测试,41.49,43.57,41.35,42.0,33920,144287968.0,0.56,1.351351351351351
2021-12-01,15:00,sz300354,东华测试,41.67,42.49,40.66,41.52,18266,75707112.0,-0.48,-1.1428571428571428
2021-12-02,15:00,sz300354,东华测试,41.62,41.8,39.43,40.12,23686,95208496.0,-1.4,-3.371868978805395
2021-12-03,15:00,sz300354,东华测试,40.5,42.57,39.82,40.46,24882,102443264.0,0.34,0.847457627118644
2021-12-06,15:00,sz300354,东华测试,40.42,42.0,39.88,40.9,16645,67877072.0,0.44,1.0874938210578349
2021-12-07,15:00,sz300354,东华测试,40.44,41.49,32.72,37.1,47836,178722048.0,-3.8,-9.290953545232274
2021-12-08,15:00,sz300354,东华测试,36.61,37.61,36.2,37.4,17504,64992636.0,0.3,0.8086253369272237
2021-12-09,15:00,sz300354,东华测试,37.4,37.4,36.01,36.15,16988,61781856.0,-1.25,-3.342245989304813
2021-12-10,15:00,sz300354,东华测试,36.33,37.65,35.62,37.55,26615,97883112.0,1.4,3.872752420470263
2021-12-13,15:00,sz300354,东华测试,37.5,37.95,35.9,36.12,34143,124362984.0,-1.43,-3.8082556591211714
2021-12-14,15:00,sz300354,东华测试,36.0,36.45,35.38,35.98,14633,52647932.0,-0.14,-0.3875968992248062
2021-12-15,15:00,sz300354,东华测试,36.18,36.2,34.6,34.71,19399,68452864.0,-1.27,-3.5297387437465257
2021-12-16,15:00,sz300354,东华测试,34.87,35.57,34.57,34.75,16593,58077388.0,0.04,0.1152405646787669
2021-12-17,15:00,sz300354,东华测试,34.86,34.86,33.33,33.48,14795,50056832.0,-1.27,-3.654676258992805
2021-12-20,15:00,sz300354,东华测试,33.5,34.22,32.97,33.16,12576,42225456.0,-0.32,-0.955794504181601
2021-12-21,15:00,sz300354,东华测试,33.0,35.49,32.9,35.35,27601,95753304.0,2.19,6.604342581423402
2021-12-22,15:00,sz300354,东华测试,35.5,35.79,34.51,35.34,15622,55046240.0,-0.01,-0.0282885431400282
2021-12-23,15:00,sz300354,东华测试,35.41,37.59,35.1,36.99,31060,113448512.0,1.65,4.668930390492361
2021-12-24,15:00,sz300354,东华测试,36.99,37.34,36.2,36.53,17749,64892984.0,-0.46,-1.2435793457691269
2021-12-27,15:00,sz300354,东华测试,36.5,37.14,35.2,35.62,14317,51520548.0,-0.91,-2.491103202846975
2021-12-28,15:00,sz300354,东华测试,35.67,36.5,35.29,35.95,11040,39710960.0,0.33,0.926445816956766
2021-12-29,15:00,sz300354,东华测试,35.85,36.16,34.61,35.43,13239,46531168.0,-0.52,-1.4464534075104312
2021-12-30,15:00,sz300354,东华测试,35.43,36.09,35.26,35.74,11017,39318072.0,0.31,0.8749647191645498
2021-12-31,15:00,sz300354,东华测试,35.99,39.26,35.7,38.25,25861,98259248.0,2.51,7.022943480693901
