日期,时间,代码,名称,开盘,最高,最低,收盘,总手,金额,涨幅,涨幅比
2015-01-29,15:00,sh603799,华友钴业,5.72,6.87,5.72,6.87,649,443333.0,1.15,20.104895104895103
2015-01-30,15:00,sh603799,华友钴业,7.56,7.56,7.56,7.56,296,223776.0,0.69,10.04366812227074
2015-02-02,15:00,sh603799,华友钴业,8.32,8.32,8.32,8.32,331,275392.0,0.76,10.052910052910052
2015-02-03,15:00,sh603799,华友钴业,9.15,9.15,9.15,9.15,314,287310.0,0.83,9.975961538461538
2015-02-04,15:00,sh603799,华友钴业,10.07,10.07,10.07,10.07,355,357485.0,0.92,10.05464480874317
2015-02-05,15:00,sh603799,华友钴业,11.08,11.08,11.08,11.08,547,606076.0,1.01,10.02979145978153
2015-02-06,15:00,sh603799,华友钴业,12.19,12.19,12.19,12.19,7004,8537876.0,1.11,10.018050541516246
2015-02-09,15:00,sh603799,华友钴业,13.41,13.41,13.41,13.41,23027,30880078.0,1.22,10.008203445447087
2015-02-10,15:00,sh603799,华友钴业,14.75,14.75,14.75,14.75,24669,36387248.0,1.34,9.99254287844892
2015-02-11,15:00,sh603799,华友钴业,16.23,16.23,16.23,16.23,12254,19888842.0,1.48,10.033898305084746
2015-02-12,15:00,sh603799,华友钴业,17.85,17.85,17.85,17.85,9499,16956910.0,1.62,9.981515711645102
2015-02-13,15:00,sh603799,华友钴业,19.64,19.64,19.64,19.64,9967,19576228.0,1.79,10.028011204481793
2015-02-16,15:00,sh603799,华友钴业,21.6,21.6,21.6,21.6,14780,31926506.0,1.96,9.979633401221996
2015-02-17,15:00,sh603799,华友钴业,23.76,23.76,22.58,23.76,309731,734246592.0,2.16,10.0
2015-02-25,15:00,sh603799,华友钴业,24.03,24.5,21.38,21.38,346607,779556672.0,-2.38,-10.016835016835016
2015-02-26,15:00,sh603799,华友钴业,20.21,21.0,19.9,20.77,364079,745252416.0,-0.61,-2.853133769878391
2015-02-27,15:00,sh603799,华友钴业,20.78,22.85,20.38,22.85,387283,842686016.0,2.08,10.014443909484834
2015-03-02,15:00,sh603799,华友钴业,23.0,23.0,21.5,22.23,361063,798680320.0,-0.62,-2.713347921225383
2015-03-03,15:00,sh603799,华友钴业,22.2,22.2,21.0,21.07,297005,635844032.0,-1.16,-5.218173639226271
2015-03-04,15:00,sh603799,华友钴业,20.55,20.62,20.11,20.5,206963,421807328.0,-0.57,-2.705268153773137
2015-03-05,15:00,sh603799,华友钴业,20.56,21.3,20.18,21.04,224769,466724224.0,0.54,2.6341463414634148
2015-03-06,15:00,sh603799,华友钴业,20.73,20.81,20.0,20.03,174147,352909696.0,-1.01,-4.800380228136882
2015-03-09,15:00,sh603799,华友钴业,19.3,19.43,18.81,19.15,141915,270590944.0,-0.88,-4.393409885172242
2015-03-10,15:00,sh603799,华友钴业,19.05,19.57,18.91,19.38,88956,172063456.0,0.23,1.2010443864229765
2015-03-11,15:00,sh603799,华友钴业,19.25,19.3,18.9,18.97,85693,163702496.0,-0.41,-2.115583075335397
2015-03-12,15:00,sh603799,华友钴业,18.94,19.03,18.21,18.31,111515,206654944.0,-0.66,-3.4791776489193458
2015-03-13,15:00,sh603799,华友钴业,18.44,19.21,18.42,18.9,94692,178546512.0,0.59,3.2222829055161117
2015-03-16,15:00,sh603799,华友钴业,19.0,19.55,18.85,19.51,131153,252708320.0,0.61,3.2275132275132274
2015-03-17,15:00,sh603799,华友钴业,19.51,20.0,19.3,19.71,142980,280777504.0,0.2,1.0251153254741157
2015-03-18,15:00,sh603799,华友钴业,19.55,19.95,19.51,19.85,110763,219057664.0,0.14,0.7102993404363267
2015-03-19,15:00,sh603799,华友钴业,19.86,21.15,19.7,20.81,212101,437117632.0,0.96,4.8362720403022665
2015-03-20,15:00,sh603799,华友钴业,20.7,20.7,20.2,20.44,126860,258855744.0,-0.37,-1.77799135031235
2015-03-23,15:00,sh603799,华友钴业,20.58,20.83,20.38,20.52,127691,262903616.0,0.08,0.3913894324853229
2015-03-24,15:00,sh603799,华友钴业,20.48,20.66,19.8,20.17,125770,254617488.0,-0.35,-1.705653021442495
2015-03-25,15:00,sh603799,华友钴业,20.02,20.65,19.96,20.43,98285,199614496.0,0.26,1.289043133366386
2015-03-26,15:00,sh603799,华友钴业,20.18,21.49,20.11,20.81,169040,351843616.0,0.38,1.860009789525208
2015-03-27,15:00,sh603799,华友钴业,20.9,21.1,20.5,20.52,114264,237241904.0,-0.29,-1.3935607880826526
2015-03-30,15:00,sh603799,华友钴业,20.32,20.4,20.1,20.13,89362,180328352.0,-0.39,-1.9005847953216373
2015-03-31,15:00,sh603799,华友钴业,20.19,20.39,20.08,20.18,64410,130244240.0,0.05,0.2483854942871336
2015-04-01,15:00,sh603799,华友钴业,20.05,20.33,20.05,20.31,66706,134969008.0,0.13,0.6442021803766105
2015-04-02,15:00,sh603799,华友钴业,20.76,20.99,20.35,20.7,110497,228087168.0,0.39,1.9202363367799116
2015-04-03,15:00,sh603799,华友钴业,20.61,21.3,20.5,21.28,167724,350718880.0,0.58,2.8019323671497585
2015-04-07,15:00,sh603799,华友钴业,21.32,22.38,21.07,22.31,231119,498147904.0,1.03,4.840225563909774
2015-04-08,15:00,sh603799,华友钴业,22.1,22.28,21.21,21.57,162206,352087648.0,-0.74,-3.3168982519049752
2015-04-09,15:00,sh603799,华友钴业,21.4,21.49,20.2,20.91,127565,265066208.0,-0.66,-3.05980528511822
2015-04-10,15:00,sh603799,华友钴业,20.76,21.48,20.57,21.27,97531,206534048.0,0.36,1.721664275466284
2015-04-13,15:00,sh603799,华友钴业,21.35,21.87,21.05,21.7,135835,293189504.0,0.43,2.0216267042783262
2015-04-14,15:00,sh603799,华友钴业,21.45,21.68,21.08,21.18,112836,241030400.0,-0.52,-2.3963133640553
2015-04-15,15:00,sh603799,华友钴业,20.9,23.3,20.82,22.66,262789,584493184.0,1.48,6.987724268177526
2015-04-16,15:00,sh603799,华友钴业,22.0,22.65,21.2,22.4,159540,352417536.0,-0.26,-1.1473962930273611
2015-04-17,15:00,sh603799,华友钴业,22.8,24.6,22.4,23.91,269540,637278272.0,1.51,6.741071428571428
2015-04-20,15:00,sh603799,华友钴业,23.88,26.2,23.5,25.24,321893,803027008.0,1.33,5.562526139690506
2015-04-21,15:00,sh603799,华友钴业,24.8,25.45,24.07,25.38,183722,453571264.0,0.14,0.554675118858954
2015-04-22,15:00,sh603799,华友钴业,25.98,26.16,24.86,24.98,184496,467149184.0,-0.4,-1.5760441292356184
2015-04-23,15:00,sh603799,华友钴业,24.58,25.96,24.03,25.21,182094,454568768.0,0.23,0.9207365892714172
2015-04-24,15:00,sh603799,华友钴业,24.5,24.89,24.0,24.05,122682,298344064.0,-1.16,-4.601348671162238
2015-04-27,15:00,sh603799,华友钴业,23.98,24.52,23.38,23.51,100453,239310672.0,-0.54,-2.245322245322245
2015-04-28,15:00,sh603799,华友钴业,23.36,23.95,22.81,22.95,100274,234989440.0,-0.56,-2.3819651212250106
2015-04-29,15:00,sh603799,华友钴业,23.0,24.22,22.99,23.87,100488,239462352.0,0.92,4.008714596949891
2015-04-30,15:00,sh603799,华友钴业,23.85,23.98,23.03,23.06,76758,179480240.0,-0.81,-3.393380812735652
2015-05-04,15:00,sh603799,华友钴业,22.86,24.25,22.8,24.02,109651,261571584.0,0.96,4.163052905464007
2015-05-05,15:00,sh603799,华友钴业,23.98,23.98,22.98,23.02,71779,167204224.0,-1.0,-4.163197335553705
2015-05-06,15:00,sh603799,华友钴业,23.2,23.32,22.4,22.41,73356,167678464.0,-0.61,-2.6498696785404
2015-05-07,15:00,sh603799,华友钴业,22.31,22.31,20.7,20.91,67689,145076240.0,-1.5,-6.693440428380187
2015-05-08,15:00,sh603799,华友钴业,21.23,21.55,21.11,21.5,49690,105935688.0,0.59,2.8216164514586324
2015-05-11,15:00,sh603799,华友钴业,21.85,23.47,21.61,23.31,96671,218744848.0,1.81,8.418604651162791
2015-05-12,15:00,sh603799,华友钴业,23.91,25.14,23.5,24.57,149926,367693312.0,1.26,5.405405405405405
2015-05-13,15:00,sh603799,华友钴业,24.0,24.58,23.61,24.24,99244,239582128.0,-0.33,-1.3431013431013432
2015-05-14,15:00,sh603799,华友钴业,24.2,26.66,24.03,26.66,219868,578011648.0,2.42,9.983498349834983
2015-05-15,15:00,sh603799,华友钴业,27.66,28.4,26.22,26.34,290858,798198272.0,-0.32,-1.200300075018755
2015-05-18,15:00,sh603799,华友钴业,25.85,28.9,25.6,28.36,237836,655376704.0,2.02,7.668944570994684
2015-05-19,15:00,sh603799,华友钴业,28.6,28.7,27.0,28.28,175628,486917440.0,-0.08,-0.2820874471086037
2015-05-20,15:00,sh603799,华友钴业,28.11,28.68,27.03,27.28,168075,468686816.0,-1.0,-3.536067892503536
2015-05-21,15:00,sh603799,华友钴业,26.9,27.47,26.0,27.32,141348,379301024.0,0.04,0.1466275659824047
2015-05-22,15:00,sh603799,华友钴业,27.46,29.5,27.46,29.19,207196,595646656.0,1.87,6.844802342606149
2015-05-25,15:00,sh603799,华友钴业,28.5,30.7,28.28,30.08,183103,545675584.0,0.89,3.0489893799246315
2015-05-26,15:00,sh603799,华友钴业,30.08,32.49,29.2,32.2,187117,583326464.0,2.12,7.047872340425531
2015-05-27,15:00,sh603799,华友钴业,32.66,35.42,31.32,35.42,185950,622880768.0,3.22,10.0
2015-05-28,15:00,sh603799,华友钴业,37.79,38.96,34.03,36.48,288089,1105169920.0,1.06,2.9926595143986447
2015-06-26,15:00,sh603799,华友钴业,32.83,32.83,32.83,32.83,14093,46267320.0,-3.65,-10.005482456140353
2015-06-29,15:00,sh603799,华友钴业,29.55,29.55,29.55,29.55,3833,11326515.0,-3.28,-9.990862016448371
2015-06-30,15:00,sh603799,华友钴业,26.6,29.4,26.6,26.6,226718,615419968.0,-2.95,-9.983079526226735
2015-07-01,15:00,sh603799,华友钴业,24.8,26.75,23.94,23.94,173993,438251584.0,-2.66,-10.0
2015-07-02,15:00,sh603799,华友钴业,22.39,23.28,21.55,21.55,100253,217668624.0,-2.39,-9.98329156223893
2015-07-03,15:00,sh603799,华友钴业,19.4,20.55,19.4,19.4,77003,150370720.0,-2.15,-9.976798143851507
2015-07-06,15:00,sh603799,华友钴业,20.9,20.9,17.46,17.46,118429,221127472.0,-1.94,-10.0
2015-07-07,15:00,sh603799,华友钴业,15.71,15.71,15.71,15.71,7315,11491865.0,-1.75,-10.02290950744559
2015-07-13,15:00,sh603799,华友钴业,17.17,17.17,17.17,17.17,4380,7521318.5,1.46,9.293443666454488
2015-07-14,15:00,sh603799,华友钴业,18.89,18.89,18.89,18.89,11362,21463442.0,1.72,10.017472335468842
2015-07-15,15:00,sh603799,华友钴业,19.0,19.0,17.0,17.0,137001,246905568.0,-1.89,-10.00529380624669
2015-07-16,15:00,sh603799,华友钴业,15.3,17.58,15.3,16.38,136406,221667696.0,-0.62,-3.647058823529412
2015-07-17,15:00,sh603799,华友钴业,16.7,18.0,16.38,17.94,128382,221789792.0,1.56,9.523809523809524
2015-07-20,15:00,sh603799,华友钴业,18.11,19.21,17.0,18.81,161988,299942944.0,0.87,4.849498327759197
2015-07-21,15:00,sh603799,华友钴业,18.15,20.56,17.81,20.1,167290,322016096.0,1.29,6.85805422647528
2015-07-22,15:00,sh603799,华友钴业,19.5,19.99,18.83,19.47,133844,261775472.0,-0.63,-3.134328358208955
2015-07-23,15:00,sh603799,华友钴业,19.61,20.97,19.59,20.61,153481,312347776.0,1.14,5.855161787365177
2015-07-24,15:00,sh603799,华友钴业,20.75,21.45,20.0,20.31,180196,375311456.0,-0.3,-1.455604075691412
2015-07-27,15:00,sh603799,华友钴业,19.6,20.49,18.28,18.28,139395,272234368.0,-2.03,-9.99507631708518
2015-07-28,15:00,sh603799,华友钴业,16.75,18.2,16.45,16.77,112557,191579552.0,-1.51,-8.26039387308534
2015-07-29,15:00,sh603799,华友钴业,17.11,18.39,15.99,18.26,108393,184944128.0,1.49,8.884913536076326
2015-07-30,15:00,sh603799,华友钴业,17.86,18.88,17.01,17.4,108022,195971024.0,-0.86,-4.70974808324206
2015-07-31,15:00,sh603799,华友钴业,17.0,17.79,16.75,17.01,73656,126501152.0,-0.39,-2.2413793103448274
2015-08-03,15:00,sh603799,华友钴业,16.77,16.99,15.4,15.83,71845,115916520.0,-1.18,-6.937095825984716
2015-08-04,15:00,sh603799,华友钴业,16.1,17.41,16.1,17.41,92636,155815920.0,1.58,9.98104864181933
2015-08-05,15:00,sh603799,华友钴业,17.48,18.11,16.88,17.68,122734,215801488.0,0.27,1.5508328546812178
2015-08-06,15:00,sh603799,华友钴业,17.21,19.45,17.03,19.45,207875,393789856.0,1.77,10.01131221719457
2015-08-07,15:00,sh603799,华友钴业,19.97,20.3,19.01,19.92,207232,408688096.0,0.47,2.416452442159383
2015-08-10,15:00,sh603799,华友钴业,20.0,21.3,19.61,20.78,186229,381642528.0,0.86,4.317269076305221
2015-08-11,15:00,sh603799,华友钴业,21.85,22.86,21.85,22.86,79273,178843568.0,2.08,10.009624639076034
2015-08-12,15:00,sh603799,华友钴业,23.8,24.98,23.0,23.5,274225,654729344.0,0.64,2.799650043744532
2015-08-13,15:00,sh603799,华友钴业,22.78,23.86,22.03,23.69,183303,419316928.0,0.19,0.8085106382978723
2015-08-14,15:00,sh603799,华友钴业,23.66,23.99,22.87,22.94,137624,320843520.0,-0.75,-3.165892781764457
2015-08-17,15:00,sh603799,华友钴业,22.5,22.6,21.4,22.35,113717,250335104.0,-0.59,-2.5719267654751525
2015-08-18,15:00,sh603799,华友钴业,21.88,23.72,20.12,20.12,162742,360120576.0,-2.23,-9.977628635346756
2015-08-19,15:00,sh603799,华友钴业,18.5,20.7,18.15,20.26,132308,253859408.0,0.14,0.6958250497017893
2015-08-20,15:00,sh603799,华友钴业,19.93,21.29,19.41,19.52,118567,241809360.0,-0.74,-3.652517275419546
2015-08-21,15:00,sh603799,华友钴业,19.03,19.99,17.95,18.04,97823,186948688.0,-1.48,-7.581967213114754
2015-08-24,15:00,sh603799,华友钴业,16.8,17.5,16.24,16.24,68432,112354176.0,-1.8,-9.977827050997783
2015-08-25,15:00,sh603799,华友钴业,14.65,15.6,14.62,14.62,72715,108308816.0,-1.62,-9.975369458128078
2015-08-26,15:00,sh603799,华友钴业,15.0,15.89,14.18,14.61,109260,164641072.0,-0.01,-0.0683994528043775
2015-08-27,15:00,sh603799,华友钴业,15.1,15.79,14.48,15.72,90080,137150736.0,1.11,7.597535934291582
2015-08-28,15:00,sh603799,华友钴业,15.76,16.89,15.25,16.68,150800,240323520.0,0.96,6.106870229007633
2015-08-31,15:00,sh603799,华友钴业,16.09,16.28,15.01,15.01,84934,132971656.0,-1.67,-10.011990407673862
2015-09-01,15:00,sh603799,华友钴业,15.03,15.05,13.51,13.51,87732,121560248.0,-1.5,-9.993337774816789
2015-09-02,15:00,sh603799,华友钴业,12.4,13.79,12.16,12.2,94962,120463056.0,-1.31,-9.696521095484826
2015-09-07,15:00,sh603799,华友钴业,12.5,12.97,12.3,12.44,78322,99303192.0,0.24,1.9672131147540983
2015-09-08,15:00,sh603799,华友钴业,12.22,13.36,12.12,13.31,72270,92365784.0,0.87,6.993569131832797
2015-09-09,15:00,sh603799,华友钴业,13.65,14.64,13.62,14.64,134319,189964160.0,1.33,9.992486851990984
2015-09-10,15:00,sh603799,华友钴业,14.2,15.08,14.0,14.44,127475,184754560.0,-0.2,-1.366120218579235
2015-09-11,15:00,sh603799,华友钴业,14.28,14.63,14.01,14.36,51950,74380056.0,-0.08,-0.554016620498615
2015-09-14,15:00,sh603799,华友钴业,14.45,14.68,12.92,12.92,69481,95185744.0,-1.44,-10.027855153203342
2015-09-15,15:00,sh603799,华友钴业,12.3,12.94,11.63,11.88,66761,81148952.0,-1.04,-8.04953560371517
2015-09-16,15:00,sh603799,华友钴业,11.91,13.07,11.91,13.07,61959,77381112.0,1.19,10.016835016835016
2015-09-17,15:00,sh603799,华友钴业,13.0,14.36,12.82,13.55,119477,165822464.0,0.48,3.672532517214997
2015-09-18,15:00,sh603799,华友钴业,13.8,14.4,13.57,14.23,91364,128859392.0,0.68,5.018450184501845
2015-09-21,15:00,sh603799,华友钴业,13.7,15.15,13.7,15.09,81446,118806360.0,0.86,6.043569922698524
2015-09-22,15:00,sh603799,华友钴业,15.02,15.5,14.59,14.89,66132,99835344.0,-0.2,-1.325381047051027
2015-09-23,15:00,sh603799,华友钴业,14.49,15.15,14.31,14.53,65448,96193744.0,-0.36,-2.41773002014775
2015-09-24,15:00,sh603799,华友钴业,14.5,14.88,14.2,14.69,63252,92271224.0,0.16,1.1011699931176877
2015-09-25,15:00,sh603799,华友钴业,14.51,14.76,13.4,13.54,48241,67455280.0,-1.15,-7.828454731109597
2015-09-28,15:00,sh603799,华友钴业,13.66,13.88,13.22,13.81,40682,54897340.0,0.27,1.994091580502216
2015-09-29,15:00,sh603799,华友钴业,13.4,13.58,13.32,13.49,28942,38849236.0,-0.32,-2.3171614771904414
2015-09-30,15:00,sh603799,华友钴业,13.6,13.85,13.53,13.68,34758,47626828.0,0.19,1.4084507042253522
2015-10-08,15:00,sh603799,华友钴业,14.48,14.74,14.12,14.5,59504,86100952.0,0.82,5.994152046783626
2015-10-09,15:00,sh603799,华友钴业,14.35,15.95,14.35,15.95,158385,246811360.0,1.45,10.0
2015-10-12,15:00,sh603799,华友钴业,16.42,17.55,16.31,17.55,217695,373453536.0,1.6,10.031347962382444
2015-10-13,15:00,sh603799,华友钴业,17.2,18.65,16.88,18.44,192835,337560192.0,0.89,5.071225071225071
2015-10-14,15:00,sh603799,华友钴业,17.92,19.2,17.55,17.64,152026,277492448.0,-0.8,-4.338394793926248
2015-10-15,15:00,sh603799,华友钴业,17.56,18.29,17.56,18.26,105725,189920624.0,0.62,3.5147392290249435
2015-10-16,15:00,sh603799,华友钴业,18.21,18.66,17.6,18.13,108618,195667232.0,-0.13,-0.7119386637458927
2015-10-19,15:00,sh603799,华友钴业,18.09,18.15,17.49,17.94,113654,202026704.0,-0.19,-1.0479867622724766
2015-10-20,15:00,sh603799,华友钴业,17.99,18.36,17.5,18.32,124910,224674272.0,0.38,2.118171683389075
2015-10-21,15:00,sh603799,华友钴业,18.21,18.27,16.49,16.49,110212,190993840.0,-1.83,-9.989082969432314
2015-10-22,15:00,sh603799,华友钴业,16.4,17.98,15.94,17.81,141264,238085760.0,1.32,8.004851425106125
2015-10-23,15:00,sh603799,华友钴业,17.64,19.26,17.1,18.92,180103,328033152.0,1.11,6.232453677709152
2015-10-26,15:00,sh603799,华友钴业,18.9,20.0,18.11,19.16,166000,314704448.0,0.24,1.2684989429175475
2015-10-27,15:00,sh603799,华友钴业,18.94,19.21,17.6,18.75,104301,193346848.0,-0.41,-2.1398747390396657
2015-10-28,15:00,sh603799,华友钴业,18.25,19.13,17.8,18.04,85960,158662288.0,-0.71,-3.786666666666666
2015-10-29,15:00,sh603799,华友钴业,18.2,18.65,17.5,18.08,76589,138700048.0,0.04,0.2217294900221729
2015-10-30,15:00,sh603799,华友钴业,17.87,18.2,17.38,17.76,48915,87145384.0,-0.32,-1.7699115044247788
2015-11-02,15:00,sh603799,华友钴业,17.3,17.99,17.0,17.16,60036,104830424.0,-0.6,-3.3783783783783785
2015-11-03,15:00,sh603799,华友钴业,17.48,17.89,17.01,17.63,60545,106011400.0,0.47,2.738927738927739
2015-11-04,15:00,sh603799,华友钴业,17.35,18.7,17.35,18.68,89865,164563552.0,1.05,5.955757231990924
2015-11-05,15:00,sh603799,华友钴业,18.5,19.73,18.49,18.9,140690,269111200.0,0.22,1.177730192719486
2015-11-06,15:00,sh603799,华友钴业,18.91,20.79,18.8,20.79,97379,198007488.0,1.89,10.0
2015-11-09,15:00,sh603799,华友钴业,21.84,22.87,20.88,22.24,322602,710556672.0,1.45,6.974506974506975
2015-11-10,15:00,sh603799,华友钴业,22.0,24.13,21.04,23.17,274624,612037312.0,0.93,4.181654676258993
2015-11-11,15:00,sh603799,华友钴业,22.67,23.19,22.4,22.62,136301,310238208.0,-0.55,-2.373759171342253
2015-11-12,15:00,sh603799,华友钴业,22.62,24.22,22.49,23.37,164291,386124576.0,0.75,3.3156498673740056
2015-11-13,15:00,sh603799,华友钴业,22.75,22.98,21.3,21.48,142898,315235072.0,-1.89,-8.087291399229782
2015-11-16,15:00,sh603799,华友钴业,20.88,21.9,20.68,21.66,69534,149326032.0,0.18,0.8379888268156425
2015-11-17,15:00,sh603799,华友钴业,21.77,22.3,21.4,21.69,80532,176328576.0,0.03,0.1385041551246537
2015-11-18,15:00,sh603799,华友钴业,21.69,21.98,20.71,20.87,65656,141240272.0,-0.82,-3.780544029506685
2015-11-19,15:00,sh603799,华友钴业,20.72,22.96,20.72,22.96,119224,265175824.0,2.09,10.014374700527071
2015-11-20,15:00,sh603799,华友钴业,23.7,25.26,23.5,25.26,179929,447311904.0,2.3,10.017421602787456
2015-11-23,15:00,sh603799,华友钴业,26.5,27.7,25.01,25.45,235681,622338368.0,0.19,0.7521773555027712
2015-11-24,15:00,sh603799,华友钴业,25.5,27.6,24.21,26.59,163697,426312960.0,1.14,4.479371316306483
2015-11-25,15:00,sh603799,华友钴业,26.22,29.25,26.12,29.25,188532,536453728.0,2.66,10.003760812335464
2015-11-26,15:00,sh603799,华友钴业,29.0,31.6,28.0,29.65,200687,596154880.0,0.4,1.3675213675213675
2015-11-27,15:00,sh603799,华友钴业,28.86,31.1,26.99,27.71,186833,544918208.0,-1.94,-6.543001686340641
2015-11-30,15:00,sh603799,华友钴业,28.0,29.3,26.13,28.68,153890,430721184.0,0.97,3.500541320822808
2015-12-01,15:00,sh603799,华友钴业,28.75,29.99,26.0,27.2,139580,395160096.0,-1.48,-5.160390516039052
2015-12-02,15:00,sh603799,华友钴业,26.8,27.44,24.51,26.07,87658,227387536.0,-1.13,-4.154411764705882
2015-12-03,15:00,sh603799,华友钴业,26.04,27.3,25.98,26.4,68521,181788288.0,0.33,1.2658227848101269
2015-12-04,15:00,sh603799,华友钴业,26.39,27.28,26.12,26.83,66496,177316512.0,0.43,1.628787878787879
2015-12-07,15:00,sh603799,华友钴业,27.0,29.51,27.0,29.06,145108,412313824.0,2.23,8.311591502049943
2015-12-08,15:00,sh603799,华友钴业,28.6,28.63,27.49,27.68,121444,340573376.0,-1.38,-4.748795595320027
2015-12-09,15:00,sh603799,华友钴业,27.2,29.3,26.8,27.91,84609,239684544.0,0.23,0.8309248554913294
2015-12-10,15:00,sh603799,华友钴业,28.3,28.3,26.52,27.0,65314,178328992.0,-0.91,-3.260480114654245
2015-12-11,15:00,sh603799,华友钴业,26.77,28.04,26.65,27.46,60263,165072000.0,0.46,1.7037037037037035
2015-12-14,15:00,sh603799,华友钴业,27.0,29.5,27.0,28.81,100038,286105056.0,1.35,4.916241806263656
2015-12-15,15:00,sh603799,华友钴业,28.6,29.9,28.0,29.32,85072,243014592.0,0.51,1.770218674071503
2015-12-16,15:00,sh603799,华友钴业,29.2,30.92,28.88,29.41,94252,282821760.0,0.09,0.3069577080491132
2015-12-17,15:00,sh603799,华友钴业,29.57,30.3,29.3,29.79,87873,260398432.0,0.38,1.292077524651479
2015-12-18,15:00,sh603799,华友钴业,29.4,30.0,28.8,28.98,72929,214806960.0,-0.81,-2.719033232628399
2015-12-21,15:00,sh603799,华友钴业,28.9,29.3,28.43,28.81,49100,141652960.0,-0.17,-0.5866114561766735
2015-12-22,15:00,sh603799,华友钴业,28.85,29.68,28.7,29.32,44004,128183408.0,0.51,1.770218674071503
2015-12-23,15:00,sh603799,华友钴业,29.5,29.77,28.67,28.72,49091,142999056.0,-0.6,-2.046384720327422
2015-12-24,15:00,sh603799,华友钴业,28.7,28.8,27.3,27.92,47751,133267960.0,-0.8,-2.785515320334262
2015-12-25,15:00,sh603799,华友钴业,27.95,28.18,27.6,27.73,32099,89248448.0,-0.19,-0.680515759312321
2015-12-28,15:00,sh603799,华友钴业,27.9,28.07,26.07,26.13,53190,144022416.0,-1.6,-5.76992426974396
2015-12-29,15:00,sh603799,华友钴业,25.76,27.32,25.75,26.8,49117,129911280.0,0.67,2.564102564102564
2015-12-30,15:00,sh603799,华友钴业,26.84,27.21,26.49,26.71,25997,69608056.0,-0.09,-0.335820895522388
2015-12-31,15:00,sh603799,华友钴业,26.71,27.12,26.1,26.16,28255,75083632.0,-0.55,-2.059153874953201
2016-01-04,15:00,sh603799,华友钴业,26.16,26.21,23.54,23.6,36543,90024496.0,-2.56,-9.785932721712538
2016-01-05,15:00,sh603799,华友钴业,21.24,24.2,21.24,22.18,59536,133394344.0,-1.42,-6.016949152542373
2016-01-06,15:00,sh603799,华友钴业,22.11,24.0,22.11,23.69,50602,118060088.0,1.51,6.807935076645627
2016-01-07,15:00,sh603799,华友钴业,23.16,23.54,21.32,21.32,9416,21044926.0,-2.37,-10.004221190375686
2016-01-08,15:00,sh603799,华友钴业,22.01,22.8,19.39,22.11,54937,120523312.0,0.79,3.705440900562852
2016-01-11,15:00,sh603799,华友钴业,21.52,22.68,19.99,20.63,42561,92513584.0,-1.48,-6.693803708729082
2016-01-12,15:00,sh603799,华友钴业,20.5,21.37,19.9,20.71,34123,70892680.0,0.08,0.3877847794474067
2016-01-13,15:00,sh603799,华友钴业,21.2,22.42,20.7,21.08,49576,107398856.0,0.37,1.7865765330758083
2016-01-14,15:00,sh603799,华友钴业,20.04,21.98,19.52,21.9,43217,90216608.0,0.82,3.8899430740037952
2016-01-15,15:00,sh603799,华友钴业,21.9,22.16,20.2,20.63,40960,87398272.0,-1.27,-5.799086757990867
2016-01-18,15:00,sh603799,华友钴业,18.57,19.98,18.57,19.6,79569,152182064.0,-1.03,-4.992729035385361
2016-01-19,15:00,sh603799,华友钴业,19.01,20.46,19.01,20.2,59353,116662624.0,0.6,3.061224489795918
2016-01-20,15:00,sh603799,华友钴业,20.12,20.2,19.18,19.23,52308,102938280.0,-0.97,-4.801980198019802
2016-01-21,15:00,sh603799,华友钴业,18.82,18.97,17.32,17.33,57747,105236424.0,-1.9,-9.880395215808631
2016-01-22,15:00,sh603799,华友钴业,17.84,17.89,16.42,17.08,45132,77069200.0,-0.25,-1.442585112521639
2016-01-25,15:00,sh603799,华友钴业,17.23,17.66,17.12,17.37,30187,52438752.0,0.29,1.6978922716627636
2016-01-26,15:00,sh603799,华友钴业,17.2,17.22,15.63,15.63,41521,67513976.0,-1.74,-10.01727115716753
2016-01-27,15:00,sh603799,华友钴业,15.51,15.76,14.11,14.98,61240,91091112.0,-0.65,-4.158669225847729
2016-01-28,15:00,sh603799,华友钴业,14.79,15.7,14.49,14.8,57500,87435736.0,-0.18,-1.2016021361815754
2016-01-29,15:00,sh603799,华友钴业,14.8,15.55,14.21,15.43,57434,86288424.0,0.63,4.256756756756757
2016-02-01,15:00,sh603799,华友钴业,15.11,15.22,14.16,14.44,48866,72064528.0,-0.99,-6.416072585871678
2016-02-02,15:00,sh603799,华友钴业,14.5,15.14,14.3,15.03,44273,65969840.0,0.59,4.085872576177286
2016-02-03,15:00,sh603799,华友钴业,15.02,15.88,14.83,15.6,76077,117476848.0,0.57,3.792415169660679
2016-02-04,15:00,sh603799,华友钴业,15.88,17.16,15.68,17.16,143326,241081152.0,1.56,10.0
2016-02-05,15:00,sh603799,华友钴业,17.33,17.65,16.25,16.3,127423,213905456.0,-0.86,-5.011655011655012
2016-02-15,15:00,sh603799,华友钴业,15.3,17.5,15.3,16.77,80137,131330768.0,0.47,2.883435582822086
2016-02-16,15:00,sh603799,华友钴业,16.51,17.3,16.33,17.17,84669,143543344.0,0.4,2.385211687537269
2016-02-17,15:00,sh603799,华友钴业,16.97,17.16,16.52,17.09,62936,106198232.0,-0.08,-0.46592894583576
2016-02-18,15:00,sh603799,华友钴业,17.2,18.21,16.9,17.25,90940,158856880.0,0.16,0.9362200117027502
2016-02-19,15:00,sh603799,华友钴业,17.01,17.36,16.86,17.09,57619,98451656.0,-0.16,-0.927536231884058
2016-02-22,15:00,sh603799,华友钴业,17.35,17.75,17.15,17.32,77082,134595184.0,0.23,1.3458162668227034
2016-02-23,15:00,sh603799,华友钴业,17.46,18.18,17.25,18.08,101751,179494128.0,0.76,4.387990762124711
2016-02-24,15:00,sh603799,华友钴业,17.64,17.94,17.3,17.68,69142,121915520.0,-0.4,-2.2123893805309733
2016-02-25,15:00,sh603799,华友钴业,17.65,17.94,15.91,15.91,76572,129719576.0,-1.77,-10.01131221719457
2016-02-26,15:00,sh603799,华友钴业,16.0,16.27,14.95,15.58,62789,97568320.0,-0.33,-2.07416719044626
2016-02-29,15:00,sh603799,华友钴业,15.4,15.51,14.02,14.12,59594,85114616.0,-1.46,-9.370988446726573
2016-03-01,15:00,sh603799,华友钴业,14.13,15.53,14.12,15.53,101419,154433584.0,1.41,9.98583569405099
2016-03-02,15:00,sh603799,华友钴业,15.86,17.02,15.77,16.97,141283,231180544.0,1.44,9.27237604636188
2016-03-03,15:00,sh603799,华友钴业,17.7,18.4,17.13,17.27,170726,306013920.0,0.3,1.7678255745433118
2016-03-04,15:00,sh603799,华友钴业,17.25,19.0,17.25,19.0,258138,479578464.0,1.73,10.01737116386798
2016-03-07,15:00,sh603799,华友钴业,19.6,20.5,18.72,19.98,247405,485086432.0,0.98,5.157894736842105
2016-03-08,15:00,sh603799,华友钴业,19.78,19.79,18.5,19.23,145350,278769888.0,-0.75,-3.7537537537537538
2016-03-09,15:00,sh603799,华友钴业,18.21,18.46,17.4,17.7,130070,233026192.0,-1.53,-7.956318252730108
2016-03-10,15:00,sh603799,华友钴业,17.88,18.97,17.68,18.11,148532,271651744.0,0.41,2.3163841807909606
2016-03-11,15:00,sh603799,华友钴业,17.7,18.48,17.42,18.05,92761,167825424.0,-0.06,-0.3313086692435119
2016-03-14,15:00,sh603799,华友钴业,18.45,19.2,17.92,18.65,130433,242558768.0,0.6,3.32409972299169
2016-03-15,15:00,sh603799,华友钴业,18.46,18.46,17.81,17.99,81829,148109216.0,-0.66,-3.53887399463807
2016-03-16,15:00,sh603799,华友钴业,17.89,18.47,17.62,17.74,69092,124395832.0,-0.25,-1.3896609227348526
2016-03-17,15:00,sh603799,华友钴业,18.05,18.87,17.95,18.68,121905,225201024.0,0.94,5.2987598647125145
2016-03-18,15:00,sh603799,华友钴业,18.62,20.55,18.62,20.55,111615,223773648.0,1.87,10.010706638115632
2016-03-21,15:00,sh603799,华友钴业,21.0,22.53,20.96,22.13,200639,436764896.0,1.58,7.688564476885645
2016-03-22,15:00,sh603799,华友钴业,21.68,23.38,21.15,21.98,170273,373410560.0,-0.15,-0.6778129236330772
2016-03-23,15:00,sh603799,华友钴业,21.5,21.96,20.89,21.54,170234,363596320.0,-0.44,-2.001819836214741
2016-03-24,15:00,sh603799,华友钴业,20.94,21.19,20.52,20.82,127446,266592336.0,-0.72,-3.3426183844011144
2016-03-25,15:00,sh603799,华友钴业,20.5,20.99,20.0,20.47,130295,266623424.0,-0.35,-1.6810758885686838
2016-03-28,15:00,sh603799,华友钴业,20.59,21.3,20.47,20.94,146413,305285344.0,0.47,2.296042989741085
2016-03-29,15:00,sh603799,华友钴业,20.64,20.8,19.88,20.01,109091,220949904.0,-0.93,-4.441260744985674
2016-03-30,15:00,sh603799,华友钴业,20.3,21.6,20.21,21.49,139994,293251456.0,1.48,7.396301849075463
2016-03-31,15:00,sh603799,华友钴业,21.48,21.7,20.9,21.1,114552,243885664.0,-0.39,-1.8147975802698928
2016-04-01,15:00,sh603799,华友钴业,21.0,21.96,20.78,21.48,133852,287071040.0,0.38,1.800947867298578
2016-04-05,15:00,sh603799,华友钴业,22.45,22.98,21.85,22.85,181527,408609408.0,1.37,6.378026070763501
2016-04-06,15:00,sh603799,华友钴业,22.4,22.7,22.01,22.28,138595,309310656.0,-0.57,-2.4945295404814005
2016-04-07,15:00,sh603799,华友钴业,21.8,22.28,21.38,21.51,103964,225908784.0,-0.77,-3.456014362657092
2016-04-08,15:00,sh603799,华友钴业,21.25,22.43,21.03,21.51,85439,184569088.0,0.0,0.0
2016-04-11,15:00,sh603799,华友钴业,21.51,22.3,21.45,21.52,82684,180083328.0,0.01,0.0464900046490004
2016-04-12,15:00,sh603799,华友钴业,21.19,21.49,20.73,21.24,71669,150761504.0,-0.28,-1.3011152416356877
2016-04-13,15:00,sh603799,华友钴业,21.85,23.36,21.85,22.84,239064,543377856.0,1.6,7.532956685499058
2016-04-14,15:00,sh603799,华友钴业,22.55,23.16,22.22,22.29,143308,323272928.0,-0.55,-2.408056042031524
2016-04-15,15:00,sh603799,华友钴业,22.08,22.4,21.4,21.92,90723,198334672.0,-0.37,-1.6599371915657246
2016-04-18,15:00,sh603799,华友钴业,21.5,21.51,20.76,21.0,83269,175049776.0,-0.92,-4.197080291970803
2016-04-19,15:00,sh603799,华友钴业,21.0,21.36,20.78,21.16,65678,138593936.0,0.16,0.7619047619047619
2016-04-20,15:00,sh603799,华友钴业,21.47,21.76,19.06,19.8,105583,214250064.0,-1.36,-6.427221172022684
2016-04-21,15:00,sh603799,华友钴业,19.8,20.68,19.26,19.93,86959,174512480.0,0.13,0.6565656565656566
2016-04-22,15:00,sh603799,华友钴业,19.2,19.62,19.0,19.44,75199,144760240.0,-0.49,-2.458605117912694
2016-04-25,15:00,sh603799,华友钴业,19.57,19.68,19.14,19.47,44911,87352720.0,0.03,0.1543209876543209
2016-04-26,15:00,sh603799,华友钴业,19.21,19.65,19.17,19.64,40028,77713448.0,0.17,0.8731381612737544
2016-04-27,15:00,sh603799,华友钴业,19.76,19.84,19.33,19.69,42777,84210208.0,0.05,0.2545824847250509
2016-04-28,15:00,sh603799,华友钴业,19.87,19.87,18.83,19.17,47928,92540824.0,-0.52,-2.6409344845099034
2016-04-29,15:00,sh603799,华友钴业,19.2,19.89,19.0,19.48,50097,98162608.0,0.31,1.6171100678142931
2016-05-03,15:00,sh603799,华友钴业,19.58,20.76,19.52,20.57,70895,143922832.0,1.09,5.595482546201231
2016-05-04,15:00,sh603799,华友钴业,20.55,22.51,20.4,21.53,134377,290867584.0,0.96,4.666990763247448
2016-05-05,15:00,sh603799,华友钴业,21.5,23.61,21.36,23.27,204130,469202560.0,1.74,8.081746400371575
2016-05-06,15:00,sh603799,华友钴业,23.55,24.59,23.34,23.36,297498,712232768.0,0.09,0.3867640739149119
2016-05-09,15:00,sh603799,华友钴业,22.66,24.98,22.55,24.26,292127,706406464.0,0.9,3.852739726027397
2016-05-10,15:00,sh603799,华友钴业,23.8,25.5,22.02,24.67,207412,501712480.0,0.41,1.6900247320692496
2016-05-11,15:00,sh603799,华友钴业,25.49,25.76,24.19,24.27,158748,396855648.0,-0.4,-1.6214025131738954
2016-05-12,15:00,sh603799,华友钴业,23.5,25.66,23.42,25.62,235891,585364864.0,1.35,5.562422744128554
2016-05-13,15:00,sh603799,华友钴业,26.41,28.18,26.0,28.18,365657,1010213184.0,2.56,9.992193598750976
2016-05-16,15:00,sh603799,华友钴业,27.6,31.0,27.43,31.0,280437,835419456.0,2.82,10.007097232079488
2016-05-17,15:00,sh603799,华友钴业,32.15,34.0,30.77,31.21,410471,1321844224.0,0.21,0.6774193548387096
2016-05-18,15:00,sh603799,华友钴业,30.62,32.2,29.18,30.67,326767,1004215744.0,-0.54,-1.730214674783723
2016-05-19,15:00,sh603799,华友钴业,30.58,33.55,29.73,33.34,393265,1233208064.0,2.67,8.705575480925987
2016-05-20,15:00,sh603799,华友钴业,32.11,34.38,31.08,31.91,276415,896578368.0,-1.43,-4.289142171565687
2016-05-23,15:00,sh603799,华友钴业,31.1,33.32,31.1,32.43,201071,649101120.0,0.52,1.629583202757756
2016-05-24,15:00,sh603799,华友钴业,32.2,34.87,31.52,34.19,266276,889669184.0,1.76,5.427073697193956
2016-05-25,15:00,sh603799,华友钴业,33.9,35.5,32.58,33.65,240402,821578176.0,-0.54,-1.5794091839719218
2016-05-26,15:00,sh603799,华友钴业,33.67,33.95,31.5,33.34,188717,615292480.0,-0.31,-0.9212481426448738
2016-05-27,15:00,sh603799,华友钴业,32.84,33.81,30.85,30.98,196323,628939456.0,-2.36,-7.078584283143371
2016-05-30,15:00,sh603799,华友钴业,30.35,30.7,29.54,29.63,200507,603359232.0,-1.35,-4.357650096836669
2016-05-31,15:00,sh603799,华友钴业,30.08,31.6,29.95,31.38,232069,711455296.0,1.75,5.90617617279784
2016-06-01,15:00,sh603799,华友钴业,31.38,34.07,30.55,32.82,294778,960200256.0,1.44,4.588910133843212
2016-06-02,15:00,sh603799,华友钴业,32.1,33.97,31.95,32.73,201321,665835264.0,-0.09,-0.2742230347349177
2016-06-03,15:00,sh603799,华友钴业,31.01,31.42,29.46,29.48,502401,1520808704.0,-3.25,-9.929728078215703
2016-06-06,15:00,sh603799,华友钴业,28.68,30.38,28.68,30.27,271662,806587008.0,0.79,2.679782903663501
2016-06-07,15:00,sh603799,华友钴业,30.3,32.49,29.8,31.17,303115,949969152.0,0.9,2.973240832507433
2016-06-08,15:00,sh603799,华友钴业,30.89,32.3,29.52,31.49,305594,948280384.0,0.32,1.0266281681103626
2016-06-13,15:00,sh603799,华友钴业,30.67,34.64,30.33,33.72,510464,1717564032.0,2.23,7.081613210543029
2016-06-14,15:00,sh603799,华友钴业,33.0,35.87,32.6,34.25,396906,1359690880.0,0.53,1.571767497034401
2016-06-15,15:00,sh603799,华友钴业,33.56,37.68,33.51,37.68,280304,1007405504.0,3.43,10.014598540145986
2016-06-16,15:00,sh603799,华友钴业,38.81,41.45,38.69,41.45,422031,1706119808.0,3.77,10.005307855626327
2016-06-17,15:00,sh603799,华友钴业,42.47,45.6,40.6,42.12,445656,1897146112.0,0.67,1.6164053075995175
2016-06-20,15:00,sh603799,华友钴业,41.5,43.15,39.98,41.33,257853,1070738816.0,-0.79,-1.875593542260209
2016-06-21,15:00,sh603799,华友钴业,41.0,41.98,37.2,37.38,508906,1973771008.0,-3.95,-9.557222356641663
2016-06-22,15:00,sh603799,华友钴业,37.21,38.8,36.46,38.7,373306,1411932288.0,1.32,3.531300160513644
2016-06-23,15:00,sh603799,华友钴业,38.1,38.38,35.79,37.01,293591,1083963136.0,-1.69,-4.366925064599483
2016-06-24,15:00,sh603799,华友钴业,36.98,38.39,36.0,37.67,306142,1139871104.0,0.66,1.7833018103215348
2016-06-27,15:00,sh603799,华友钴业,37.17,38.38,36.47,38.2,265962,993914816.0,0.53,1.406955136713565
2016-06-28,15:00,sh603799,华友钴业,37.77,38.64,36.86,37.35,197854,741398848.0,-0.85,-2.225130890052356
2016-06-29,15:00,sh603799,华友钴业,37.6,40.5,37.35,38.75,387364,1513336320.0,1.4,3.748326639892905
2016-06-30,15:00,sh603799,华友钴业,38.28,38.6,36.94,37.2,216303,808125376.0,-1.55,-4.0
2016-07-01,15:00,sh603799,华友钴业,36.95,37.8,36.53,37.18,159165,591868928.0,-0.02,-0.053763440860215
2016-07-04,15:00,sh603799,华友钴业,36.5,39.5,36.5,38.12,268196,1031476224.0,0.94,2.528240989779452
2016-07-05,15:00,sh603799,华友钴业,38.5,39.0,37.52,38.61,224435,859341568.0,0.49,1.285414480587618
2016-07-06,15:00,sh603799,华友钴业,38.1,42.3,37.91,41.45,382576,1549532160.0,2.84,7.355607355607356
2016-07-07,15:00,sh603799,华友钴业,43.1,45.6,43.01,45.6,144600,650021312.0,4.15,10.012062726176117
2016-07-08,15:00,sh603799,华友钴业,48.0,48.35,42.9,43.03,442906,2040660608.0,-2.57,-5.635964912280702
2016-07-11,15:00,sh603799,华友钴业,42.0,44.85,41.88,43.59,293049,1279777920.0,0.56,1.3014176156170114
2016-07-12,15:00,sh603799,华友钴业,43.16,44.9,41.49,42.98,217132,936725952.0,-0.61,-1.3994035329203949
2016-07-13,15:00,sh603799,华友钴业,43.67,44.77,41.86,43.35,243654,1060721152.0,0.37,0.860865518845975
2016-07-14,15:00,sh603799,华友钴业,43.0,43.28,41.02,42.21,191816,807236672.0,-1.14,-2.629757785467128
2016-07-15,15:00,sh603799,华友钴业,42.75,42.75,41.4,41.88,131628,553618752.0,-0.33,-0.7818052594171997
2016-07-18,15:00,sh603799,华友钴业,41.0,41.45,39.35,39.45,204191,816842560.0,-2.43,-5.802292263610315
2016-07-19,15:00,sh603799,华友钴业,39.51,40.43,39.2,40.02,123492,492149152.0,0.57,1.4448669201520912
2016-07-20,15:00,sh603799,华友钴业,40.0,43.2,39.51,42.76,274997,1147973760.0,2.74,6.846576711644178
2016-07-21,15:00,sh603799,华友钴业,42.7,44.5,42.23,43.49,223331,970151680.0,0.73,1.7072029934518242
2016-07-22,15:00,sh603799,华友钴业,43.51,43.51,40.4,40.74,186867,777484224.0,-2.75,-6.323292710968039
2016-07-25,15:00,sh603799,华友钴业,39.96,39.96,36.72,37.38,235115,891752896.0,-3.36,-8.24742268041237
2016-07-26,15:00,sh603799,华友钴业,37.35,38.3,36.47,37.72,130337,490118752.0,0.34,0.909577314071696
2016-07-27,15:00,sh603799,华友钴业,37.41,37.97,34.2,34.37,173323,619930496.0,-3.35,-8.881230116648993
2016-07-28,15:00,sh603799,华友钴业,34.5,35.8,33.6,34.86,156130,542939008.0,0.49,1.4256619144602851
2016-07-29,15:00,sh603799,华友钴业,35.01,35.99,33.68,35.3,163195,571311808.0,0.44,1.262191623637407
2016-08-01,15:00,sh603799,华友钴业,34.95,36.35,34.51,35.68,121838,434261600.0,0.38,1.076487252124646
2016-08-02,15:00,sh603799,华友钴业,35.59,36.29,35.15,35.8,100895,359510016.0,0.12,0.336322869955157
2016-08-03,15:00,sh603799,华友钴业,35.78,36.1,35.5,35.62,101212,362110240.0,-0.18,-0.5027932960893855
2016-08-04,15:00,sh603799,华友钴业,35.66,37.87,34.8,37.02,200364,730874688.0,1.4,3.930376193149916
2016-08-05,15:00,sh603799,华友钴业,36.8,39.5,36.1,38.56,260559,993391744.0,1.54,4.159913560237709
2016-08-08,15:00,sh603799,华友钴业,37.9,39.15,37.79,38.28,141843,545031808.0,-0.28,-0.7261410788381742
2016-08-09,15:00,sh603799,华友钴业,38.07,38.95,37.45,38.31,137176,522321792.0,0.03,0.0783699059561128
2016-08-10,15:00,sh603799,华友钴业,38.31,39.99,38.01,39.01,197630,776555136.0,0.7,1.8271991647089527
2016-08-11,15:00,sh603799,华友钴业,38.88,38.88,37.46,37.51,126274,479600672.0,-1.5,-3.8451679056652144
2016-08-12,15:00,sh603799,华友钴业,37.99,38.68,37.42,37.9,97843,371558528.0,0.39,1.039722740602506
2016-08-15,15:00,sh603799,华友钴业,37.7,38.66,37.11,38.59,149854,572264320.0,0.69,1.820580474934037
2016-08-16,15:00,sh603799,华友钴业,39.33,40.49,39.33,40.02,216579,865569664.0,1.43,3.7056232184503752
2016-08-17,15:00,sh603799,华友钴业,39.74,39.99,38.73,39.7,129622,509246080.0,-0.32,-0.7996001999000499
2016-08-18,15:00,sh603799,华友钴业,39.5,40.5,39.2,39.45,126744,504909120.0,-0.25,-0.6297229219143577
2016-08-19,15:00,sh603799,华友钴业,39.1,39.4,38.22,38.57,97387,376904864.0,-0.88,-2.2306717363751583
2016-08-22,15:00,sh603799,华友钴业,38.2,38.55,37.3,37.35,84035,317850432.0,-1.22,-3.163080114078299
2016-08-23,15:00,sh603799,华友钴业,37.61,38.25,36.5,37.06,87300,324961280.0,-0.29,-0.7764390896921017
2016-08-24,15:00,sh603799,华友钴业,37.24,37.3,36.66,36.91,57662,213218704.0,-0.15,-0.404749055585537
2016-08-25,15:00,sh603799,华友钴业,36.67,36.67,35.42,35.87,90164,322734080.0,-1.04,-2.817664589542129
2016-08-26,15:00,sh603799,华友钴业,36.35,36.4,35.79,35.9,71729,258257488.0,0.03,0.0836353498745469
2016-08-29,15:00,sh603799,华友钴业,35.98,35.98,35.1,35.53,62378,220980512.0,-0.37,-1.0306406685236769
2016-08-30,15:00,sh603799,华友钴业,35.53,35.53,33.83,34.26,167458,573826048.0,-1.27,-3.5744441317196736
2016-08-31,15:00,sh603799,华友钴业,34.2,35.62,32.99,35.59,209411,717899392.0,1.33,3.882078225335668
2016-09-01,15:00,sh603799,华友钴业,35.3,35.65,34.48,34.5,109704,384282240.0,-1.09,-3.062658050014049
2016-09-02,15:00,sh603799,华友钴业,34.14,35.18,33.51,33.82,97762,334419712.0,-0.68,-1.971014492753623
2016-09-05,15:00,sh603799,华友钴业,34.0,34.74,33.5,34.1,89760,306834784.0,0.28,0.827912477823773
2016-09-06,15:00,sh603799,华友钴业,34.25,35.6,34.21,35.29,146916,515544992.0,1.19,3.489736070381232
2016-09-07,15:00,sh603799,华友钴业,35.29,36.1,34.82,34.91,117805,418372960.0,-0.38,-1.0767922924341171
2016-09-08,15:00,sh603799,华友钴业,34.98,35.25,34.56,35.03,56483,197179776.0,0.12,0.3437410484101976
2016-09-09,15:00,sh603799,华友钴业,35.0,36.1,35.0,35.37,121166,432493280.0,0.34,0.9705966314587496
2016-09-12,15:00,sh603799,华友钴业,34.3,34.32,32.87,32.9,115995,389185280.0,-2.47,-6.983319197059655
2016-09-13,15:00,sh603799,华友钴业,33.1,33.45,32.0,32.38,89830,292061440.0,-0.52,-1.5805471124620063
2016-09-14,15:00,sh603799,华友钴业,32.3,32.3,31.4,31.69,78932,249738064.0,-0.69,-2.1309450277949358
2016-09-19,15:00,sh603799,华友钴业,31.67,31.98,31.52,31.85,51824,164459584.0,0.16,0.5048911328494794
2016-09-20,15:00,sh603799,华友钴业,31.8,31.9,30.68,31.33,114505,357194336.0,-0.52,-1.6326530612244898
2016-09-21,15:00,sh603799,华友钴业,31.03,31.9,31.03,31.52,80742,254954400.0,0.19,0.6064474944142995
2016-09-22,15:00,sh603799,华友钴业,31.98,31.98,31.1,31.15,63167,198200144.0,-0.37,-1.173857868020305
2016-09-23,15:00,sh603799,华友钴业,30.12,30.71,28.7,28.92,206740,610818880.0,-2.23,-7.158908507223114
2016-09-26,15:00,sh603799,华友钴业,28.74,28.74,27.55,28.1,155484,435361856.0,-0.82,-2.835408022130014
2016-09-27,15:00,sh603799,华友钴业,28.0,28.5,27.74,28.38,123731,348049440.0,0.28,0.99644128113879
2016-09-28,15:00,sh603799,华友钴业,28.24,28.34,27.91,27.97,65541,184295648.0,-0.41,-1.4446793516560958
2016-09-29,15:00,sh603799,华友钴业,27.98,28.34,27.43,27.56,84742,236158000.0,-0.41,-1.465856274579907
2016-09-30,15:00,sh603799,华友钴业,27.45,27.5,26.99,27.42,100538,273522016.0,-0.14,-0.5079825834542816
2016-10-10,15:00,sh603799,华友钴业,27.55,28.5,27.41,28.47,113081,317674272.0,1.05,3.8293216630196936
2016-10-11,15:00,sh603799,华友钴业,28.48,28.67,28.03,28.23,83624,235992192.0,-0.24,-0.8429926238145415
2016-10-12,15:00,sh603799,华友钴业,28.5,30.46,28.24,29.74,229160,678566208.0,1.51,5.348919589089621
2016-10-13,15:00,sh603799,华友钴业,29.6,30.26,29.16,29.82,134365,401489568.0,0.08,0.2689979825151311
2016-10-14,15:00,sh603799,华友钴业,29.68,29.75,29.12,29.42,85485,250808880.0,-0.4,-1.341381623071764
2016-10-17,15:00,sh603799,华友钴业,29.46,30.66,29.44,29.82,169356,511900160.0,0.4,1.3596193065941535
2016-10-18,15:00,sh603799,华友钴业,29.6,30.79,29.21,30.41,161940,489882016.0,0.59,1.978537894030852
2016-10-19,15:00,sh603799,华友钴业,30.89,31.21,29.99,30.28,103537,314847840.0,-0.13,-0.4274909569220651
2016-10-20,15:00,sh603799,华友钴业,30.06,30.75,30.0,30.12,83623,252841680.0,-0.16,-0.5284015852047557
2016-10-21,15:00,sh603799,华友钴业,30.21,30.26,29.08,29.24,94126,277033216.0,-0.88,-2.921646746347941
2016-10-24,15:00,sh603799,华友钴业,29.06,29.49,28.7,29.33,80649,235042736.0,0.09,0.307797537619699
2016-10-25,15:00,sh603799,华友钴业,29.3,29.98,29.29,29.93,78774,233327968.0,0.6,2.0456870098874878
2016-10-26,15:00,sh603799,华友钴业,30.2,30.4,29.35,29.51,88192,262003552.0,-0.42,-1.40327430671567
2016-10-27,15:00,sh603799,华友钴业,29.3,29.78,29.15,29.48,48953,144421696.0,-0.03,-0.1016604540833615
2016-10-28,15:00,sh603799,华友钴业,29.44,29.46,28.65,28.67,68034,197207072.0,-0.81,-2.7476255088195387
2016-10-31,15:00,sh603799,华友钴业,29.1,31.54,28.82,31.54,239928,734437760.0,2.87,10.010463899546563
2016-11-01,15:00,sh603799,华友钴业,32.2,33.8,30.72,32.89,485523,1571346688.0,1.35,4.280279010779962
2016-11-02,15:00,sh603799,华友钴业,32.05,34.24,32.05,33.23,338734,1118926080.0,0.34,1.0337488598358164
2016-11-03,15:00,sh603799,华友钴业,32.69,34.75,32.61,33.98,323894,1099065216.0,0.75,2.2569966897381883
2016-11-04,15:00,sh603799,华友钴业,33.62,34.67,33.26,33.59,202452,684233216.0,-0.39,-1.1477339611536197
2016-11-07,15:00,sh603799,华友钴业,33.4,35.88,33.3,35.54,363003,1260488448.0,1.95,5.805299196189342
2016-11-08,15:00,sh603799,华友钴业,35.81,36.95,34.61,34.93,344909,1235895552.0,-0.61,-1.7163759144625774
2016-11-09,15:00,sh603799,华友钴业,34.35,35.49,33.41,34.55,249151,858486656.0,-0.38,-1.0878900658459776
2016-11-10,15:00,sh603799,华友钴业,35.0,35.89,33.8,34.31,205302,711709504.0,-0.24,-0.6946454413892909
2016-11-11,15:00,sh603799,华友钴业,33.8,35.79,32.8,34.81,343999,1178112256.0,0.5,1.457301078402798
2016-11-14,15:00,sh603799,华友钴业,33.9,34.3,33.28,33.77,183333,618694656.0,-1.04,-2.987647227808101
2016-11-15,15:00,sh603799,华友钴业,33.77,34.24,33.33,33.62,93883,316040160.0,-0.15,-0.4441812259401835
2016-11-16,15:00,sh603799,华友钴业,33.62,34.24,33.36,33.73,92263,311875616.0,0.11,0.3271861986912552
2016-11-17,15:00,sh603799,华友钴业,33.5,33.73,32.75,33.12,86625,287611520.0,-0.61,-1.8084790987251704
2016-11-18,15:00,sh603799,华友钴业,32.92,33.78,32.72,33.57,100236,334113824.0,0.45,1.358695652173913
2016-11-21,15:00,sh603799,华友钴业,33.71,34.18,33.3,33.49,96962,326748864.0,-0.08,-0.2383080131069407
2016-11-22,15:00,sh603799,华友钴业,33.5,35.22,33.06,35.17,232390,796276096.0,1.68,5.016422812779934
2016-11-23,15:00,sh603799,华友钴业,35.17,35.64,34.65,34.7,175930,618633984.0,-0.47,-1.3363662212112597
2016-11-24,15:00,sh603799,华友钴业,34.88,35.85,34.53,34.62,136071,478553056.0,-0.08,-0.2305475504322766
2016-11-25,15:00,sh603799,华友钴业,34.62,34.8,33.01,33.82,118604,398897312.0,-0.8,-2.310803004043905
2016-11-28,15:00,sh603799,华友钴业,33.69,34.8,33.45,34.52,156827,537139776.0,0.7,2.069781194559432
2016-11-29,15:00,sh603799,华友钴业,33.98,34.28,33.15,33.48,129420,435339168.0,-1.04,-3.0127462340672078
2016-11-30,15:00,sh603799,华友钴业,33.05,33.88,33.05,33.65,63305,211839808.0,0.17,0.5077658303464755
2016-12-01,15:00,sh603799,华友钴业,34.23,34.51,33.53,33.74,62791,213067296.0,0.09,0.2674591381872214
2016-12-02,15:00,sh603799,华友钴业,33.78,33.82,32.8,32.84,57578,191321424.0,-0.9,-2.667457024303497
2016-12-05,15:00,sh603799,华友钴业,32.48,33.33,32.1,32.89,44146,145102080.0,0.05,0.1522533495736906
2016-12-06,15:00,sh603799,华友钴业,33.36,33.99,32.87,33.79,83425,279197216.0,0.9,2.736394040741867
2016-12-07,15:00,sh603799,华友钴业,34.17,36.82,33.8,35.94,241956,855829376.0,2.15,6.362829239419947
2016-12-08,15:00,sh603799,华友钴业,35.5,36.26,35.17,36.1,172617,618899200.0,0.16,0.4451864218141347
2016-12-09,15:00,sh603799,华友钴业,35.96,37.08,35.37,35.41,176885,641843136.0,-0.69,-1.9113573407202216
2016-12-12,15:00,sh603799,华友钴业,35.58,36.5,33.65,34.13,185140,654516096.0,-1.28,-3.61479807963852
2016-12-13,15:00,sh603799,华友钴业,33.75,35.19,33.35,34.87,108612,374973792.0,0.74,2.1681804863756224
2016-12-14,15:00,sh603799,华友钴业,34.53,36.38,34.52,35.31,164695,587726464.0,0.44,1.2618296529968454
2016-12-15,15:00,sh603799,华友钴业,34.66,37.28,34.66,37.23,218384,792660672.0,1.92,5.437553101104503
2016-12-16,15:00,sh603799,华友钴业,37.26,37.45,36.52,36.86,135503,500016128.0,-0.37,-0.99382218640881
2016-12-19,15:00,sh603799,华友钴业,36.95,37.79,36.16,36.61,122035,449478816.0,-0.25,-0.6782419967444384
2016-12-20,15:00,sh603799,华友钴业,36.88,39.1,36.75,38.45,223946,849496832.0,1.84,5.0259491942092325
2016-12-21,15:00,sh603799,华友钴业,38.1,38.84,37.58,38.39,138240,525965728.0,-0.06,-0.1560468140442132
2016-12-22,15:00,sh603799,华友钴业,38.14,39.8,37.16,37.33,221771,852964608.0,-1.06,-2.7611357124251104
2016-12-23,15:00,sh603799,华友钴业,37.96,38.67,37.2,38.06,139243,528322240.0,0.73,1.9555317439057056
2016-12-26,15:00,sh603799,华友钴业,38.09,39.07,37.01,38.55,164043,628241408.0,0.49,1.2874408828166053
2016-12-27,15:00,sh603799,华友钴业,38.38,38.87,37.68,37.84,88390,336331616.0,-0.71,-1.8417639429312584
2016-12-28,15:00,sh603799,华友钴业,37.7,38.2,36.41,36.49,111604,413659616.0,-1.35,-3.567653276955603
2016-12-29,15:00,sh603799,华友钴业,36.28,36.49,34.2,35.05,157454,554733952.0,-1.44,-3.9462866538777743
2016-12-30,15:00,sh603799,华友钴业,34.93,35.48,34.78,35.17,49025,172024224.0,0.12,0.3423680456490727
2017-01-03,15:00,sh603799,华友钴业,35.65,36.75,35.65,36.03,98113,354725184.0,0.86,2.445265851578049
2017-01-04,15:00,sh603799,华友钴业,36.09,37.2,35.63,36.91,134026,491241024.0,0.88,2.4424091035248403
2017-01-05,15:00,sh603799,华友钴业,36.79,37.28,36.59,36.64,69606,256770608.0,-0.27,-0.7315090761311298
2017-01-06,15:00,sh603799,华友钴业,36.5,36.83,35.5,35.53,80821,289626784.0,-1.11,-3.0294759825327517
2017-01-09,15:00,sh603799,华友钴业,35.51,36.8,34.9,36.61,99587,358337600.0,1.08,3.039684773430904
2017-01-10,15:00,sh603799,华友钴业,36.7,38.08,36.5,37.5,157286,590487744.0,0.89,2.431029773285988
2017-01-11,15:00,sh603799,华友钴业,38.6,39.16,37.5,37.63,176059,677218688.0,0.13,0.3466666666666667
2017-01-12,15:00,sh603799,华友钴业,37.54,39.45,37.28,39.19,223757,871220416.0,1.56,4.145628487908583
2017-01-13,15:00,sh603799,华友钴业,39.8,39.98,38.35,38.51,121289,472164224.0,-0.68,-1.735136514416943
2017-01-16,15:00,sh603799,华友钴业,38.58,39.5,35.68,37.04,180472,683467968.0,-1.47,-3.817190340171385
2017-01-17,15:00,sh603799,华友钴业,37.13,39.12,36.8,39.08,158219,602003264.0,2.04,5.50755939524838
2017-01-18,15:00,sh603799,华友钴业,38.98,39.71,38.66,39.17,119902,468928928.0,0.09,0.2302968270214943
2017-01-19,15:00,sh603799,华友钴业,38.88,39.0,37.4,37.6,109807,416855360.0,-1.57,-4.0081695174878735
2017-01-20,15:00,sh603799,华友钴业,37.0,38.29,36.74,37.72,85950,323853568.0,0.12,0.3191489361702127
2017-01-23,15:00,sh603799,华友钴业,37.85,38.89,37.76,38.57,92325,354316960.0,0.85,2.253446447507953
2017-01-24,15:00,sh603799,华友钴业,38.65,38.66,37.36,37.41,68160,257892368.0,-1.16,-3.007518796992481
2017-01-25,15:00,sh603799,华友钴业,37.5,37.98,37.46,37.54,43288,163118848.0,0.13,0.3475006682705159
2017-01-26,15:00,sh603799,华友钴业,37.51,38.7,37.51,38.51,81167,310590624.0,0.97,2.583910495471497
2017-02-03,15:00,sh603799,华友钴业,38.7,39.34,38.2,39.0,82635,321516864.0,0.49,1.272396780057128
2017-02-06,15:00,sh603799,华友钴业,38.79,39.5,38.3,39.01,89843,348737824.0,0.01,0.0256410256410256
2017-02-07,15:00,sh603799,华友钴业,39.25,41.98,38.92,41.16,215612,878547008.0,2.15,5.511407331453474
2017-02-08,15:00,sh603799,华友钴业,40.76,41.55,40.55,41.49,123587,506853184.0,0.33,0.8017492711370262
2017-02-09,15:00,sh603799,华友钴业,41.97,41.99,40.7,41.21,108687,448790752.0,-0.28,-0.6748614123885274
2017-02-10,15:00,sh603799,华友钴业,41.44,43.2,41.18,41.36,155820,656423808.0,0.15,0.3639893229798592
2017-02-13,15:00,sh603799,华友钴业,42.25,43.3,41.45,42.98,172131,730604032.0,1.62,3.9168278529980656
2017-02-14,15:00,sh603799,华友钴业,42.98,43.2,42.14,42.32,98652,418662592.0,-0.66,-1.5355979525360632
2017-02-15,15:00,sh603799,华友钴业,42.35,42.6,40.75,40.97,117214,484884288.0,-1.35,-3.1899810964083173
2017-02-16,15:00,sh603799,华友钴业,41.25,45.07,41.25,45.07,314321,1388838784.0,4.1,10.007322431047108
2017-02-17,15:00,sh603799,华友钴业,40.56,45.07,40.56,43.52,238030,1034338496.0,-1.55,-3.439094741513202
2017-02-20,15:00,sh603799,华友钴业,43.7,46.25,43.1,45.25,178245,805789056.0,1.73,3.975183823529412
2017-02-21,15:00,sh603799,华友钴业,45.75,49.78,44.89,49.78,272521,1300120448.0,4.53,10.011049723756903
2017-02-22,15:00,sh603799,华友钴业,52.07,53.9,50.0,51.43,360830,1861965568.0,1.65,3.314584170349538
2017-02-23,15:00,sh603799,华友钴业,54.5,56.57,52.5,56.57,429881,2371057408.0,5.14,9.994166828699203
2017-02-24,15:00,sh603799,华友钴业,56.0,56.27,53.82,54.58,339204,1862259200.0,-1.99,-3.5177656001414177
2017-02-27,15:00,sh603799,华友钴业,55.0,57.76,54.81,55.83,345239,1941439232.0,1.25,2.290216196408941
2017-02-28,15:00,sh603799,华友钴业,56.86,60.95,56.22,58.55,351980,2041966720.0,2.72,4.871932652695683
2017-03-01,15:00,sh603799,华友钴业,57.51,60.25,56.23,58.02,286029,1664404480.0,-0.53,-0.905209222886422
2017-03-02,15:00,sh603799,华友钴业,57.9,60.67,57.55,59.81,290214,1720157696.0,1.79,3.085143054119269
2017-03-03,15:00,sh603799,华友钴业,60.31,61.88,56.52,56.8,382732,2258058496.0,-3.01,-5.032603243604748
2017-03-06,15:00,sh603799,华友钴业,55.31,57.3,55.01,56.19,275571,1548493952.0,-0.61,-1.073943661971831
2017-03-07,15:00,sh603799,华友钴业,56.1,57.23,52.18,52.97,340921,1846440960.0,-3.22,-5.730557038618971
2017-03-08,15:00,sh603799,华友钴业,53.1,53.97,52.58,53.34,163962,875730880.0,0.37,0.6985085897677931
2017-03-09,15:00,sh603799,华友钴业,54.2,55.1,53.34,53.68,233201,1263443840.0,0.34,0.6374203224596925
2017-03-10,15:00,sh603799,华友钴业,52.5,55.27,52.1,54.44,242141,1310271360.0,0.76,1.4157973174366618
2017-03-13,15:00,sh603799,华友钴业,54.28,55.4,53.3,55.34,217344,1182940800.0,0.9,1.653196179279941
2017-03-14,15:00,sh603799,华友钴业,55.1,56.09,54.29,54.32,212436,1171667968.0,-1.02,-1.8431514275388508
2017-03-15,15:00,sh603799,华友钴业,53.99,57.33,53.7,56.94,324783,1816989568.0,2.62,4.823269513991164
2017-03-16,15:00,sh603799,华友钴业,57.4,57.55,56.12,56.67,213262,1207602560.0,-0.27,-0.4741833508956797
2017-03-17,15:00,sh603799,华友钴业,56.32,56.97,55.17,55.59,187372,1052008064.0,-1.08,-1.9057702488088937
2017-03-20,15:00,sh603799,华友钴业,54.75,55.93,50.92,52.1,285443,1515668608.0,-3.49,-6.278107573304551
2017-03-21,15:00,sh603799,华友钴业,52.21,52.38,51.16,51.84,149252,772389248.0,-0.26,-0.4990403071017275
2017-03-22,15:00,sh603799,华友钴业,52.0,53.08,51.51,52.31,152708,801441536.0,0.47,0.906635802469136
2017-03-23,15:00,sh603799,华友钴业,52.3,53.22,51.32,52.98,156451,821153280.0,0.67,1.2808258459185624
2017-03-24,15:00,sh603799,华友钴业,53.22,53.4,49.95,50.07,210371,1080852736.0,-2.91,-5.49263873159683
2017-03-27,15:00,sh603799,华友钴业,49.9,51.18,49.02,50.28,129527,650760512.0,0.21,0.4194128220491312
2017-03-28,15:00,sh603799,华友钴业,50.05,51.15,49.98,50.49,129845,658399360.0,0.21,0.4176610978520286
2017-03-29,15:00,sh603799,华友钴业,50.43,50.97,49.54,49.86,114882,576908800.0,-0.63,-1.2477718360071302
2017-03-30,15:00,sh603799,华友钴业,49.69,50.8,49.1,50.02,139028,696232512.0,0.16,0.3208985158443642
2017-03-31,15:00,sh603799,华友钴业,50.5,52.18,50.27,51.8,239617,1229076736.0,1.78,3.55857656937225
2017-04-05,15:00,sh603799,华友钴业,51.2,55.99,51.02,55.63,404088,2174756864.0,3.83,7.393822393822394
2017-04-06,15:00,sh603799,华友钴业,55.0,56.18,54.01,55.74,215986,1189828224.0,0.11,0.1977350350530289
2017-04-07,15:00,sh603799,华友钴业,55.5,56.29,53.42,54.46,187447,1027408640.0,-1.28,-2.2963760315751705
2017-04-10,15:00,sh603799,华友钴业,53.8,54.82,49.8,49.94,209634,1098458112.0,-4.52,-8.299669482188762
2017-04-11,15:00,sh603799,华友钴业,50.05,50.91,47.5,49.36,182221,898896704.0,-0.58,-1.1613936724068885
2017-04-12,15:00,sh603799,华友钴业,52.0,54.3,50.98,53.16,237318,1256915072.0,3.8,7.698541329011345
2017-04-13,15:00,sh603799,华友钴业,53.08,53.37,51.68,52.68,127417,670484416.0,-0.48,-0.9029345372460496
2017-04-14,15:00,sh603799,华友钴业,53.29,55.18,52.76,53.54,191169,1037977600.0,0.86,1.632498101746393
2017-04-17,15:00,sh603799,华友钴业,52.7,56.0,52.7,55.12,213572,1172014592.0,1.58,2.9510646245797534
2017-04-18,15:00,sh603799,华友钴业,55.5,56.15,54.52,54.66,124312,686144064.0,-0.46,-0.8345428156748911
2017-04-19,15:00,sh603799,华友钴业,54.2,54.2,49.8,51.21,217915,1119510400.0,-3.45,-6.311745334796927
2017-04-20,15:00,sh603799,华友钴业,51.28,51.98,49.9,51.69,123873,631027008.0,0.48,0.9373169302870532
2017-04-21,15:00,sh603799,华友钴业,51.3,51.85,48.58,49.04,126851,638409408.0,-2.65,-5.126716966531244
2017-04-24,15:00,sh603799,华友钴业,48.02,48.41,44.14,44.34,190410,868280960.0,-4.7,-9.584013050570965
2017-04-25,15:00,sh603799,华友钴业,44.5,45.5,44.15,44.66,96478,432978112.0,0.32,0.7216959855660803
2017-04-26,15:00,sh603799,华友钴业,45.0,47.3,44.88,46.85,151279,701822592.0,2.19,4.903716972682489
2017-04-27,15:00,sh603799,华友钴业,46.85,48.19,45.15,47.7,128698,603786752.0,0.85,1.814300960512273
2017-04-28,15:00,sh603799,华友钴业,47.5,48.18,46.88,47.33,83224,394910240.0,-0.37,-0.7756813417190775
2017-05-02,15:00,sh603799,华友钴业,47.0,50.7,47.0,49.69,143611,710459840.0,2.36,4.986266638495668
2017-05-03,15:00,sh603799,华友钴业,49.5,50.42,48.78,49.66,105944,524112384.0,-0.03,-0.0603743207888911
2017-05-04,15:00,sh603799,华友钴业,49.2,49.89,48.55,48.63,79679,392190816.0,-1.03,-2.0741039065646394
2017-05-05,15:00,sh603799,华友钴业,48.0,48.16,44.29,44.95,193242,885810240.0,-3.68,-7.567345260127493
2017-05-08,15:00,sh603799,华友钴业,44.6,45.66,43.58,43.89,122620,546415232.0,-1.06,-2.35817575083426
2017-05-09,15:00,sh603799,华友钴业,44.0,44.3,41.59,43.48,149189,639081088.0,-0.41,-0.9341535657325132
2017-05-10,15:00,sh603799,华友钴业,43.6,44.33,41.82,42.86,106404,458462272.0,-0.62,-1.4259429622815087
2017-05-11,15:00,sh603799,华友钴业,42.0,43.67,40.79,43.55,159653,669873408.0,0.69,1.6098926738217452
2017-05-12,15:00,sh603799,华友钴业,43.31,43.9,42.56,43.4,99381,430382464.0,-0.15,-0.3444316877152698
2017-05-15,15:00,sh603799,华友钴业,43.19,43.8,42.3,42.67,80572,346161504.0,-0.73,-1.6820276497695852
2017-05-16,15:00,sh603799,华友钴业,42.31,46.2,41.71,45.87,186472,820837440.0,3.2,7.4994141082727905
2017-05-17,15:00,sh603799,华友钴业,45.3,45.87,44.31,44.33,138214,621260608.0,-1.54,-3.357314148681055
2017-05-18,15:00,sh603799,华友钴业,43.62,45.11,43.41,44.79,116048,515536704.0,0.46,1.037672005413941
2017-05-19,15:00,sh603799,华友钴业,47.0,47.7,45.15,45.22,218880,1018077888.0,0.43,0.9600357222594328
2017-05-22,15:00,sh603799,华友钴业,44.0,44.4,42.78,42.99,144512,629897600.0,-2.23,-4.931446262715613
2017-05-23,15:00,sh603799,华友钴业,42.7,43.85,42.2,42.27,97633,419499264.0,-0.72,-1.6748080949057922
2017-05-24,15:00,sh603799,华友钴业,42.25,43.17,42.0,43.13,77761,332263968.0,0.86,2.0345398627868465
2017-05-25,15:00,sh603799,华友钴业,42.98,43.8,42.5,43.66,99678,431325312.0,0.53,1.2288430326918618
2017-05-26,15:00,sh603799,华友钴业,43.7,43.96,42.82,43.19,86223,374079104.0,-0.47,-1.076500229042602
2017-05-31,15:00,sh603799,华友钴业,44.18,44.57,42.42,42.62,71300,309963008.0,-0.57,-1.3197499421162306
2017-06-01,15:00,sh603799,华友钴业,42.2,42.46,39.9,40.16,139671,573109248.0,-2.46,-5.771938057250117
2017-06-02,15:00,sh603799,华友钴业,40.19,41.88,39.53,41.42,101919,415144000.0,1.26,3.137450199203187
2017-06-05,15:00,sh603799,华友钴业,41.18,42.17,41.18,41.4,70458,293906464.0,-0.02,-0.0482858522452921
2017-06-06,15:00,sh603799,华友钴业,41.12,42.56,40.88,42.29,91036,381612160.0,0.89,2.1497584541062804
2017-06-07,15:00,sh603799,华友钴业,42.17,43.78,42.01,43.34,93125,400293376.0,1.05,2.482856467249941
2017-06-08,15:00,sh603799,华友钴业,43.36,44.46,42.83,43.16,109210,477998592.0,-0.18,-0.4153207198892478
2017-06-09,15:00,sh603799,华友钴业,43.26,45.38,43.2,44.96,174356,777890624.0,1.8,4.170528266913809
2017-06-12,15:00,sh603799,华友钴业,44.55,47.1,44.51,45.85,157341,725578176.0,0.89,1.979537366548043
2017-06-13,15:00,sh603799,华友钴业,46.4,50.44,46.4,50.44,301536,1474606464.0,4.59,10.010905125408945
2017-06-14,15:00,sh603799,华友钴业,52.3,54.33,52.27,53.19,367802,1949588864.0,2.75,5.452022204599524
2017-06-15,15:00,sh603799,华友钴业,53.35,55.48,52.99,53.01,282164,1528754432.0,-0.18,-0.338409475465313
2017-06-16,15:00,sh603799,华友钴业,54.01,57.97,52.85,55.38,350815,1933229056.0,2.37,4.470854555744199
2017-06-19,15:00,sh603799,华友钴业,54.81,57.16,54.32,56.49,218152,1218635904.0,1.11,2.00433369447454
2017-06-20,15:00,sh603799,华友钴业,56.9,58.06,55.78,55.98,248243,1415588352.0,-0.51,-0.9028146574614976
2017-06-21,15:00,sh603799,华友钴业,55.8,56.93,54.45,56.88,210012,1171066240.0,0.9,1.607717041800643
2017-06-22,15:00,sh603799,华友钴业,56.69,58.29,54.15,54.33,281003,1581337728.0,-2.55,-4.483122362869199
2017-06-23,15:00,sh603799,华友钴业,52.99,56.53,52.85,56.33,269624,1488915072.0,2.0,3.681207436039021
2017-06-26,15:00,sh603799,华友钴业,57.51,58.9,56.0,58.27,282492,1625456640.0,1.94,3.4439907686845377
2017-06-27,15:00,sh603799,华友钴业,57.53,60.2,57.26,59.85,242084,1428624768.0,1.58,2.7115153595332075
2017-06-28,15:00,sh603799,华友钴业,59.3,59.5,57.51,58.01,205567,1199132032.0,-1.84,-3.074352548036759
2017-06-29,15:00,sh603799,华友钴业,58.4,58.97,57.1,57.15,155144,901157824.0,-0.86,-1.482503016721255
2017-06-30,15:00,sh603799,华友钴业,57.1,60.95,55.82,60.78,224966,1310058752.0,3.63,6.351706036745407
2017-07-03,15:00,sh603799,华友钴业,60.98,61.86,59.9,61.52,165928,1010557120.0,0.74,1.217505758473182
2017-07-04,15:00,sh603799,华友钴业,61.0,62.29,57.8,57.96,242871,1450943360.0,-3.56,-5.786736020806242
2017-07-05,15:00,sh603799,华友钴业,57.57,63.76,57.27,62.59,395888,2428864000.0,4.63,7.988267770876467
2017-07-06,15:00,sh603799,华友钴业,61.61,64.76,61.51,62.59,327820,2064039552.0,0.0,0.0
2017-07-07,15:00,sh603799,华友钴业,62.83,67.02,62.13,65.08,314635,2032681088.0,2.49,3.9782712893433456
2017-07-10,15:00,sh603799,华友钴业,64.3,66.2,63.17,64.67,241716,1563809024.0,-0.41,-0.6299938537185003
2017-07-11,15:00,sh603799,华友钴业,64.0,64.0,60.39,60.76,232291,1439834624.0,-3.91,-6.046080098963971
2017-07-12,15:00,sh603799,华友钴业,61.35,63.18,60.88,62.84,227052,1413081088.0,2.08,3.423304805793285
2017-07-13,15:00,sh603799,华友钴业,62.9,65.88,62.9,63.79,257262,1653783808.0,0.95,1.5117759388924252
2017-07-14,15:00,sh603799,华友钴业,62.5,65.11,60.58,64.03,223521,1415762816.0,0.24,0.3762345195171657
2017-07-17,15:00,sh603799,华友钴业,62.3,64.38,60.0,60.87,239947,1488649984.0,-3.16,-4.9351866312665935
2017-07-18,15:00,sh603799,华友钴业,60.6,61.96,58.21,60.98,184115,1105248512.0,0.11,0.1807129949071792
2017-07-19,15:00,sh603799,华友钴业,60.85,65.3,59.7,64.18,286841,1792955392.0,3.2,5.247622171203673
2017-07-20,15:00,sh603799,华友钴业,63.95,68.33,63.68,65.89,277757,1844654080.0,1.71,2.664381427235899
2017-07-21,15:00,sh603799,华友钴业,65.47,68.02,65.0,67.46,195140,1308410624.0,1.57,2.382759144027925
2017-07-24,15:00,sh603799,华友钴业,67.2,68.33,62.88,63.78,315398,2045668992.0,-3.68,-5.455084494515269
2017-07-25,15:00,sh603799,华友钴业,63.0,64.6,61.41,63.19,205072,1292036480.0,-0.59,-0.92505487613672
2017-07-26,15:00,sh603799,华友钴业,63.45,63.88,60.82,62.02,189272,1174068352.0,-1.17,-1.851558790947935
2017-07-27,15:00,sh603799,华友钴业,61.51,61.79,56.74,59.43,246096,1460612096.0,-2.59,-4.17607223476298
2017-07-28,15:00,sh603799,华友钴业,57.49,63.36,57.49,62.26,240692,1475952128.0,2.83,4.761904761904762
2017-07-31,15:00,sh603799,华友钴业,62.2,64.88,61.31,64.04,223251,1409896960.0,1.78,2.858978477353036
2017-08-01,15:00,sh603799,华友钴业,63.99,67.81,63.1,66.05,271660,1778849408.0,2.01,3.138663335415365
2017-08-02,15:00,sh603799,华友钴业,66.4,68.7,65.18,66.07,245934,1643165312.0,0.02,0.0302800908402725
2017-08-03,15:00,sh603799,华友钴业,68.81,71.5,67.6,68.11,328621,2275556096.0,2.04,3.087634327228697
2017-08-04,15:00,sh603799,华友钴业,67.66,69.26,64.4,65.31,253891,1703849856.0,-2.8,-4.110996916752312
2017-08-07,15:00,sh603799,华友钴业,65.53,68.52,64.36,67.97,193608,1295113984.0,2.66,4.072883172561629
2017-08-08,15:00,sh603799,华友钴业,67.94,70.5,65.53,66.51,221967,1515298048.0,-1.46,-2.148006473444166
2017-08-09,15:00,sh603799,华友钴业,65.53,67.3,64.95,67.13,138713,920080768.0,0.62,0.9321906480228536
2017-08-10,15:00,sh603799,华友钴业,67.17,67.5,63.16,63.21,199083,1291554304.0,-3.92,-5.839416058394161
2017-08-11,15:00,sh603799,华友钴业,63.4,65.45,61.0,62.16,196667,1246101632.0,-1.05,-1.6611295681063123
2017-08-14,15:00,sh603799,华友钴业,63.71,67.2,62.75,66.92,226581,1487202048.0,4.76,7.657657657657657
2017-08-15,15:00,sh603799,华友钴业,66.8,68.5,65.68,67.12,147980,989081728.0,0.2,0.2988643156007173
2017-08-16,15:00,sh603799,华友钴业,66.75,67.11,63.68,65.06,155290,1010655680.0,-2.06,-3.0691299165673422
2017-08-17,15:00,sh603799,华友钴业,65.9,67.3,64.5,65.67,139872,922910016.0,0.61,0.9375960651706116
2017-08-18,15:00,sh603799,华友钴业,64.48,64.5,62.8,63.36,120650,766004928.0,-2.31,-3.5175879396984926
2017-08-21,15:00,sh603799,华友钴业,64.0,64.5,63.1,63.92,109748,701016256.0,0.56,0.8838383838383838
2017-08-22,15:00,sh603799,华友钴业,64.0,70.31,63.7,70.31,313654,2136371968.0,6.39,9.996871088861075
2017-08-23,15:00,sh603799,华友钴业,70.58,71.79,68.05,69.38,261458,1829021568.0,-0.93,-1.322713696486986
2017-08-24,15:00,sh603799,华友钴业,69.95,71.17,67.6,70.7,224255,1565266688.0,1.32,1.9025655808590367
2017-08-25,15:00,sh603799,华友钴业,69.99,77.35,69.48,74.76,297972,2192505856.0,4.06,5.742574257425743
2017-08-28,15:00,sh603799,华友钴业,76.5,79.48,75.8,77.0,296716,2296593664.0,2.24,2.9962546816479403
2017-08-29,15:00,sh603799,华友钴业,77.79,80.3,76.0,76.75,235224,1847153280.0,-0.25,-0.3246753246753247
2017-08-30,15:00,sh603799,华友钴业,76.0,80.0,75.3,79.25,239117,1865061504.0,2.5,3.257328990228013
2017-08-31,15:00,sh603799,华友钴业,79.0,84.14,78.46,82.06,279171,2260395264.0,2.81,3.545741324921136
2017-09-01,15:00,sh603799,华友钴业,81.0,88.23,80.75,85.81,260020,2198098432.0,3.75,4.569826955885937
2017-09-04,15:00,sh603799,华友钴业,85.18,87.87,83.6,84.42,218092,1858972800.0,-1.39,-1.6198578254282718
2017-09-05,15:00,sh603799,华友钴业,84.55,87.3,82.48,85.93,216256,1837660416.0,1.51,1.7886756692726842
2017-09-06,15:00,sh603799,华友钴业,84.5,94.52,84.5,91.19,373348,3389614336.0,5.26,6.121261491912022
2017-09-07,15:00,sh603799,华友钴业,90.02,91.83,87.25,87.96,265927,2373979392.0,-3.23,-3.5420550498958217
2017-09-08,15:00,sh603799,华友钴业,88.37,89.87,85.81,86.27,226535,1993382784.0,-1.69,-1.9213278763074124
2017-09-11,15:00,sh603799,华友钴业,89.2,94.5,87.77,93.96,294623,2684767232.0,7.69,8.913875043468181
2017-09-12,15:00,sh603799,华友钴业,93.98,96.5,84.7,86.28,383784,3488260608.0,-7.68,-8.173690932311622
2017-09-13,15:00,sh603799,华友钴业,85.18,88.64,83.73,87.88,268288,2316936960.0,1.6,1.854427445526194
2017-09-14,15:00,sh603799,华友钴业,87.0,93.8,86.33,89.0,257633,2326872576.0,1.12,1.2744651797906237
2017-09-15,15:00,sh603799,华友钴业,89.05,89.85,83.23,86.02,250765,2147235584.0,-2.98,-3.348314606741573
2017-09-18,15:00,sh603799,华友钴业,86.4,91.49,86.03,89.57,233881,2086507648.0,3.55,4.126947221576378
2017-09-19,15:00,sh603799,华友钴业,88.99,90.65,86.2,88.66,251077,2225807872.0,-0.91,-1.0159651669085632
2017-09-20,15:00,sh603799,华友钴业,87.66,93.0,87.47,91.02,247774,2243702272.0,2.36,2.6618542747575007
2017-09-21,15:00,sh603799,华友钴业,90.0,92.54,87.6,88.91,210142,1883294848.0,-2.11,-2.3181718303669525
2017-09-22,15:00,sh603799,华友钴业,88.28,88.56,85.0,85.85,187915,1624273024.0,-3.06,-3.4416826003824093
2017-09-25,15:00,sh603799,华友钴业,85.3,86.6,82.21,82.34,172170,1441778176.0,-3.51,-4.088526499708794
2017-09-26,15:00,sh603799,华友钴业,81.74,85.66,81.74,84.24,140371,1182162176.0,1.9,2.307505465144523
2017-09-27,15:00,sh603799,华友钴业,84.29,89.8,83.64,89.13,243415,2137006976.0,4.89,5.804843304843304
2017-09-28,15:00,sh603799,华友钴业,89.13,93.0,88.9,90.76,193618,1772686848.0,1.63,1.8287894087288232
2017-09-29,15:00,sh603799,华友钴业,92.99,93.69,87.85,91.47,177368,1606801152.0,0.71,0.7822829440282062
2017-10-09,15:00,sh603799,华友钴业,92.98,93.0,88.26,88.94,160837,1438248448.0,-2.53,-2.765934186071936
2017-10-10,15:00,sh603799,华友钴业,89.07,89.4,86.66,87.07,127746,1118922240.0,-1.87,-2.102541038902631
2017-10-11,15:00,sh603799,华友钴业,86.29,86.43,79.5,83.79,249728,2066745216.0,-3.28,-3.767083955438153
2017-10-12,15:00,sh603799,华友钴业,82.72,84.4,81.41,82.64,115638,955833792.0,-1.15,-1.3724788160878387
2017-10-13,15:00,sh603799,华友钴业,83.51,84.39,82.28,82.73,113554,945108800.0,0.09,0.1089060987415295
2017-10-16,15:00,sh603799,华友钴业,81.3,84.66,80.98,84.04,126270,1054779520.0,1.31,1.5834642813973163
2017-10-17,15:00,sh603799,华友钴业,83.85,86.2,83.01,83.15,125542,1064214400.0,-0.89,-1.0590195145168968
2017-10-18,15:00,sh603799,华友钴业,82.59,83.44,80.0,80.55,116085,941722752.0,-2.6,-3.126879134095009
2017-10-19,15:00,sh603799,华友钴业,80.9,82.8,80.55,81.33,96360,786982464.0,0.78,0.968342644320298
2017-10-20,15:00,sh603799,华友钴业,81.35,87.64,80.89,87.27,221388,1889603968.0,5.94,7.303578015492438
2017-10-23,15:00,sh603799,华友钴业,86.9,87.44,85.47,86.45,117679,1018300032.0,-0.82,-0.9396126962300904
2017-10-24,15:00,sh603799,华友钴业,86.7,89.8,86.21,87.45,134153,1177125760.0,1.0,1.156737998843262
2017-10-25,15:00,sh603799,华友钴业,86.95,87.4,84.28,86.09,115366,986072064.0,-1.36,-1.5551743853630646
2017-10-26,15:00,sh603799,华友钴业,86.0,91.7,84.8,89.65,218531,1935575296.0,3.56,4.135207341154605
2017-10-27,15:00,sh603799,华友钴业,88.8,91.4,87.88,90.47,147598,1327765888.0,0.82,0.9146681539319576
2017-10-30,15:00,sh603799,华友钴业,87.0,90.42,86.5,87.68,186315,1644055296.0,-2.79,-3.083895213883055
2017-10-31,15:00,sh603799,华友钴业,87.65,96.2,87.6,94.97,275725,2554196224.0,7.29,8.314324817518248
2017-11-01,15:00,sh603799,华友钴业,96.13,100.9,93.5,98.2,310798,3019751680.0,3.23,3.401074023375803
2017-11-02,15:00,sh603799,华友钴业,97.22,99.74,95.51,96.41,194400,1899091712.0,-1.79,-1.8228105906313647
2017-11-03,15:00,sh603799,华友钴业,96.05,99.0,95.0,96.97,143841,1392661248.0,0.56,0.5808526086505549
2017-11-06,15:00,sh603799,华友钴业,97.01,97.56,91.28,92.78,203342,1899584000.0,-4.19,-4.3209239971125095
2017-11-07,15:00,sh603799,华友钴业,92.61,94.82,89.82,92.06,166229,1532673280.0,-0.72,-0.776029316663074
2017-11-08,15:00,sh603799,华友钴业,92.08,93.8,90.51,93.38,158552,1466069376.0,1.32,1.433847490766891
2017-11-09,15:00,sh603799,华友钴业,94.41,95.8,90.81,91.53,143259,1327560064.0,-1.85,-1.981152281002356
2017-11-10,15:00,sh603799,华友钴业,90.8,92.28,89.22,91.79,178417,1614330880.0,0.26,0.28405987108052
2017-11-13,15:00,sh603799,华友钴业,91.6,92.23,88.08,88.82,201721,1807706624.0,-2.97,-3.235646584595272
2017-11-14,15:00,sh603799,华友钴业,88.91,88.99,83.6,83.65,223834,1930044672.0,-5.17,-5.82076108984463
2017-11-15,15:00,sh603799,华友钴业,82.5,82.59,76.51,77.44,303064,2394578432.0,-6.21,-7.423789599521817
2017-11-16,15:00,sh603799,华友钴业,79.0,79.29,76.58,77.74,155016,1209354240.0,0.3,0.387396694214876
2017-11-17,15:00,sh603799,华友钴业,77.49,79.77,75.97,76.26,174910,1372086400.0,-1.48,-1.9037818368922048
2017-11-20,15:00,sh603799,华友钴业,75.53,81.77,75.11,81.27,197614,1560082432.0,5.01,6.569630212431156
2017-11-21,15:00,sh603799,华友钴业,80.5,82.76,79.6,82.17,158344,1292905088.0,0.9,1.1074197120708749
2017-11-22,15:00,sh603799,华友钴业,82.21,84.18,81.32,83.49,148776,1235658624.0,1.32,1.6064257028112447
2017-11-23,15:00,sh603799,华友钴业,83.45,88.14,83.0,84.92,241347,2083402624.0,1.43,1.7127799736495388
2017-11-24,15:00,sh603799,华友钴业,84.07,88.26,83.2,86.75,162725,1411439872.0,1.83,2.1549693829486576
2017-11-27,15:00,sh603799,华友钴业,86.0,87.86,78.08,78.56,197197,1629721728.0,-8.19,-9.44092219020173
2017-11-28,15:00,sh603799,华友钴业,77.0,83.88,76.9,83.59,183354,1477110400.0,5.03,6.40274949083503
2017-11-29,15:00,sh603799,华友钴业,83.4,84.75,81.8,82.78,148619,1235962112.0,-0.81,-0.9690154324679986
2017-11-30,15:00,sh603799,华友钴业,83.41,85.82,82.71,84.74,144832,1221865344.0,1.96,2.3677216719014256
2017-12-01,15:00,sh603799,华友钴业,83.93,87.6,82.3,86.2,176791,1507265280.0,1.46,1.7229171583667688
2017-12-04,15:00,sh603799,华友钴业,85.4,89.12,84.91,87.27,171835,1498077696.0,1.07,1.2412993039443156
2017-12-05,15:00,sh603799,华友钴业,87.2,87.9,81.33,83.47,154192,1297499136.0,-3.8,-4.354302738627249
2017-12-06,15:00,sh603799,华友钴业,82.78,84.5,79.24,83.26,150709,1233628928.0,-0.21,-0.251587396669462
2017-12-07,15:00,sh603799,华友钴业,82.61,83.38,79.5,79.91,122942,993833152.0,-3.35,-4.02354071582993
2017-12-08,15:00,sh603799,华友钴业,79.91,82.09,79.88,81.0,102711,834187200.0,1.09,1.3640345388562132
2017-12-11,15:00,sh603799,华友钴业,83.8,86.66,82.6,85.77,182952,1555328896.0,4.77,5.888888888888888
2017-12-12,15:00,sh603799,华友钴业,86.0,92.5,85.8,90.81,280785,2524685312.0,5.04,5.876180482686253
2017-12-13,15:00,sh603799,华友钴业,89.5,89.5,85.8,87.69,259034,2260373248.0,-3.12,-3.435744962008589
2017-12-14,15:00,sh603799,华友钴业,88.77,89.47,87.0,88.89,179785,1586733696.0,1.2,1.3684570646595962
2017-12-15,15:00,sh603799,华友钴业,88.5,89.56,82.88,84.89,211402,1817565440.0,-4.0,-4.499943750703117
2017-12-18,15:00,sh603799,华友钴业,82.0,84.67,79.5,80.14,212154,1725022976.0,-4.75,-5.595476498998704
2017-12-19,15:00,sh603799,华友钴业,80.0,81.28,77.8,80.16,143516,1137974016.0,0.02,0.0249563264287496
2017-12-20,15:00,sh603799,华友钴业,79.3,80.77,78.0,79.2,102895,817963584.0,-0.96,-1.1976047904191618
2017-12-21,15:00,sh603799,华友钴业,79.37,83.07,78.51,82.17,205225,1667236608.0,2.97,3.75
2017-12-22,15:00,sh603799,华友钴业,81.65,83.19,81.19,81.73,124620,1022976128.0,-0.44,-0.535475234270415
2017-12-25,15:00,sh603799,华友钴业,81.5,84.35,81.5,82.37,149176,1236732416.0,0.64,0.7830661935641747
2017-12-26,15:00,sh603799,华友钴业,82.0,82.69,80.5,81.34,103624,841278016.0,-1.03,-1.250455262838412
2017-12-27,15:00,sh603799,华友钴业,81.33,83.17,81.0,81.81,143229,1178853120.0,0.47,0.5778214900417998
2017-12-28,15:00,sh603799,华友钴业,80.11,82.1,79.71,81.13,124937,1012615360.0,-0.68,-0.8311942305341645
2017-12-29,15:00,sh603799,华友钴业,80.02,80.89,78.5,80.23,118944,947117632.0,-0.9,-1.109330703808702
2018-01-02,15:00,sh603799,华友钴业,80.03,81.49,79.05,80.97,96997,780827136.0,0.74,0.922348248784744
2018-01-03,15:00,sh603799,华友钴业,81.6,89.0,81.4,87.17,307550,2663048960.0,6.2,7.65715697171792
2018-01-04,15:00,sh603799,华友钴业,87.21,91.7,87.21,89.79,264860,2382221056.0,2.62,3.0056211999541125
2018-01-05,15:00,sh603799,华友钴业,89.61,93.01,89.05,90.95,226905,2070831488.0,1.16,1.291903329992204
2018-01-08,15:00,sh603799,华友钴业,90.95,95.0,90.95,94.18,205907,1933497472.0,3.23,3.551401869158879
2018-01-09,15:00,sh603799,华友钴业,94.3,96.0,91.8,92.96,142937,1335083520.0,-1.22,-1.2953918029305589
2018-01-10,15:00,sh603799,华友钴业,92.2,93.73,90.1,92.31,138336,1265321728.0,-0.65,-0.6992254733218589
2018-01-11,15:00,sh603799,华友钴业,95.49,97.56,92.41,94.23,179283,1700638720.0,1.92,2.079948001299968
2018-01-12,15:00,sh603799,华友钴业,94.0,94.02,91.32,91.62,103533,955364992.0,-2.61,-2.76981852913085
2018-01-15,15:00,sh603799,华友钴业,92.0,92.92,86.19,86.22,225426,1988046592.0,-5.4,-5.893909626719057
2018-01-16,15:00,sh603799,华友钴业,85.9,88.89,85.5,88.39,141740,1243348736.0,2.17,2.51681744374855
2018-01-17,15:00,sh603799,华友钴业,88.61,88.61,80.57,83.66,223188,1865014272.0,-4.73,-5.351284081909719
2018-01-18,15:00,sh603799,华友钴业,83.64,85.5,83.0,83.74,99702,840213888.0,0.08,0.0956251494142959
2018-01-19,15:00,sh603799,华友钴业,82.75,87.25,82.75,85.99,143013,1222500096.0,2.25,2.6868879866252686
2018-01-22,15:00,sh603799,华友钴业,87.0,87.88,84.71,87.14,119044,1028592576.0,1.15,1.337364809861612
2018-01-23,15:00,sh603799,华友钴业,93.0,93.97,90.3,92.55,272699,2519709184.0,5.41,6.2084002754188665
2018-01-24,15:00,sh603799,华友钴业,92.48,94.94,90.6,93.47,196497,1820001024.0,0.92,0.9940572663425176
2018-01-25,15:00,sh603799,华友钴业,92.5,95.12,92.45,93.82,162296,1522364032.0,0.35,0.3744516957312507
2018-01-26,15:00,sh603799,华友钴业,92.77,99.68,92.33,96.95,225323,2180657152.0,3.13,3.3361756555105524
2018-01-29,15:00,sh603799,华友钴业,98.68,103.34,96.55,101.98,235653,2364394496.0,5.03,5.18824136152656
2018-01-30,15:00,sh603799,华友钴业,100.0,100.95,92.8,93.02,272708,2646221056.0,-8.96,-8.786036477740733
2018-01-31,15:00,sh603799,华友钴业,92.5,102.0,92.5,100.0,243457,2389225728.0,6.98,7.503762631692109
2018-02-01,15:00,sh603799,华友钴业,102.0,103.85,97.0,97.82,212311,2129844864.0,-2.18,-2.18
2018-02-02,15:00,sh603799,华友钴业,96.75,102.16,93.05,100.63,212854,2101939200.0,2.81,2.8726231854426496
2018-02-05,15:00,sh603799,华友钴业,96.99,98.9,91.7,95.02,252118,2413489664.0,-5.61,-5.574878266918415
2018-02-06,15:00,sh603799,华友钴业,92.28,95.9,88.01,88.68,231530,2107770624.0,-6.34,-6.67227952010103
2018-02-07,15:00,sh603799,华友钴业,91.5,92.52,86.7,87.9,193190,1730675072.0,-0.78,-0.8795669824086604
2018-02-08,15:00,sh603799,华友钴业,87.9,92.83,86.01,91.81,189653,1716022144.0,3.91,4.448236632536974
2018-02-09,15:00,sh603799,华友钴业,89.21,92.8,84.96,87.01,251306,2226480128.0,-4.8,-5.228188650473804
2018-02-12,15:00,sh603799,华友钴业,88.8,95.55,87.01,95.24,236801,2175407104.0,8.23,9.458682910010344
2018-02-13,15:00,sh603799,华友钴业,98.06,99.33,95.3,95.94,190377,1846968192.0,0.7,0.7349853002939941
2018-02-14,15:00,sh603799,华友钴业,97.9,100.5,95.82,99.99,205325,2026024576.0,4.05,4.221388367729831
2018-02-22,15:00,sh603799,华友钴业,102.13,109.99,102.13,109.99,140564,1507863808.0,10.0,10.00100010001
2018-02-23,15:00,sh603799,华友钴业,114.0,116.29,110.2,113.92,286601,3240861696.0,3.93,3.5730520956450587
2018-02-26,15:00,sh603799,华友钴业,115.19,118.88,110.8,114.53,324424,3721688320.0,0.61,0.5354634831460674
2018-02-27,15:00,sh603799,华友钴业,112.22,116.88,111.54,112.36,216370,2463705088.0,-2.17,-1.894700078582031
2018-02-28,15:00,sh603799,华友钴业,112.36,121.2,112.36,121.01,305777,3586906368.0,8.65,7.698469206123175
2018-03-01,15:00,sh603799,华友钴业,119.01,123.34,118.2,120.08,265387,3200775168.0,-0.93,-0.7685315263201389
2018-03-02,15:00,sh603799,华友钴业,118.8,127.68,118.7,123.06,296943,3673638912.0,2.98,2.481678880746169
2018-03-05,15:00,sh603799,华友钴业,124.54,127.89,121.39,124.98,239673,2994080512.0,1.92,1.5602145294978058
2018-03-06,15:00,sh603799,华友钴业,124.0,126.12,116.25,120.44,291363,3524014848.0,-4.54,-3.6325812129940793
2018-03-07,15:00,sh603799,华友钴业,120.01,122.82,118.0,120.84,170137,2051224576.0,0.4,0.3321155762205247
2018-03-08,15:00,sh603799,华友钴业,119.19,120.98,115.67,118.81,198457,2343077120.0,-2.03,-1.6799073154584576
2018-03-09,15:00,sh603799,华友钴业,118.31,120.8,118.31,119.7,144608,1728947072.0,0.89,0.7490951940072385
2018-03-12,15:00,sh603799,华友钴业,121.05,129.88,121.05,128.54,285912,3600097280.0,8.84,7.385129490392648
2018-03-15,15:00,sh603799,华友钴业,133.0,135.8,127.57,132.09,247423,3261363200.0,3.55,2.7617862144079663
2018-03-16,15:00,sh603799,华友钴业,131.0,131.76,127.66,128.85,168150,2174750720.0,-3.24,-2.4528730411083357
2018-03-19,15:00,sh603799,华友钴业,126.98,131.49,124.47,131.13,191267,2438734336.0,2.28,1.769499417927823
2018-03-20,15:00,sh603799,华友钴业,129.88,131.88,126.5,127.54,138616,1788696576.0,-3.59,-2.737741172881873
2018-03-21,15:00,sh603799,华友钴业,127.0,129.4,121.3,122.73,152278,1911957248.0,-4.81,-3.771365846009095
2018-03-22,15:00,sh603799,华友钴业,124.79,128.21,123.11,126.43,187904,2362028288.0,3.7,3.014747820418805
2018-03-23,15:00,sh603799,华友钴业,121.02,123.7,113.79,116.17,287340,3401272320.0,-10.26,-8.115162540536264
2018-03-26,15:00,sh603799,华友钴业,114.21,122.5,114.21,122.34,246037,2939625216.0,6.17,5.311181888611518
2018-03-27,15:00,sh603799,华友钴业,125.0,126.5,122.68,125.49,205967,2567905792.0,3.15,2.574791564492398
2018-03-28,15:00,sh603799,华友钴业,122.95,124.48,118.0,119.28,206607,2491355904.0,-6.21,-4.948601482189816
2018-03-29,15:00,sh603799,华友钴业,120.0,121.0,112.58,115.1,215448,2478362368.0,-4.18,-3.5043594902749837
2018-03-30,15:00,sh603799,华友钴业,116.46,119.33,116.14,118.54,142332,1677650176.0,3.44,2.9887054735013034
2018-04-02,15:00,sh603799,华友钴业,118.6,119.45,109.0,111.14,277008,3123381248.0,-7.4,-6.242618525392272
2018-04-03,15:00,sh603799,华友钴业,107.81,113.57,107.81,112.67,166010,1855653632.0,1.53,1.376642073061004
2018-04-04,15:00,sh603799,华友钴业,112.68,114.5,111.7,111.79,110100,1245183616.0,-0.88,-0.7810419810064791
2018-04-09,15:00,sh603799,华友钴业,112.0,114.05,111.0,112.61,102560,1155438976.0,0.82,0.7335182037749352
2018-04-10,15:00,sh603799,华友钴业,113.06,118.88,113.0,118.27,177281,2067811840.0,5.66,5.0261966077613
2018-04-11,15:00,sh603799,华友钴业,119.91,120.4,116.35,119.0,122373,1446920960.0,0.73,0.6172317578422254
2018-04-12,15:00,sh603799,华友钴业,118.9,118.9,111.5,112.26,170429,1950355200.0,-6.74,-5.663865546218488
2018-04-13,15:00,sh603799,华友钴业,113.25,114.24,108.35,111.5,151755,1682182912.0,-0.76,-0.6769998218421521
2018-04-16,15:00,sh603799,华友钴业,110.5,112.39,107.12,107.96,146508,1598706432.0,-3.54,-3.174887892376681
2018-04-17,15:00,sh603799,华友钴业,108.62,108.95,97.68,98.97,242297,2457803776.0,-8.99,-8.327158206743238
2018-04-18,15:00,sh603799,华友钴业,100.2,101.77,92.19,100.42,247536,2396664832.0,1.45,1.465090431443872
2018-04-19,15:00,sh603799,华友钴业,98.51,103.13,98.01,99.99,161360,1628010624.0,-0.43,-0.4282015534754033
2018-04-20,15:00,sh603799,华友钴业,99.15,104.61,98.49,102.39,167231,1709335680.0,2.4,2.4002400240024
2018-04-23,15:00,sh603799,华友钴业,102.53,105.33,100.5,103.22,124229,1281702016.0,0.83,0.810626037698994
2018-04-24,15:00,sh603799,华友钴业,105.0,111.05,104.58,109.83,213884,2296201216.0,6.61,6.403797713621391
2018-04-25,15:00,sh603799,华友钴业,108.68,111.2,107.68,110.01,125967,1380096000.0,0.18,0.1638896476372575
2018-04-26,15:00,sh603799,华友钴业,112.0,112.8,105.11,105.35,140943,1516087808.0,-4.66,-4.235978547404781
2018-04-27,15:00,sh603799,华友钴业,106.85,109.56,105.35,108.99,112237,1211789440.0,3.64,3.4551495016611296
2018-05-02,15:00,sh603799,华友钴业,112.73,113.73,109.26,109.78,131909,1465969408.0,0.79,0.724837141022112
2018-05-03,15:00,sh603799,华友钴业,106.7,106.7,99.0,103.73,218181,2235181056.0,-6.05,-5.511022044088176
2018-05-04,15:00,sh603799,华友钴业,101.0,102.7,99.59,99.82,179721,1806382592.0,-3.91,-3.76940133037694
2018-05-07,15:00,sh603799,华友钴业,97.0,103.52,97.0,102.45,160977,1629621120.0,2.63,2.6347425365658186
2018-05-08,15:00,sh603799,华友钴业,102.5,105.38,101.4,103.24,137199,1419317632.0,0.79,0.7711078574914593
2018-05-09,15:00,sh603799,华友钴业,103.44,103.45,99.88,101.12,123409,1246243968.0,-2.12,-2.0534676481983727
2018-05-10,15:00,sh603799,华友钴业,101.55,102.28,100.02,100.45,92889,938033920.0,-0.67,-0.6625791139240506
2018-05-11,15:00,sh603799,华友钴业,101.2,110.5,101.2,110.5,321554,3454905344.0,10.05,10.004977600796416
2018-05-14,15:00,sh603799,华友钴业,112.1,118.16,109.0,115.94,291779,3330960640.0,5.44,4.923076923076923
2018-05-15,15:00,sh603799,华友钴业,116.0,117.98,114.63,117.35,150163,1745088896.0,1.41,1.2161462825599447
2018-05-16,15:00,sh603799,华友钴业,117.31,118.5,115.59,115.91,125445,1463647104.0,-1.44,-1.2270984235193865
2018-05-17,15:00,sh603799,华友钴业,116.91,118.28,113.0,114.0,128044,1479123456.0,-1.91,-1.6478302130963678
2018-05-18,15:00,sh603799,华友钴业,113.56,115.73,110.5,115.21,119051,1349949312.0,1.21,1.0614035087719298
2018-05-21,15:00,sh603799,华友钴业,116.24,120.28,114.8,115.88,151714,1779051392.0,0.67,0.5815467407343112
2018-05-22,15:00,sh603799,华友钴业,114.5,117.49,111.72,117.28,165954,1896351360.0,1.4,1.2081463583016916
2018-05-23,15:00,sh603799,华友钴业,115.51,115.79,112.1,112.26,122512,1394771840.0,-5.02,-4.280354706684856
2018-05-24,15:00,sh603799,华友钴业,111.78,113.28,111.42,112.35,75595,849769856.0,0.09,0.080171031533939
2018-05-25,15:00,sh603799,华友钴业,112.01,112.95,106.05,106.64,141737,1541288448.0,-5.71,-5.082331998219849
2018-05-28,15:00,sh603799,华友钴业,106.49,109.23,104.5,106.87,98070,1053767040.0,0.23,0.2156789197299325
2018-05-29,15:00,sh603799,华友钴业,106.08,109.16,105.01,107.35,83756,900999936.0,0.48,0.4491438195938991
2018-05-30,15:00,sh603799,华友钴业,106.0,106.9,102.66,103.42,134514,1408745344.0,-3.93,-3.660922217047043
2018-05-31,15:00,sh603799,华友钴业,105.0,105.83,101.74,104.52,136910,1414724480.0,1.1,1.063624057242313
2018-06-01,15:00,sh603799,华友钴业,102.96,106.16,102.3,103.98,108678,1130834176.0,-0.54,-0.5166475315729048
2018-06-04,15:00,sh603799,华友钴业,103.0,103.29,95.89,97.03,202260,1993074304.0,-6.95,-6.683977688016926
2018-06-05,15:00,sh603799,华友钴业,96.91,101.83,96.5,101.24,138410,1378681344.0,4.21,4.338864268782851
2018-06-06,15:00,sh603799,华友钴业,101.3,106.78,101.3,104.47,155733,1629021952.0,3.23,3.190438561833268
2018-06-07,15:00,sh603799,华友钴业,106.0,107.0,103.51,104.77,104470,1099364480.0,0.3,0.2871637790753326
2018-06-08,15:00,sh603799,华友钴业,104.61,104.61,100.81,101.31,101767,1034324224.0,-3.46,-3.3024720817027773
2018-06-11,15:00,sh603799,华友钴业,101.36,106.0,101.36,105.34,132796,1389886592.0,4.03,3.977889645642089
2018-06-12,15:00,sh603799,华友钴业,104.87,105.49,102.0,104.68,97033,1005328320.0,-0.66,-0.6265426238845643
2018-06-13,15:00,sh603799,华友钴业,103.98,104.18,102.02,102.12,71438,735277888.0,-2.56,-2.4455483377913643
2018-06-14,15:00,sh603799,华友钴业,100.2,100.47,98.01,99.05,103348,1027897024.0,-3.07,-3.00626713670192
2018-06-15,15:00,sh603799,华友钴业,99.6,100.99,97.78,98.12,93768,926221376.0,-0.93,-0.93891973750631
2018-06-19,15:00,sh603799,华友钴业,95.25,96.7,88.31,88.31,195846,1790133376.0,-9.81,-9.99796167957603
2018-06-20,15:00,sh603799,华友钴业,86.9,93.3,86.06,92.34,167855,1515838976.0,4.03,4.563469595742271
2018-06-21,15:00,sh603799,华友钴业,92.42,93.17,89.0,89.2,130212,1182916480.0,-3.14,-3.4004764998917048
2018-06-22,15:00,sh603799,华友钴业,88.0,96.18,87.02,94.18,190557,1753596416.0,4.98,5.582959641255606
2018-06-25,15:00,sh603799,华友钴业,95.16,98.35,94.4,95.1,165757,1602919296.0,0.92,0.9768528349968146
2018-06-26,15:00,sh603799,华友钴业,93.0,97.88,92.2,96.81,138565,1336792064.0,1.71,1.7981072555205049
2018-06-27,15:00,sh603799,华友钴业,97.0,97.96,95.71,96.43,91439,885701696.0,-0.38,-0.3925214337361843
2018-06-28,15:00,sh603799,华友钴业,95.01,97.2,92.4,92.54,116224,1099411968.0,-3.89,-4.034014310899098
2018-06-29,15:00,sh603799,华友钴业,93.28,98.0,93.28,97.47,168991,1628112256.0,4.93,5.327425977955478
2018-07-02,15:00,sh603799,华友钴业,97.69,97.69,94.67,96.32,107541,1035393856.0,-1.15,-1.1798502103211244
2018-07-03,15:00,sh603799,华友钴业,95.88,97.25,91.53,95.75,133349,1262035584.0,-0.57,-0.5917774086378738
2018-07-04,15:00,sh603799,华友钴业,94.92,96.1,91.39,91.81,104890,976109568.0,-3.94,-4.114882506527415
2018-07-05,15:00,sh603799,华友钴业,92.3,93.3,90.0,90.02,88905,812494208.0,-1.79,-1.9496786842391896
2018-07-06,15:00,sh603799,华友钴业,90.3,94.2,87.77,91.53,147780,1351089152.0,1.51,1.6774050211064206
2018-07-09,15:00,sh603799,华友钴业,91.49,94.94,90.61,94.08,129291,1203358720.0,2.55,2.785971812520485
2018-07-10,15:00,sh603799,华友钴业,67.5,71.79,67.5,71.68,201975,1425482880.0,-22.4,-23.809523809523807
2018-07-11,15:00,sh603799,华友钴业,68.4,75.55,68.05,72.89,407404,2962525696.0,1.21,1.6880580357142856
2018-07-12,15:00,sh603799,华友钴业,71.9,74.05,70.99,73.33,298028,2173518080.0,0.44,0.6036493346138017
2018-07-13,15:00,sh603799,华友钴业,73.85,78.92,73.1,77.63,345926,2631898624.0,4.3,5.863902904677485
2018-07-16,15:00,sh603799,华友钴业,77.0,78.1,74.87,76.08,221819,1692081536.0,-1.55,-1.9966507793378847
2018-07-17,15:00,sh603799,华友钴业,75.2,77.62,75.2,76.41,190858,1456913152.0,0.33,0.4337539432176656
2018-07-18,15:00,sh603799,华友钴业,76.05,76.45,73.71,73.9,170902,1281461504.0,-2.51,-3.2849103520481613
2018-07-19,15:00,sh603799,华友钴业,73.8,75.16,73.15,73.69,119402,884666112.0,-0.21,-0.2841677943166441
2018-07-20,15:00,sh603799,华友钴业,73.3,75.46,73.18,74.41,141173,1047316608.0,0.72,0.9770660876645406
2018-07-23,15:00,sh603799,华友钴业,75.0,77.66,74.53,76.77,195916,1496615424.0,2.36,3.1716167181830404
2018-07-24,15:00,sh603799,华友钴业,76.67,78.83,75.9,77.08,193562,1497392512.0,0.31,0.4038035691025139
2018-07-25,15:00,sh603799,华友钴业,77.02,78.17,73.82,74.14,238919,1799076096.0,-2.94,-3.814218993253762
2018-07-26,15:00,sh603799,华友钴业,73.5,74.47,71.3,72.01,184532,1337108864.0,-2.13,-2.872943080658214
2018-07-27,15:00,sh603799,华友钴业,71.7,72.32,69.7,70.84,147317,1043496704.0,-1.17,-1.6247743368976533
2018-07-30,15:00,sh603799,华友钴业,70.49,72.5,69.0,71.13,119498,849314048.0,0.29,0.409373235460192
2018-07-31,15:00,sh603799,华友钴业,71.01,71.31,68.28,68.95,152469,1056460928.0,-2.18,-3.0648109096021368
2018-08-01,15:00,sh603799,华友钴业,69.39,69.5,64.8,65.92,261593,1749914240.0,-3.03,-4.394488759970994
2018-08-02,15:00,sh603799,华友钴业,65.0,65.56,62.8,65.43,211649,1358952320.0,-0.49,-0.7433252427184466
2018-08-03,15:00,sh603799,华友钴业,65.36,66.18,62.4,62.61,140503,904313216.0,-2.82,-4.309949564419991
2018-08-06,15:00,sh603799,华友钴业,61.13,61.17,56.35,56.35,278479,1610146816.0,-6.26,-9.998402811052548
2018-08-07,15:00,sh603799,华友钴业,55.65,56.43,50.72,54.31,436929,2316692736.0,-2.04,-3.6202307009760415
2018-08-08,15:00,sh603799,华友钴业,53.0,53.3,49.0,49.37,347661,1776224768.0,-4.94,-9.0959307678144
2018-08-09,15:00,sh603799,华友钴业,50.68,52.49,50.03,51.74,291264,1503676160.0,2.37,4.800486125177232
2018-08-10,15:00,sh603799,华友钴业,52.01,52.9,51.4,52.18,202724,1057991744.0,0.44,0.8504058755315036
2018-08-13,15:00,sh603799,华友钴业,51.09,53.98,50.61,53.59,219164,1150157440.0,1.41,2.70218474511307
2018-08-14,15:00,sh603799,华友钴业,53.5,53.5,51.9,52.67,163964,862117824.0,-0.92,-1.7167381974248928
2018-08-15,15:00,sh603799,华友钴业,52.48,53.24,50.12,50.61,177045,908543104.0,-2.06,-3.911144864249098
2018-08-16,15:00,sh603799,华友钴业,49.1,49.49,47.12,48.17,245646,1193997312.0,-2.44,-4.821181584667063
2018-08-17,15:00,sh603799,华友钴业,49.28,49.99,47.92,47.99,202728,988742976.0,-0.18,-0.3736765621756279
2018-08-20,15:00,sh603799,华友钴业,49.0,50.83,48.31,50.82,260267,1286075648.0,2.83,5.897061887893311
2018-08-21,15:00,sh603799,华友钴业,50.89,53.26,50.41,51.79,291390,1512436096.0,0.97,1.908697363242818
2018-08-22,15:00,sh603799,华友钴业,51.75,52.59,51.0,51.53,173677,898162880.0,-0.26,-0.5020274184205445
2018-08-23,15:00,sh603799,华友钴业,51.19,52.6,50.2,51.9,205834,1056167808.0,0.37,0.7180283330098971
2018-08-24,15:00,sh603799,华友钴业,51.41,51.43,49.68,50.01,191238,964891136.0,-1.89,-3.641618497109827
2018-08-27,15:00,sh603799,华友钴业,50.01,52.27,50.01,52.04,219742,1127909760.0,2.03,4.059188162367526
2018-08-28,15:00,sh603799,华友钴业,52.3,54.15,51.21,52.7,289547,1520665088.0,0.66,1.2682551883166795
2018-08-29,15:00,sh603799,华友钴业,52.7,52.86,51.13,51.57,161154,831814656.0,-1.13,-2.144212523719165
2018-08-30,15:00,sh603799,华友钴业,51.41,52.38,51.27,51.45,124267,643198976.0,-0.12,-0.2326934264107039
2018-08-31,15:00,sh603799,华友钴业,50.45,50.85,49.6,49.9,152601,765045760.0,-1.55,-3.012633624878523
2018-09-03,15:00,sh603799,华友钴业,51.34,52.22,50.88,51.85,210155,1085127040.0,1.95,3.9078156312625247
2018-09-04,15:00,sh603799,华友钴业,51.51,52.2,50.52,51.64,161083,829884096.0,-0.21,-0.4050144648023143
2018-09-05,15:00,sh603799,华友钴业,51.0,51.3,49.8,49.87,141847,715143552.0,-1.77,-3.427575522850504
2018-09-06,15:00,sh603799,华友钴业,49.99,50.73,48.59,48.88,129556,640533056.0,-0.99,-1.9851614196911969
2018-09-07,15:00,sh603799,华友钴业,49.28,49.63,47.81,48.25,128812,627903872.0,-0.63,-1.2888707037643208
2018-09-10,15:00,sh603799,华友钴业,48.3,48.6,46.06,46.12,148097,695907904.0,-2.13,-4.414507772020725
2018-09-11,15:00,sh603799,华友钴业,46.23,47.17,45.91,47.02,122192,569269888.0,0.9,1.9514310494362532
2018-09-12,15:00,sh603799,华友钴业,46.9,48.66,46.61,47.95,173477,829333760.0,0.93,1.977881752445768
2018-09-13,15:00,sh603799,华友钴业,49.2,50.45,48.68,48.9,207234,1023734144.0,0.95,1.981230448383733
2018-09-14,15:00,sh603799,华友钴业,49.38,51.13,49.38,49.83,242785,1223090432.0,0.93,1.901840490797546
2018-09-17,15:00,sh603799,华友钴业,49.47,49.48,47.85,48.08,115905,561278528.0,-1.75,-3.511940598033313
2018-09-18,15:00,sh603799,华友钴业,47.75,49.9,47.28,49.67,177832,861816256.0,1.59,3.306988352745424
2018-09-19,15:00,sh603799,华友钴业,49.34,50.35,48.64,49.36,174274,861587584.0,-0.31,-0.6241191866317697
2018-09-20,15:00,sh603799,华友钴业,49.9,51.77,49.9,50.86,265015,1351733120.0,1.5,3.038897893030794
2018-09-21,15:00,sh603799,华友钴业,50.95,54.96,50.1,53.47,314352,1646818176.0,2.61,5.131734172237515
2018-09-25,15:00,sh603799,华友钴业,52.83,55.17,52.41,54.08,217984,1176231424.0,0.61,1.140826631756125
2018-09-26,15:00,sh603799,华友钴业,53.9,54.86,53.45,54.15,165956,898131712.0,0.07,0.1294378698224852
2018-09-27,15:00,sh603799,华友钴业,54.07,54.55,52.51,52.68,187151,1001397440.0,-1.47,-2.714681440443213
2018-09-28,15:00,sh603799,华友钴业,52.86,53.68,51.89,53.29,149130,789545408.0,0.61,1.15793470007593
2018-10-08,15:00,sh603799,华友钴业,51.28,51.45,48.05,48.06,266523,1325516928.0,-5.23,-9.81422405704635
2018-10-09,15:00,sh603799,华友钴业,48.5,48.95,46.7,47.8,189864,907379392.0,-0.26,-0.5409904286308781
2018-10-10,15:00,sh603799,华友钴业,48.0,48.16,45.53,46.3,239608,1114983168.0,-1.5,-3.1380753138075312
2018-10-11,15:00,sh603799,华友钴业,43.16,43.98,41.67,41.67,266283,1134715904.0,-4.63,-10.0
2018-10-12,15:00,sh603799,华友钴业,41.0,41.39,37.54,40.01,375232,1476946688.0,-1.66,-3.98368130549556
2018-10-15,15:00,sh603799,华友钴业,39.55,40.94,39.09,39.22,198866,795563008.0,-0.79,-1.9745063734066488
2018-10-16,15:00,sh603799,华友钴业,39.61,40.78,38.08,38.78,243166,959566208.0,-0.44,-1.1218765935747066
2018-10-17,15:00,sh603799,华友钴业,39.6,39.7,34.9,34.92,604034,2174320384.0,-3.86,-9.953584321815368
2018-10-18,15:00,sh603799,华友钴业,34.2,34.46,32.5,34.0,329382,1107259008.0,-0.92,-2.6345933562428407
2018-10-19,15:00,sh603799,华友钴业,33.61,34.95,33.33,34.77,315492,1084771584.0,0.77,2.264705882352941
2018-10-22,15:00,sh603799,华友钴业,35.2,37.85,34.49,36.89,450719,1628042624.0,2.12,6.097210238711533
2018-10-23,15:00,sh603799,华友钴业,36.3,36.35,33.66,34.0,446051,1559275776.0,-2.89,-7.834101382488479
2018-10-24,15:00,sh603799,华友钴业,34.07,35.65,34.07,35.05,346473,1212289792.0,1.05,3.088235294117647
2018-10-25,15:00,sh603799,华友钴业,34.04,34.75,33.21,34.37,322158,1095903104.0,-0.68,-1.940085592011412
2018-10-26,15:00,sh603799,华友钴业,35.25,35.4,34.11,34.53,253083,880356864.0,0.16,0.4655222577829502
2018-10-29,15:00,sh603799,华友钴业,34.0,34.14,31.6,31.91,324229,1054798208.0,-2.62,-7.58760498117579
2018-10-30,15:00,sh603799,华友钴业,31.53,33.33,31.53,32.94,272413,889650176.0,1.03,3.22782826700094
2018-10-31,15:00,sh603799,华友钴业,33.29,34.4,32.95,33.75,320799,1080157568.0,0.81,2.459016393442623
2018-11-01,15:00,sh603799,华友钴业,33.9,34.88,33.2,33.82,353745,1205557632.0,0.07,0.2074074074074074
2018-11-02,15:00,sh603799,华友钴业,34.6,37.2,34.37,37.2,495440,1759764992.0,3.38,9.994086339444117
2018-11-05,15:00,sh603799,华友钴业,37.5,38.47,36.66,37.91,540408,2023512064.0,0.71,1.9086021505376345
2018-11-06,15:00,sh603799,华友钴业,37.4,37.4,36.18,36.75,308472,1130832768.0,-1.16,-3.059878659984173
2018-11-07,15:00,sh603799,华友钴业,39.98,40.43,38.9,39.0,832735,3323405824.0,2.25,6.122448979591836
2018-11-08,15:00,sh603799,华友钴业,38.95,38.95,37.03,37.43,496043,1875400192.0,-1.57,-4.0256410256410255
2018-11-09,15:00,sh603799,华友钴业,37.12,37.77,36.52,37.13,245216,911491712.0,-0.3,-0.8014961261020572
2018-11-12,15:00,sh603799,华友钴业,36.68,36.69,35.1,36.69,431744,1551102848.0,-0.44,-1.185025585779693
2018-11-13,15:00,sh603799,华友钴业,35.75,37.1,35.5,36.99,390361,1417628032.0,0.3,0.8176614881439084
2018-11-14,15:00,sh603799,华友钴业,36.8,37.45,36.16,36.22,331644,1215722496.0,-0.77,-2.0816436874831035
2018-11-15,15:00,sh603799,华友钴业,35.8,36.82,35.79,36.81,257022,934927616.0,0.59,1.6289342904472668
2018-11-16,15:00,sh603799,华友钴业,36.8,37.85,36.57,37.27,408627,1527922688.0,0.46,1.2496604183645748
2018-11-19,15:00,sh603799,华友钴业,37.0,37.0,36.07,36.9,310538,1131462144.0,-0.37,-0.9927555674805472
2018-11-20,15:00,sh603799,华友钴业,36.3,37.8,36.13,36.39,332809,1226258560.0,-0.51,-1.3821138211382114
2018-11-21,15:00,sh603799,华友钴业,35.9,35.98,35.0,35.67,252893,897012160.0,-0.72,-1.978565539983512
2018-11-22,15:00,sh603799,华友钴业,35.75,35.99,35.01,35.08,184812,654102976.0,-0.59,-1.6540510232688532
2018-11-23,15:00,sh603799,华友钴业,34.92,34.92,32.35,32.74,353113,1180584320.0,-2.34,-6.670467502850627
2018-11-26,15:00,sh603799,华友钴业,32.2,33.11,31.85,32.11,201365,652315584.0,-0.63,-1.92425167990226
2018-11-27,15:00,sh603799,华友钴业,32.49,33.08,32.31,32.5,194764,634899136.0,0.39,1.214574898785425
2018-11-28,15:00,sh603799,华友钴业,32.24,33.33,31.88,33.25,245249,803233792.0,0.75,2.307692307692308
2018-11-29,15:00,sh603799,华友钴业,33.52,34.15,32.15,32.29,269761,900026944.0,-0.96,-2.887218045112782
2018-11-30,15:00,sh603799,华友钴业,32.04,34.49,31.9,34.01,402787,1352482944.0,1.72,5.326726540724683
2018-12-03,15:00,sh603799,华友钴业,35.3,35.45,34.35,35.02,395328,1382536448.0,1.01,2.9697147897677154
2018-12-04,15:00,sh603799,华友钴业,34.9,35.18,34.36,34.97,234498,814473408.0,-0.05,-0.1427755568246716
2018-12-05,15:00,sh603799,华友钴业,34.11,36.75,34.01,36.15,489113,1748884608.0,1.18,3.374320846439806
2018-12-06,15:00,sh603799,华友钴业,35.59,36.6,35.4,36.24,362401,1306675200.0,0.09,0.2489626556016597
2018-12-07,15:00,sh603799,华友钴业,36.33,36.49,35.33,35.5,221714,791640640.0,-0.74,-2.041942604856512
2018-12-10,15:00,sh603799,华友钴业,35.08,35.29,33.85,33.86,274129,944891200.0,-1.64,-4.619718309859155
2018-12-11,15:00,sh603799,华友钴业,34.21,34.27,33.2,33.91,204069,689438464.0,0.05,0.147666863555818
2018-12-12,15:00,sh603799,华友钴业,33.96,34.65,33.96,34.11,180362,618448000.0,0.2,0.5897965202005309
2018-12-13,15:00,sh603799,华友钴业,34.22,34.86,33.54,34.5,221978,761539968.0,0.39,1.1433597185576077
2018-12-14,15:00,sh603799,华友钴业,34.4,34.83,33.31,33.4,220568,751293824.0,-1.1,-3.188405797101449
2018-12-17,15:00,sh603799,华友钴业,33.0,34.32,32.7,34.14,198620,672452352.0,0.74,2.215568862275449
2018-12-18,15:00,sh603799,华友钴业,33.82,34.64,33.28,34.4,261202,889988608.0,0.26,0.7615700058582308
2018-12-19,15:00,sh603799,华友钴业,34.35,34.45,33.7,33.8,150717,512297856.0,-0.6,-1.744186046511628
2018-12-20,15:00,sh603799,华友钴业,33.8,34.27,33.46,33.69,159230,538981248.0,-0.11,-0.3254437869822485
2018-12-21,15:00,sh603799,华友钴业,33.5,33.5,32.02,32.28,261319,850266944.0,-1.41,-4.185218165627783
2018-12-24,15:00,sh603799,华友钴业,32.27,32.45,31.9,32.34,135951,438027168.0,0.06,0.1858736059479553
2018-12-25,15:00,sh603799,华友钴业,31.81,31.82,30.03,31.02,270108,833104256.0,-1.32,-4.081632653061225
2018-12-26,15:00,sh603799,华友钴业,31.07,31.3,30.31,30.37,151821,467455712.0,-0.65,-2.0954223081882657
2018-12-27,15:00,sh603799,华友钴业,31.03,31.2,29.71,29.77,193823,592193088.0,-0.6,-1.975633849193283
2018-12-28,15:00,sh603799,华友钴业,29.96,30.48,29.5,30.11,184349,554382656.0,0.34,1.1420893516963386
2019-01-02,15:00,sh603799,华友钴业,30.08,30.25,29.16,29.32,160208,474512032.0,-0.79,-2.6237130521421457
2019-01-03,15:00,sh603799,华友钴业,29.25,29.89,29.02,29.39,172256,506880384.0,0.07,0.2387448840381991
2019-01-04,15:00,sh603799,华友钴业,28.73,30.23,28.59,30.22,228404,677593472.0,0.83,2.824089826471589
2019-01-07,15:00,sh603799,华友钴业,30.46,30.73,29.88,30.56,236594,716429760.0,0.34,1.1250827266710788
2019-01-08,15:00,sh603799,华友钴业,30.27,30.79,30.08,30.13,172872,524161792.0,-0.43,-1.407068062827225
2019-01-09,15:00,sh603799,华友钴业,30.2,30.28,28.8,29.32,328661,968851264.0,-0.81,-2.6883504812479257
2019-01-10,15:00,sh603799,华友钴业,29.29,29.74,29.06,29.31,173825,511183200.0,-0.01,-0.034106412005457
2019-01-11,15:00,sh603799,华友钴业,29.4,29.65,29.1,29.53,159529,469615648.0,0.22,0.7505970658478335
2019-01-14,15:00,sh603799,华友钴业,29.49,30.17,29.41,29.62,196803,586755136.0,0.09,0.3047748052827633
2019-01-15,15:00,sh603799,华友钴业,29.55,30.01,29.2,29.97,229459,681099776.0,0.35,1.1816340310600946
2019-01-16,15:00,sh603799,华友钴业,29.81,30.08,29.45,29.55,162785,483476160.0,-0.42,-1.4014014014014011
2019-01-17,15:00,sh603799,华友钴业,29.4,29.48,28.73,28.87,202859,588389568.0,-0.68,-2.3011844331641287
2019-01-18,15:00,sh603799,华友钴业,28.75,29.9,28.75,29.78,261115,769026112.0,0.91,3.152060962937305
2019-01-21,15:00,sh603799,华友钴业,29.9,30.47,29.62,30.19,254948,766263680.0,0.41,1.3767629281396911
2019-01-22,15:00,sh603799,华友钴业,30.04,30.2,29.33,29.38,193763,575491328.0,-0.81,-2.683007618416694
2019-01-23,15:00,sh603799,华友钴业,29.1,29.85,29.09,29.8,162671,481094720.0,0.42,1.4295439074200136
2019-01-24,15:00,sh603799,华友钴业,29.7,29.73,29.33,29.49,134640,397621056.0,-0.31,-1.0402684563758389
2019-01-25,15:00,sh603799,华友钴业,29.52,29.75,29.1,29.24,203241,597887808.0,-0.25,-0.84774499830451
2019-01-28,15:00,sh603799,华友钴业,29.4,29.59,28.75,28.79,161880,471298400.0,-0.45,-1.5389876880984952
2019-01-29,15:00,sh603799,华友钴业,28.75,28.75,25.92,26.71,294291,798093312.0,-2.08,-7.224730809308788
2019-01-30,15:00,sh603799,华友钴业,26.56,27.12,26.3,26.69,133892,359673312.0,-0.02,-0.0748783227255709
2019-01-31,15:00,sh603799,华友钴业,26.8,27.1,26.03,26.19,170380,452910336.0,-0.5,-1.8733608092918697
2019-02-01,15:00,sh603799,华友钴业,26.21,27.11,26.2,27.07,146114,391138336.0,0.88,3.3600610920198557
2019-02-11,15:00,sh603799,华友钴业,27.29,29.78,27.2,29.78,335230,959464896.0,2.71,10.011082379017362
2019-02-12,15:00,sh603799,华友钴业,29.91,30.59,29.9,30.33,460732,1390341248.0,0.55,1.846877098723976
2019-02-13,15:00,sh603799,华友钴业,30.51,32.74,30.04,31.79,600702,1886076160.0,1.46,4.813715792944279
2019-02-14,15:00,sh603799,华友钴业,31.7,31.7,31.02,31.47,347345,1091203840.0,-0.32,-1.0066058508965083
2019-02-15,15:00,sh603799,华友钴业,31.2,32.7,31.1,31.73,394850,1264488704.0,0.26,0.8261836669844296
2019-02-18,15:00,sh603799,华友钴业,31.6,33.49,31.6,33.38,438434,1431735552.0,1.65,5.200126063662149
2019-02-19,15:00,sh603799,华友钴业,33.42,33.73,32.1,32.82,448113,1475122048.0,-0.56,-1.6776512881965249
2019-02-20,15:00,sh603799,华友钴业,32.83,35.38,32.54,34.12,537438,1841102592.0,1.3,3.960999390615479
2019-02-21,15:00,sh603799,华友钴业,33.99,34.65,33.24,33.95,429299,1458594432.0,-0.17,-0.4982415005861665
2019-02-22,15:00,sh603799,华友钴业,33.68,34.37,33.03,34.25,400626,1346661888.0,0.3,0.8836524300441826
2019-02-25,15:00,sh603799,华友钴业,34.53,37.55,34.51,37.55,672577,2420666880.0,3.3,9.635036496350365
2019-02-26,15:00,sh603799,华友钴业,38.0,41.31,36.36,39.62,877164,3421519616.0,2.07,5.512649800266312
2019-02-27,15:00,sh603799,华友钴业,39.0,40.8,37.85,38.45,682770,2681877760.0,-1.17,-2.9530540131246843
2019-02-28,15:00,sh603799,华友钴业,38.01,39.0,37.9,38.22,321098,1229808000.0,-0.23,-0.5981794538361509
2019-03-01,15:00,sh603799,华友钴业,38.38,38.9,37.68,38.5,321677,1229075200.0,0.28,0.7326007326007326
2019-03-04,15:00,sh603799,华友钴业,38.92,40.1,38.15,38.52,572560,2231604992.0,0.02,0.0519480519480519
2019-03-05,15:00,sh603799,华友钴业,37.97,38.48,37.39,38.45,445988,1687999232.0,-0.07,-0.181723779854621
2019-03-06,15:00,sh603799,华友钴业,38.6,40.09,38.57,39.64,661659,2607956992.0,1.19,3.094928478543563
2019-03-07,15:00,sh603799,华友钴业,39.13,41.59,38.63,40.17,658666,2641784320.0,0.53,1.3370332996972756
2019-03-08,15:00,sh603799,华友钴业,39.0,39.38,37.52,37.63,557215,2139319552.0,-2.54,-6.323126711476227
2019-03-11,15:00,sh603799,华友钴业,37.6,38.55,37.32,38.42,361271,1369864576.0,0.79,2.099388785543449
2019-03-12,15:00,sh603799,华友钴业,38.68,39.25,37.8,38.22,394590,1522055424.0,-0.2,-0.5205622071837585
2019-03-13,15:00,sh603799,华友钴业,38.19,39.58,37.56,38.94,523004,2028588032.0,0.72,1.8838304552590264
2019-03-14,15:00,sh603799,华友钴业,38.67,40.58,38.38,39.1,567382,2245126400.0,0.16,0.4108885464817668
2019-03-15,15:00,sh603799,华友钴业,39.45,39.84,38.53,39.24,365413,1426364288.0,0.14,0.3580562659846547
2019-03-18,15:00,sh603799,华友钴业,39.31,42.38,39.31,42.04,745601,3044549376.0,2.8,7.135575942915392
2019-03-19,15:00,sh603799,华友钴业,41.7,41.9,40.7,40.98,479232,1968783872.0,-1.06,-2.521408182683159
2019-03-20,15:00,sh603799,华友钴业,41.0,41.09,39.0,39.88,399243,1594633216.0,-1.1,-2.6842362127867254
2019-03-21,15:00,sh603799,华友钴业,39.62,40.38,39.39,39.71,300149,1195657984.0,-0.17,-0.4262788365095286
2019-03-22,15:00,sh603799,华友钴业,39.74,39.99,38.17,38.74,352255,1369527680.0,-0.97,-2.4427096449257117
2019-03-25,15:00,sh603799,华友钴业,37.43,38.33,37.3,37.45,287683,1087392256.0,-1.29,-3.3298915849251416
2019-03-26,15:00,sh603799,华友钴业,37.55,38.33,37.3,37.43,262039,988406144.0,-0.02,-0.0534045393858478
2019-03-27,15:00,sh603799,华友钴业,37.61,37.97,35.6,36.06,361747,1319695360.0,-1.37,-3.660165642532728
2019-03-28,15:00,sh603799,华友钴业,36.07,36.81,35.42,36.19,229194,830762624.0,0.13,0.36051026067665
2019-03-29,15:00,sh603799,华友钴业,36.09,37.62,35.57,37.49,357599,1311798912.0,1.3,3.592152528322741
2019-04-01,15:00,sh603799,华友钴业,38.49,40.8,38.33,40.0,699085,2758244096.0,2.51,6.695118698319552
2019-04-02,15:00,sh603799,华友钴业,40.3,43.49,39.11,41.79,699117,2848368128.0,1.79,4.475
2019-04-03,15:00,sh603799,华友钴业,41.0,43.43,40.55,42.25,650654,2760573696.0,0.46,1.1007418042593922
2019-04-04,15:00,sh603799,华友钴业,43.55,44.77,42.8,43.16,640077,2793041664.0,0.91,2.1538461538461537
2019-04-08,15:00,sh603799,华友钴业,43.41,44.21,41.91,42.44,453257,1943337216.0,-0.72,-1.6682113067655238
2019-04-22,15:00,sh603799,华友钴业,40.0,41.63,38.2,38.21,703282,2749196800.0,-4.23,-9.967012252591894
2019-04-23,15:00,sh603799,华友钴业,38.2,38.2,36.53,36.78,357383,1322817024.0,-1.43,-3.7424757916775713
2019-04-24,15:00,sh603799,华友钴业,36.78,37.57,36.65,37.26,224252,831883200.0,0.48,1.3050570962479608
2019-04-25,15:00,sh603799,华友钴业,37.13,37.13,35.21,35.47,272475,986136320.0,-1.79,-4.804079441760601
2019-04-26,15:00,sh603799,华友钴业,35.56,35.89,34.11,34.27,241970,839364800.0,-1.2,-3.383140682266704
2019-04-29,15:00,sh603799,华友钴业,31.86,31.86,30.84,30.84,122933,382630624.0,-3.43,-10.008754012255618
2019-04-30,15:00,sh603799,华友钴业,27.76,30.38,27.76,29.08,486363,1410302464.0,-1.76,-5.706874189364462
2019-05-06,15:00,sh603799,华友钴业,27.6,28.89,26.6,27.36,321374,894608256.0,-1.72,-5.914718019257221
2019-05-07,15:00,sh603799,华友钴业,27.8,28.49,27.62,28.37,231233,650371776.0,1.01,3.6915204678362574
2019-05-08,15:00,sh603799,华友钴业,27.86,28.73,27.61,28.09,203275,571960576.0,-0.28,-0.986958054282693
2019-05-09,15:00,sh603799,华友钴业,27.62,28.09,27.06,27.26,185540,512726272.0,-0.83,-2.9547881808472765
2019-05-10,15:00,sh603799,华友钴业,27.66,28.26,26.7,28.07,248114,689405376.0,0.81,2.9713866471019807
2019-05-13,15:00,sh603799,华友钴业,27.8,28.85,27.5,28.08,219497,618946112.0,0.01,0.0356252226576416
2019-05-14,15:00,sh603799,华友钴业,27.7,28.07,27.22,27.53,173782,480483264.0,-0.55,-1.9586894586894583
2019-05-15,15:00,sh603799,华友钴业,27.7,27.97,27.53,27.87,140546,390089760.0,0.34,1.2350163458045769
2019-05-16,15:00,sh603799,华友钴业,27.8,29.2,27.75,28.71,334139,957629504.0,0.84,3.013993541442411
2019-05-17,15:00,sh603799,华友钴业,28.73,28.77,27.15,27.37,228132,635300928.0,-1.34,-4.667363288052943
2019-05-20,15:00,sh603799,华友钴业,27.0,27.17,25.33,26.8,227808,599356672.0,-0.57,-2.0825721592985023
2019-05-21,15:00,sh603799,华友钴业,26.58,28.1,26.4,27.8,238208,655350016.0,1.0,3.731343283582089
2019-05-22,15:00,sh603799,华友钴业,27.64,28.0,27.01,27.28,155937,427618624.0,-0.52,-1.870503597122302
2019-05-23,15:00,sh603799,华友钴业,27.18,27.18,26.31,26.5,127405,339839296.0,-0.78,-2.859237536656891
2019-05-24,15:00,sh603799,华友钴业,26.16,27.09,26.16,26.41,102704,272939552.0,-0.09,-0.3396226415094339
2019-05-27,15:00,sh603799,华友钴业,26.74,27.25,26.5,27.2,140517,378553728.0,0.79,2.991291177584249
2019-05-28,15:00,sh603799,华友钴业,27.18,27.19,26.78,27.05,135274,365448576.0,-0.15,-0.5514705882352942
2019-05-29,15:00,sh603799,华友钴业,27.0,27.72,26.85,27.41,152654,417610272.0,0.36,1.3308687615526802
2019-05-30,15:00,sh603799,华友钴业,27.45,29.58,26.93,28.82,386526,1100783872.0,1.41,5.14410798978475
2019-05-31,15:00,sh603799,华友钴业,28.9,29.39,28.35,28.7,264507,766956864.0,-0.12,-0.4163775156141568
2019-06-03,15:00,sh603799,华友钴业,28.71,28.85,27.0,27.12,256813,711390400.0,-1.58,-5.505226480836237
2019-06-04,15:00,sh603799,华友钴业,27.0,27.68,26.63,26.85,131681,357103552.0,-0.27,-0.995575221238938
2019-06-05,15:00,sh603799,华友钴业,27.24,27.48,26.81,26.86,92602,250889888.0,0.01,0.0372439478584729
2019-06-06,15:00,sh603799,华友钴业,27.0,27.19,25.63,26.1,178033,466837760.0,-0.76,-2.8294862248696946
2019-06-10,15:00,sh603799,华友钴业,26.4,26.84,26.1,26.81,123874,328919040.0,0.71,2.720306513409961
2019-06-11,15:00,sh603799,华友钴业,26.8,28.12,26.62,28.03,196175,540658176.0,1.22,4.550540842969041
2019-06-12,15:00,sh603799,华友钴业,21.71,23.13,21.5,21.81,266343,591626880.0,-6.22,-22.190510167677488
2019-06-13,15:00,sh603799,华友钴业,21.2,21.79,21.13,21.57,229950,493194336.0,-0.24,-1.1004126547455295
2019-06-14,15:00,sh603799,华友钴业,21.7,22.38,21.2,21.38,293181,636903552.0,-0.19,-0.880853036624942
2019-06-17,15:00,sh603799,华友钴业,21.26,21.7,21.05,21.32,139835,299281920.0,-0.06,-0.2806361085126286
2019-06-18,15:00,sh603799,华友钴业,21.37,21.52,20.75,20.89,161598,338516480.0,-0.43,-2.016885553470919
2019-06-19,15:00,sh603799,华友钴业,21.36,21.51,21.04,21.09,181027,384899072.0,0.2,0.9573958831977024
2019-06-20,15:00,sh603799,华友钴业,21.08,21.48,20.79,21.42,232729,493841216.0,0.33,1.5647226173541962
2019-06-21,15:00,sh603799,华友钴业,21.41,21.95,21.35,21.74,280083,607022656.0,0.32,1.4939309056956116
2019-06-24,15:00,sh603799,华友钴业,21.69,21.95,21.52,21.78,197717,429973504.0,0.04,0.1839926402943882
2019-06-25,15:00,sh603799,华友钴业,21.75,21.76,21.06,21.33,172707,368857088.0,-0.45,-2.066115702479339
2019-06-26,15:00,sh603799,华友钴业,21.15,21.6,20.95,21.26,148685,315763840.0,-0.07,-0.3281762775433661
2019-06-27,15:00,sh603799,华友钴业,21.25,21.36,21.08,21.13,166297,352592544.0,-0.13,-0.6114769520225777
2019-06-28,15:00,sh603799,华友钴业,21.1,21.56,20.96,21.31,203156,432084544.0,0.18,0.8518693800283956
2019-07-01,15:00,sh603799,华友钴业,21.7,21.88,21.3,21.72,284669,615426240.0,0.41,1.923979352416706
2019-07-02,15:00,sh603799,华友钴业,21.75,23.46,21.48,23.17,606709,1363231744.0,1.45,6.675874769797422
2019-07-03,15:00,sh603799,华友钴业,22.85,23.95,22.38,23.17,569122,1312271872.0,0.0,0.0
2019-07-04,15:00,sh603799,华友钴业,23.02,23.39,22.72,22.82,289091,664784448.0,-0.35,-1.5105740181268883
2019-07-05,15:00,sh603799,华友钴业,22.78,22.97,22.48,22.64,169260,384644992.0,-0.18,-0.7887817703768624
2019-07-08,15:00,sh603799,华友钴业,22.61,22.61,21.32,21.34,293057,637523264.0,-1.3,-5.742049469964664
2019-07-09,15:00,sh603799,华友钴业,21.29,21.76,21.14,21.58,181939,390465056.0,0.24,1.1246485473289598
2019-07-10,15:00,sh603799,华友钴业,21.65,21.68,20.93,21.08,163240,346228064.0,-0.5,-2.3169601482854496
2019-07-11,15:00,sh603799,华友钴业,21.25,21.55,20.96,21.07,145013,308506208.0,-0.01,-0.0474383301707779
2019-07-12,15:00,sh603799,华友钴业,21.0,21.44,20.99,21.13,117566,249310336.0,0.06,0.2847650688182249
2019-07-15,15:00,sh603799,华友钴业,21.0,21.57,20.76,21.4,155373,330633088.0,0.27,1.2778040700425934
2019-07-16,15:00,sh603799,华友钴业,21.39,21.57,21.25,21.41,95713,204774112.0,0.01,0.0467289719626168
2019-07-17,15:00,sh603799,华友钴业,21.4,21.47,21.23,21.3,87611,186894192.0,-0.11,-0.5137786081270435
2019-07-18,15:00,sh603799,华友钴业,21.18,21.53,21.07,21.1,127876,272592320.0,-0.2,-0.9389671361502347
2019-07-19,15:00,sh603799,华友钴业,21.3,21.49,21.15,21.31,133680,285243456.0,0.21,0.9952606635071092
2019-07-22,15:00,sh603799,华友钴业,21.35,21.39,20.21,20.31,181601,372651904.0,-1.0,-4.692632566870014
2019-07-23,15:00,sh603799,华友钴业,20.28,20.58,20.24,20.48,84090,171519984.0,0.17,0.8370260955194485
2019-07-24,15:00,sh603799,华友钴业,20.52,20.94,20.52,20.7,110604,229236960.0,0.22,1.07421875
2019-07-25,15:00,sh603799,华友钴业,20.6,20.73,20.34,20.55,107190,220356288.0,-0.15,-0.7246376811594203
2019-07-26,15:00,sh603799,华友钴业,20.51,21.64,20.45,21.4,296214,626411968.0,0.85,4.13625304136253
2019-07-29,15:00,sh603799,华友钴业,21.3,22.3,21.05,21.88,291684,634113536.0,0.48,2.2429906542056077
2019-07-30,15:00,sh603799,华友钴业,21.95,22.7,21.91,22.3,306809,687215744.0,0.42,1.919561243144424
2019-07-31,15:00,sh603799,华友钴业,22.33,23.86,22.04,23.38,535402,1227154176.0,1.08,4.843049327354261
2019-08-01,15:00,sh603799,华友钴业,23.0,25.43,22.96,24.62,771742,1885564800.0,1.24,5.303678357570573
2019-08-02,15:00,sh603799,华友钴业,24.07,24.88,23.86,24.36,525284,1278103168.0,-0.26,-1.0560519902518275
2019-08-05,15:00,sh603799,华友钴业,24.3,24.74,23.48,23.62,447066,1068954560.0,-0.74,-3.037766830870279
2019-08-06,15:00,sh603799,华友钴业,23.05,24.16,23.02,23.77,458582,1083891584.0,0.15,0.6350550381033023
2019-08-07,15:00,sh603799,华友钴业,26.15,26.15,26.15,26.15,123419,322743008.0,2.38,10.012620950778292
2019-08-08,15:00,sh603799,华友钴业,28.77,28.77,26.9,27.05,1325808,3693950464.0,0.9,3.4416826003824093
2019-08-09,15:00,sh603799,华友钴业,26.72,27.83,26.38,26.75,669807,1811304960.0,-0.3,-1.1090573012939002
2019-08-12,15:00,sh603799,华友钴业,26.72,26.72,25.1,25.89,548490,1417610496.0,-0.86,-3.214953271028037
2019-08-13,15:00,sh603799,华友钴业,25.75,26.6,25.6,25.66,438647,1144929152.0,-0.23,-0.8883738895326381
2019-08-14,15:00,sh603799,华友钴业,25.99,27.58,25.3,26.9,683313,1816005504.0,1.24,4.832424006235385
2019-08-15,15:00,sh603799,华友钴业,26.1,27.25,26.0,26.53,443165,1181034368.0,-0.37,-1.37546468401487
2019-08-16,15:00,sh603799,华友钴业,26.4,26.8,25.8,25.81,356178,935146624.0,-0.72,-2.7139087825103654
2019-08-19,15:00,sh603799,华友钴业,25.83,26.1,25.09,26.03,399778,1027748416.0,0.22,0.8523827973653623
2019-08-20,15:00,sh603799,华友钴业,25.9,27.47,25.53,26.79,502690,1340315776.0,0.76,2.9197080291970803
2019-08-21,15:00,sh603799,华友钴业,26.65,26.88,26.0,26.1,244229,642183872.0,-0.69,-2.57558790593505
2019-08-22,15:00,sh603799,华友钴业,26.15,26.16,25.23,25.95,311554,801496512.0,-0.15,-0.5747126436781609
2019-08-23,15:00,sh603799,华友钴业,26.05,26.31,25.26,25.26,240359,615741824.0,-0.69,-2.6589595375722546
2019-08-26,15:00,sh603799,华友钴业,24.69,24.7,24.08,24.31,266211,649028224.0,-0.95,-3.760886777513856
2019-08-27,15:00,sh603799,华友钴业,24.46,24.84,24.23,24.59,217758,535531008.0,0.28,1.1517893870835048
2019-08-28,15:00,sh603799,华友钴业,24.57,24.99,24.36,24.48,152910,376635904.0,-0.11,-0.4473363155754371
2019-08-29,15:00,sh603799,华友钴业,24.49,24.85,24.37,24.51,129532,318067712.0,0.03,0.1225490196078431
2019-08-30,15:00,sh603799,华友钴业,24.55,25.43,24.35,25.08,297864,743166016.0,0.57,2.3255813953488373
2019-09-02,15:00,sh603799,华友钴业,25.95,26.14,25.21,25.4,269313,688270976.0,0.32,1.2759170653907497
2019-09-03,15:00,sh603799,华友钴业,25.7,26.45,25.3,26.35,399406,1039990016.0,0.95,3.740157480314961
2019-09-04,15:00,sh603799,华友钴业,26.01,26.5,25.7,25.94,250400,651324224.0,-0.41,-1.555977229601518
2019-09-05,15:00,sh603799,华友钴业,26.08,26.39,25.8,26.16,316076,825173696.0,0.22,0.8481110254433308
2019-09-06,15:00,sh603799,华友钴业,26.28,26.35,25.71,25.8,218913,568304448.0,-0.36,-1.376146788990826
2019-09-09,15:00,sh603799,华友钴业,26.0,26.74,25.8,26.65,341089,899450240.0,0.85,3.294573643410853
2019-09-10,15:00,sh603799,华友钴业,27.08,28.77,26.91,27.46,537632,1499933696.0,0.81,3.0393996247654784
2019-09-11,15:00,sh603799,华友钴业,27.65,28.3,27.25,27.96,407591,1134283648.0,0.5,1.820830298616169
2019-09-12,15:00,sh603799,华友钴业,28.46,28.7,27.54,27.68,286215,798798208.0,-0.28,-1.0014306151645207
2019-09-16,15:00,sh603799,华友钴业,27.96,28.12,27.26,27.76,254682,702529792.0,0.08,0.2890173410404624
2019-09-17,15:00,sh603799,华友钴业,27.8,28.04,27.1,27.11,269846,744446336.0,-0.65,-2.34149855907781
2019-09-18,15:00,sh603799,华友钴业,27.16,27.45,26.2,26.77,257605,685902720.0,-0.34,-1.2541497602360752
2019-09-19,15:00,sh603799,华友钴业,26.79,27.3,26.42,27.13,219352,591150720.0,0.36,1.34478894284647
2019-09-20,15:00,sh603799,华友钴业,27.0,27.36,26.47,26.97,198269,532961472.0,-0.16,-0.5897530409141172
2019-09-23,15:00,sh603799,华友钴业,26.69,27.25,26.5,26.72,197454,530641184.0,-0.25,-0.9269558769002596
2019-09-24,15:00,sh603799,华友钴业,26.9,27.8,26.82,27.74,374048,1024082368.0,1.02,3.817365269461078
2019-09-25,15:00,sh603799,华友钴业,27.43,29.7,27.38,28.73,675796,1929484416.0,0.99,3.568853640951694
2019-09-26,15:00,sh603799,华友钴业,28.55,29.35,27.82,28.94,563913,1620884352.0,0.21,0.7309432648799165
2019-09-27,15:00,sh603799,华友钴业,28.99,29.57,28.34,28.85,474737,1381480320.0,-0.09,-0.3109882515549412
2019-09-30,15:00,sh603799,华友钴业,28.77,28.77,26.65,26.91,371347,1028575168.0,-1.94,-6.724436741767764
2019-10-08,15:00,sh603799,华友钴业,26.39,26.59,25.13,26.15,307599,797742848.0,-0.76,-2.8242289111854326
2019-10-09,15:00,sh603799,华友钴业,25.79,26.11,25.6,25.98,150388,389190016.0,-0.17,-0.6500956022944551
2019-10-10,15:00,sh603799,华友钴业,26.13,26.28,25.6,25.91,159717,412618784.0,-0.07,-0.2694380292532717
2019-10-11,15:00,sh603799,华友钴业,25.67,25.67,24.46,24.55,432823,1078248320.0,-1.36,-5.248938633732149
2019-10-14,15:00,sh603799,华友钴业,24.71,25.45,24.6,24.97,253682,636419392.0,0.42,1.7107942973523422
2019-10-15,15:00,sh603799,华友钴业,24.95,25.49,24.5,25.16,201282,502871872.0,0.19,0.7609130957148579
2019-10-16,15:00,sh603799,华友钴业,24.91,25.16,24.25,24.4,203558,502799808.0,-0.76,-3.02066772655008
2019-10-17,15:00,sh603799,华友钴业,24.31,24.52,23.79,23.98,201009,484469696.0,-0.42,-1.7213114754098362
2019-10-18,15:00,sh603799,华友钴业,24.03,24.46,23.73,23.95,205724,494946464.0,-0.03,-0.1251042535446205
2019-10-21,15:00,sh603799,华友钴业,23.83,23.85,23.16,23.4,129524,303363328.0,-0.55,-2.2964509394572024
2019-10-22,15:00,sh603799,华友钴业,23.66,24.17,23.65,24.16,157570,378200128.0,0.76,3.2478632478632483
2019-10-23,15:00,sh603799,华友钴业,24.32,24.33,23.61,23.66,121363,289558240.0,-0.5,-2.06953642384106
2019-10-24,15:00,sh603799,华友钴业,23.68,24.03,23.43,23.67,98500,234380144.0,0.01,0.0422654268808114
2019-10-25,15:00,sh603799,华友钴业,23.64,24.08,23.5,23.93,95102,226728896.0,0.26,1.0984368398817068
2019-10-28,15:00,sh603799,华友钴业,23.85,25.1,23.8,25.0,262307,648321280.0,1.07,4.471374843292938
2019-10-29,15:00,sh603799,华友钴业,24.81,25.3,24.62,24.87,230989,577963840.0,-0.13,-0.52
2019-10-30,15:00,sh603799,华友钴业,24.8,25.19,24.6,24.9,139793,347666208.0,0.03,0.120627261761158
2019-10-31,15:00,sh603799,华友钴业,25.08,25.38,24.53,24.55,166433,415261536.0,-0.35,-1.4056224899598393
2019-11-01,15:00,sh603799,华友钴业,24.6,24.68,24.01,24.6,128250,312717024.0,0.05,0.2036659877800407
2019-11-04,15:00,sh603799,华友钴业,24.6,25.31,24.57,25.0,181398,453942560.0,0.4,1.6260162601626018
2019-11-05,15:00,sh603799,华友钴业,24.96,27.39,24.86,26.34,489879,1276029312.0,1.34,5.36
2019-11-06,15:00,sh603799,华友钴业,26.5,27.54,26.38,26.77,495227,1337865088.0,0.43,1.632498101746393
2019-11-07,15:00,sh603799,华友钴业,26.8,27.15,26.0,26.78,281347,749902400.0,0.01,0.0373552484124019
2019-11-08,15:00,sh603799,华友钴业,26.99,27.26,26.48,26.52,226143,606152768.0,-0.26,-0.9708737864077668
2019-11-11,15:00,sh603799,华友钴业,26.31,26.52,25.6,25.69,206195,535164288.0,-0.83,-3.129713423831071
2019-11-12,15:00,sh603799,华友钴业,25.71,26.14,25.21,25.87,164922,423278848.0,0.18,0.7006617360840794
2019-11-13,15:00,sh603799,华友钴业,25.77,25.88,25.23,25.53,127102,324231456.0,-0.34,-1.3142636258214146
2019-11-14,15:00,sh603799,华友钴业,25.45,25.6,24.62,24.99,173479,433358624.0,-0.54,-2.1151586368977675
2019-11-15,15:00,sh603799,华友钴业,24.82,25.35,24.7,24.74,169706,424588224.0,-0.25,-1.0004001600640255
2019-11-18,15:00,sh603799,华友钴业,24.72,25.0,24.33,24.83,148667,367111296.0,0.09,0.3637833468067906
2019-11-19,15:00,sh603799,华友钴业,24.71,27.31,24.71,27.31,523641,1387304832.0,2.48,9.987917841320982
2019-11-20,15:00,sh603799,华友钴业,27.31,28.74,27.11,27.8,639054,1781471872.0,0.49,1.794214573416331
2019-11-21,15:00,sh603799,华友钴业,27.82,28.28,27.33,27.5,399981,1111219968.0,-0.3,-1.079136690647482
2019-11-22,15:00,sh603799,华友钴业,28.21,29.0,27.6,27.79,422151,1191064704.0,0.29,1.0545454545454545
2019-11-25,15:00,sh603799,华友钴业,27.9,28.63,27.5,28.02,375314,1054066496.0,0.23,0.8276358402302987
2019-11-26,15:00,sh603799,华友钴业,27.86,28.85,27.17,28.8,477869,1354790784.0,0.78,2.7837259100642395
2019-11-27,15:00,sh603799,华友钴业,30.01,31.53,29.16,30.84,810236,2453345536.0,2.04,7.083333333333333
2019-11-28,15:00,sh603799,华友钴业,30.78,31.32,30.26,30.5,494482,1521202816.0,-0.34,-1.1024643320363166
2019-11-29,15:00,sh603799,华友钴业,30.53,30.85,29.71,30.49,395859,1198210176.0,-0.01,-0.0327868852459016
2019-12-02,15:00,sh603799,华友钴业,30.4,30.5,29.37,29.63,399259,1187222400.0,-0.86,-2.8205969170219745
2019-12-03,15:00,sh603799,华友钴业,29.6,30.0,29.0,30.0,327770,968823808.0,0.37,1.2487343908201147
2019-12-04,15:00,sh603799,华友钴业,29.95,31.98,29.88,31.39,544285,1696120448.0,1.39,4.633333333333333
2019-12-05,15:00,sh603799,华友钴业,31.11,32.79,30.92,32.1,531146,1693735552.0,0.71,2.261866836572157
2019-12-06,15:00,sh603799,华友钴业,32.1,32.65,31.81,32.09,322809,1037183552.0,-0.01,-0.0311526479750778
2019-12-09,15:00,sh603799,华友钴业,32.1,32.38,31.2,31.6,342037,1088286720.0,-0.49,-1.5269554378311
2019-12-10,15:00,sh603799,华友钴业,31.42,32.17,31.17,31.84,290453,918931456.0,0.24,0.7594936708860759
2019-12-11,15:00,sh603799,华友钴业,31.76,31.76,29.62,29.86,565101,1718630784.0,-1.98,-6.21859296482412
2019-12-12,15:00,sh603799,华友钴业,29.95,30.93,29.95,30.1,342032,1040873536.0,0.24,0.8037508372404554
2019-12-13,15:00,sh603799,华友钴业,30.8,31.12,30.16,30.6,316330,970021120.0,0.5,1.6611295681063123
2019-12-16,15:00,sh603799,华友钴业,30.8,31.07,30.13,31.03,331578,1014770752.0,0.43,1.4052287581699348
2019-12-17,15:00,sh603799,华友钴业,31.18,33.07,31.18,32.14,579971,1869904896.0,1.11,3.577183370931357
2019-12-18,15:00,sh603799,华友钴业,31.8,32.5,31.3,31.93,396252,1259020416.0,-0.21,-0.6533914125700062
2019-12-19,15:00,sh603799,华友钴业,31.9,32.27,31.28,31.34,232974,735967744.0,-0.59,-1.8477920450986531
2019-12-20,15:00,sh603799,华友钴业,31.37,32.12,30.11,30.47,382739,1199083008.0,-0.87,-2.7760051052967456
2019-12-23,15:00,sh603799,华友钴业,30.33,32.87,30.12,32.1,567721,1817571456.0,1.63,5.349524122087299
2019-12-24,15:00,sh603799,华友钴业,32.29,35.31,32.05,35.31,666889,2258815232.0,3.21,10.0
2019-12-25,15:00,sh603799,华友钴业,35.98,36.59,34.7,36.3,659897,2364558080.0,0.99,2.803738317757009
2019-12-26,15:00,sh603799,华友钴业,35.98,37.4,35.4,36.87,515825,1887475072.0,0.57,1.5702479338842976
2019-12-27,15:00,sh603799,华友钴业,37.25,40.56,36.72,38.85,857863,3355152384.0,1.98,5.370219690805533
2019-12-30,15:00,sh603799,华友钴业,39.51,40.16,38.1,39.39,540973,2118770688.0,0.54,1.3899613899613898
2020-01-02,15:00,sh603799,华友钴业,40.43,41.28,38.23,40.13,601462,2391201536.0,0.74,1.8786494034018784
2020-01-03,15:00,sh603799,华友钴业,40.0,44.14,39.73,44.13,644558,2735041792.0,4.0,9.9676052828308
2020-01-06,15:00,sh603799,华友钴业,44.54,47.92,43.23,46.77,827447,3781666816.0,2.64,5.982324949014276
2020-01-07,15:00,sh603799,华友钴业,45.9,46.75,44.55,45.92,527466,2402914816.0,-0.85,-1.817404319007911
2020-01-08,15:00,sh603799,华友钴业,45.92,47.55,44.78,46.31,565849,2624797440.0,0.39,0.8493031358885017
2020-01-09,15:00,sh603799,华友钴业,47.5,48.44,46.12,46.62,429127,2019828736.0,0.31,0.6694018570503131
2020-01-10,15:00,sh603799,华友钴业,46.11,47.21,45.27,46.46,385042,1781212416.0,-0.16,-0.3432003432003432
2020-01-13,15:00,sh603799,华友钴业,47.12,47.9,45.72,46.66,421333,1968081664.0,0.2,0.4304778303917348
2020-01-14,15:00,sh603799,华友钴业,47.33,50.18,47.11,48.9,603969,2943168768.0,2.24,4.800685812258894
2020-01-15,15:00,sh603799,华友钴业,48.0,48.4,44.5,46.06,663086,3061279232.0,-2.84,-5.807770961145194
2020-01-16,15:00,sh603799,华友钴业,45.22,47.0,45.11,46.05,369334,1706585984.0,-0.01,-0.0217108119843682
2020-01-17,15:00,sh603799,华友钴业,45.9,46.4,44.3,44.93,455264,2054324224.0,-1.12,-2.43213897937025
2020-01-20,15:00,sh603799,华友钴业,44.91,45.95,44.37,45.5,376715,1700003840.0,0.57,1.2686401068328512
2020-01-21,15:00,sh603799,华友钴业,45.14,45.95,44.52,44.86,277231,1250333440.0,-0.64,-1.4065934065934065
2020-01-22,15:00,sh603799,华友钴业,44.56,47.45,44.47,47.0,561218,2602715392.0,2.14,4.770396790013376
2020-01-23,15:00,sh603799,华友钴业,46.33,49.36,44.51,47.2,590346,2772126464.0,0.2,0.425531914893617
2020-02-03,15:00,sh603799,华友钴业,42.48,42.48,42.48,42.48,87005,369597248.0,-4.72,-10.0
2020-02-04,15:00,sh603799,华友钴业,42.0,45.25,42.0,44.12,594930,2617789696.0,1.64,3.8606403013182673
2020-02-05,15:00,sh603799,华友钴业,45.44,47.37,44.51,45.62,612555,2829207808.0,1.5,3.399818676337262
2020-02-06,15:00,sh603799,华友钴业,43.5,45.14,42.44,44.58,643025,2815240192.0,-1.04,-2.2797018851380977
2020-02-07,15:00,sh603799,华友钴业,44.0,44.58,41.5,42.4,501534,2146803456.0,-2.18,-4.890085240017945
2020-02-10,15:00,sh603799,华友钴业,41.96,46.64,41.89,46.64,733818,3282248704.0,4.24,10.0
2020-02-11,15:00,sh603799,华友钴业,48.3,51.28,47.1,49.8,931436,4606114816.0,3.16,6.775300171526586
2020-02-12,15:00,sh603799,华友钴业,49.18,54.78,48.55,54.78,682840,3589466624.0,4.98,10.0
2020-02-13,15:00,sh603799,华友钴业,55.0,58.61,54.0,54.0,891887,4982417408.0,-0.78,-1.4238773274917853
2020-02-14,15:00,sh603799,华友钴业,54.43,56.0,52.27,52.66,677371,3660463104.0,-1.34,-2.4814814814814814
2020-02-17,15:00,sh603799,华友钴业,53.0,54.65,52.01,54.6,542569,2894530304.0,1.94,3.684010634257501
2020-02-18,15:00,sh603799,华友钴业,54.5,55.39,52.13,53.34,533590,2858442496.0,-1.26,-2.307692307692308
2020-02-19,15:00,sh603799,华友钴业,48.01,49.98,48.01,48.01,565337,2723782656.0,-5.33,-9.992500937382829
2020-02-20,15:00,sh603799,华友钴业,48.0,48.63,45.2,46.3,1036169,4824926720.0,-1.71,-3.5617579670901893
2020-02-21,15:00,sh603799,华友钴业,46.16,47.47,45.56,46.0,586356,2716784384.0,-0.3,-0.6479481641468683
2020-02-24,15:00,sh603799,华友钴业,44.5,44.5,41.4,42.61,1216275,5125460480.0,-3.39,-7.369565217391304
2020-02-25,15:00,sh603799,华友钴业,41.7,45.4,41.0,44.72,1040259,4490612224.0,2.11,4.951889227880779
2020-02-26,15:00,sh603799,华友钴业,43.0,43.87,41.8,42.63,661353,2817147648.0,-2.09,-4.673524150268336
2020-02-27,15:00,sh603799,华友钴业,42.8,43.0,41.11,41.99,386203,1626090624.0,-0.64,-1.50129017124091
2020-02-28,15:00,sh603799,华友钴业,39.53,40.4,37.79,37.79,618205,2410290944.0,-4.2,-10.002381519409385
2020-03-02,15:00,sh603799,华友钴业,37.99,38.9,36.81,38.35,551626,2099928192.0,0.56,1.4818735115109818
2020-03-03,15:00,sh603799,华友钴业,39.3,40.97,39.0,40.17,654484,2623918080.0,1.82,4.745762711864407
2020-03-04,15:00,sh603799,华友钴业,40.7,41.29,39.89,40.95,478525,1941010432.0,0.78,1.9417475728155336
2020-03-05,15:00,sh603799,华友钴业,41.3,41.47,40.01,40.35,381642,1544518784.0,-0.6,-1.465201465201465
2020-03-06,15:00,sh603799,华友钴业,39.7,41.93,39.3,40.89,459777,1887723904.0,0.54,1.338289962825279
2020-03-09,15:00,sh603799,华友钴业,42.3,42.99,40.68,41.06,705737,2968280064.0,0.17,0.4157495720224994
2020-03-10,15:00,sh603799,华友钴业,40.5,41.39,37.41,40.84,569725,2253661696.0,-0.22,-0.535801266439357
2020-03-11,15:00,sh603799,华友钴业,41.0,41.28,38.71,38.78,454071,1798177152.0,-2.06,-5.044074436826641
2020-03-12,15:00,sh603799,华友钴业,37.5,37.95,36.34,36.8,393221,1458086400.0,-1.98,-5.105724600309438
2020-03-13,15:00,sh603799,华友钴业,34.0,36.2,34.0,35.31,432467,1506741760.0,-1.49,-4.048913043478261
2020-03-16,15:00,sh603799,华友钴业,35.57,36.16,31.78,31.84,607859,2040941952.0,-3.47,-9.82724440668366
2020-03-17,15:00,sh603799,华友钴业,32.52,33.87,31.88,32.8,561890,1841804672.0,0.96,3.015075376884422
2020-03-18,15:00,sh603799,华友钴业,33.11,33.96,32.0,32.02,404741,1343964416.0,-0.78,-2.3780487804878048
2020-03-19,15:00,sh603799,华友钴业,32.44,32.72,31.01,31.91,377529,1202012288.0,-0.11,-0.3435352904434728
2020-03-20,15:00,sh603799,华友钴业,32.89,32.9,30.5,31.34,412843,1302213632.0,-0.57,-1.7862738953306172
2020-03-23,15:00,sh603799,华友钴业,30.0,30.37,28.9,29.14,355792,1055380736.0,-2.2,-7.019783024888322
2020-03-24,15:00,sh603799,华友钴业,29.92,31.0,29.2,30.12,420746,1265024896.0,0.98,3.363074811256005
2020-03-25,15:00,sh603799,华友钴业,31.11,31.53,30.7,31.19,401337,1249791360.0,1.07,3.5524568393094293
2020-03-26,15:00,sh603799,华友钴业,31.0,31.03,30.3,30.32,253935,777641088.0,-0.87,-2.7893555626803463
2020-03-27,15:00,sh603799,华友钴业,30.93,30.98,29.45,29.46,289810,868718016.0,-0.86,-2.836411609498681
2020-03-30,15:00,sh603799,华友钴业,29.5,29.77,28.35,28.9,319927,928722176.0,-0.56,-1.9008825526137132
2020-03-31,15:00,sh603799,华友钴业,29.37,29.65,28.69,29.41,298440,872599424.0,0.51,1.7647058823529411
2020-04-01,15:00,sh603799,华友钴业,29.91,31.85,29.49,31.1,661206,2046234240.0,1.69,5.746344780686841
2020-04-02,15:00,sh603799,华友钴业,30.81,31.61,30.6,31.53,452153,1406132480.0,0.43,1.382636655948553
2020-04-03,15:00,sh603799,华友钴业,31.24,31.58,30.1,30.26,413497,1268605696.0,-1.27,-4.027909927053599
2020-04-07,15:00,sh603799,华友钴业,30.8,31.74,30.69,31.74,435328,1354612736.0,1.48,4.890945142101785
2020-04-08,15:00,sh603799,华友钴业,31.46,33.63,31.08,32.78,647246,2089528448.0,1.04,3.276622558286074
2020-04-09,15:00,sh603799,华友钴业,34.0,34.39,33.01,33.05,576459,1933555456.0,0.27,0.823672971323978
2020-04-10,15:00,sh603799,华友钴业,33.32,33.93,32.22,32.48,403390,1333808000.0,-0.57,-1.7246596066565807
2020-04-13,15:00,sh603799,华友钴业,32.38,32.38,31.4,32.03,229322,731048064.0,-0.45,-1.3854679802955665
2020-04-14,15:00,sh603799,华友钴业,32.59,34.2,32.32,34.05,537111,1793496320.0,2.02,6.306587574149234
2020-04-15,15:00,sh603799,华友钴业,34.11,34.35,33.32,33.4,441910,1492049280.0,-0.65,-1.908957415565345
2020-04-16,15:00,sh603799,华友钴业,33.88,34.93,33.66,34.53,552058,1892851200.0,1.13,3.383233532934132
2020-04-17,15:00,sh603799,华友钴业,34.53,34.95,34.0,34.17,484318,1667075456.0,-0.36,-1.0425716768027802
2020-04-20,15:00,sh603799,华友钴业,33.91,34.08,33.39,34.05,281038,947440704.0,-0.12,-0.3511852502194907
2020-04-21,15:00,sh603799,华友钴业,33.54,33.75,32.37,32.82,325943,1074418304.0,-1.23,-3.612334801762114
2020-04-22,15:00,sh603799,华友钴业,32.27,33.4,32.13,33.16,237738,782113536.0,0.34,1.035953686776356
2020-04-23,15:00,sh603799,华友钴业,33.5,34.4,33.2,33.21,340048,1149600640.0,0.05,0.1507840772014475
2020-04-24,15:00,sh603799,华友钴业,33.3,33.95,32.26,32.73,299090,990688128.0,-0.48,-1.4453477868112017
2020-04-27,15:00,sh603799,华友钴业,32.78,33.98,32.07,33.36,273888,905053120.0,0.63,1.924839596700275
2020-04-28,15:00,sh603799,华友钴业,33.41,33.55,31.95,32.79,246064,806243136.0,-0.57,-1.70863309352518
2020-04-29,15:00,sh603799,华友钴业,32.47,33.4,32.47,32.91,225665,745052032.0,0.12,0.3659652333028362
2020-04-30,15:00,sh603799,华友钴业,33.4,34.63,33.3,34.44,454759,1551920000.0,1.53,4.649042844120328
2020-05-06,15:00,sh603799,华友钴业,33.95,37.79,33.8,37.26,700491,2533745920.0,2.82,8.188153310104529
2020-05-07,15:00,sh603799,华友钴业,36.9,38.15,36.52,37.3,567856,2129899008.0,0.04,0.1073537305421363
2020-05-08,15:00,sh603799,华友钴业,37.58,38.23,37.09,37.79,426673,1609537792.0,0.49,1.3136729222520107
2020-05-11,15:00,sh603799,华友钴业,37.8,38.0,35.84,36.2,527929,1937266176.0,-1.59,-4.207462291611538
2020-05-12,15:00,sh603799,华友钴业,35.35,36.15,34.76,35.7,370211,1313142784.0,-0.5,-1.3812154696132597
2020-05-13,15:00,sh603799,华友钴业,35.28,36.83,35.26,36.11,302451,1094705920.0,0.41,1.1484593837535015
2020-05-14,15:00,sh603799,华友钴业,35.69,36.24,35.35,35.48,231621,824883520.0,-0.63,-1.744669066740515
2020-05-15,15:00,sh603799,华友钴业,35.9,36.34,34.94,35.69,317416,1132827904.0,0.21,0.5918827508455468
2020-05-18,15:00,sh603799,华友钴业,35.29,36.07,34.6,35.34,284397,1005438016.0,-0.35,-0.9806668534603532
2020-05-19,15:00,sh603799,华友钴业,35.61,36.06,35.29,35.84,225428,803526784.0,0.5,1.414827391058291
2020-05-20,15:00,sh603799,华友钴业,36.3,37.12,35.9,35.99,380341,1390319744.0,0.15,0.4185267857142857
2020-05-21,15:00,sh603799,华友钴业,35.95,36.0,33.61,33.9,373239,1297755264.0,-2.09,-5.807168657960545
2020-05-22,15:00,sh603799,华友钴业,33.65,33.65,32.01,32.19,305081,994559616.0,-1.71,-5.04424778761062
2020-05-25,15:00,sh603799,华友钴业,31.6,31.89,31.05,31.74,173330,546414208.0,-0.45,-1.3979496738117427
2020-05-26,15:00,sh603799,华友钴业,31.95,32.97,31.95,32.42,229556,747345984.0,0.68,2.142407057340895
2020-05-27,15:00,sh603799,华友钴业,32.65,32.93,31.35,31.45,243116,777667456.0,-0.97,-2.9919802590993214
2020-05-28,15:00,sh603799,华友钴业,31.5,32.31,31.31,31.94,218652,693848832.0,0.49,1.5580286168521462
2020-05-29,15:00,sh603799,华友钴业,31.93,33.04,31.61,32.47,318625,1034351040.0,0.53,1.6593613024420788
2020-06-01,15:00,sh603799,华友钴业,32.69,33.78,32.2,33.41,390238,1292148480.0,0.94,2.8949799815214043
2020-06-02,15:00,sh603799,华友钴业,33.7,33.8,32.9,33.24,294952,980357376.0,-0.17,-0.5088296917090691
2020-06-03,15:00,sh603799,华友钴业,33.36,33.6,32.86,33.17,255113,848536256.0,-0.07,-0.210589651022864
2020-06-04,15:00,sh603799,华友钴业,33.41,35.95,33.4,35.73,635310,2225362176.0,2.56,7.717817304793488
2020-06-05,15:00,sh603799,华友钴业,35.43,35.69,34.5,35.03,355554,1244769664.0,-0.7,-1.9591379792891128
2020-06-08,15:00,sh603799,华友钴业,35.36,35.87,34.89,35.51,327450,1159601280.0,0.48,1.3702540679417643
2020-06-09,15:00,sh603799,华友钴业,35.76,35.88,34.85,35.25,278721,981341760.0,-0.26,-0.7321881160236553
2020-06-10,15:00,sh603799,华友钴业,35.01,35.19,34.2,34.23,276010,951668096.0,-1.02,-2.893617021276596
2020-06-11,15:00,sh603799,华友钴业,34.7,35.15,34.02,34.13,327253,1132429056.0,-0.1,-0.292141396435875
2020-06-12,15:00,sh603799,华友钴业,33.28,33.9,32.79,33.59,286559,956632320.0,-0.54,-1.5821857603281568
2020-06-15,15:00,sh603799,华友钴业,33.29,34.2,32.92,33.34,282490,949189888.0,-0.25,-0.7442691277165823
2020-06-16,15:00,sh603799,华友钴业,33.86,36.67,33.56,36.67,825112,2951519232.0,3.33,9.988002399520097
2020-06-17,15:00,sh603799,华友钴业,37.01,39.5,36.75,38.04,983722,3741381120.0,1.37,3.73602399781838
2020-06-18,15:00,sh603799,华友钴业,38.5,39.14,38.0,38.5,568954,2192372736.0,0.46,1.2092534174553102
2020-06-19,15:00,sh603799,华友钴业,38.45,39.6,38.18,39.12,569948,2229368320.0,0.62,1.6103896103896105
2020-06-22,15:00,sh603799,华友钴业,38.5,40.73,38.38,39.6,527552,2100131840.0,0.48,1.2269938650306749
2020-06-23,15:00,sh603799,华友钴业,39.9,39.9,38.5,38.97,428880,1672713344.0,-0.63,-1.5909090909090908
2020-06-24,15:00,sh603799,华友钴业,38.91,39.49,38.01,38.32,317977,1226691968.0,-0.65,-1.667949704901206
2020-06-29,15:00,sh603799,华友钴业,38.26,39.15,37.68,38.02,338213,1292978944.0,-0.3,-0.7828810020876826
2020-06-30,15:00,sh603799,华友钴业,38.42,39.5,38.4,38.86,343201,1335181696.0,0.84,2.2093634928984742
2020-07-01,15:00,sh603799,华友钴业,39.39,41.1,38.92,40.27,549907,2206732544.0,1.41,3.6284096757591353
2020-07-02,15:00,sh603799,华友钴业,40.16,40.42,39.22,39.73,429801,1710245632.0,-0.54,-1.340948596970449
2020-07-03,15:00,sh603799,华友钴业,40.1,41.42,39.54,39.78,568397,2299099904.0,0.05,0.1258494840171155
2020-07-06,15:00,sh603799,华友钴业,40.09,43.62,39.6,43.1,799152,3323639552.0,3.32,8.345902463549521
2020-07-07,15:00,sh603799,华友钴业,44.21,45.52,42.1,43.7,800441,3541256704.0,0.6,1.3921113689095126
2020-07-08,15:00,sh603799,华友钴业,43.13,44.89,41.93,44.2,673286,2930181888.0,0.5,1.1441647597254003
2020-07-09,15:00,sh603799,华友钴业,44.15,45.24,44.12,44.92,579147,2590725376.0,0.72,1.6289592760180998
2020-07-10,15:00,sh603799,华友钴业,44.7,46.19,43.8,43.96,524074,2353497344.0,-0.96,-2.13713268032057
2020-07-13,15:00,sh603799,华友钴业,44.53,48.36,44.3,48.36,722353,3380450048.0,4.4,10.009099181073704
2020-07-14,15:00,sh603799,华友钴业,48.0,48.4,44.7,45.29,824207,3805920768.0,-3.07,-6.3482216708023165
2020-07-15,15:00,sh603799,华友钴业,45.8,46.17,42.28,42.85,601799,2632063488.0,-2.44,-5.387502759991168
2020-07-16,15:00,sh603799,华友钴业,43.5,43.7,40.0,40.52,471096,1995965952.0,-2.33,-5.43757292882147
2020-07-17,15:00,sh603799,华友钴业,40.49,41.45,39.68,40.66,364918,1478467840.0,0.14,0.3455083909180652
2020-07-20,15:00,sh603799,华友钴业,41.33,42.59,40.4,42.59,362648,1512384640.0,1.93,4.746679783571077
2020-07-21,15:00,sh603799,华友钴业,42.8,43.43,41.51,42.1,286913,1213071616.0,-0.49,-1.150504813336464
2020-07-22,15:00,sh603799,华友钴业,42.2,43.22,41.79,42.15,307310,1306965376.0,0.05,0.1187648456057007
2020-07-23,15:00,sh603799,华友钴业,40.37,41.07,39.0,40.75,504484,2034008064.0,-1.4,-3.3214709371293
2020-07-24,15:00,sh603799,华友钴业,41.13,41.73,38.53,38.68,402884,1611278720.0,-2.07,-5.079754601226994
2020-07-27,15:00,sh603799,华友钴业,38.75,41.85,38.48,41.78,598330,2435778304.0,3.1,8.014477766287486
2020-07-28,15:00,sh603799,华友钴业,43.74,45.1,42.45,43.32,766706,3364622080.0,1.54,3.685974150311154
2020-07-29,15:00,sh603799,华友钴业,43.32,44.29,42.85,43.94,509738,2226750976.0,0.62,1.4312096029547554
2020-07-30,15:00,sh603799,华友钴业,45.21,45.54,43.5,44.75,553514,2468086272.0,0.81,1.843422849340009
2020-07-31,15:00,sh603799,华友钴业,43.4,43.66,41.79,42.76,677161,2883608064.0,-1.99,-4.446927374301676
2020-08-03,15:00,sh603799,华友钴业,42.91,43.41,42.08,43.28,455419,1950309888.0,0.52,1.216089803554724
2020-08-04,15:00,sh603799,华友钴业,45.5,46.79,44.98,45.25,869606,3971578368.0,1.97,4.551756007393715
2020-08-05,15:00,sh603799,华友钴业,45.5,48.17,43.77,46.44,788156,3612233984.0,1.19,2.6298342541436464
2020-08-06,15:00,sh603799,华友钴业,46.5,47.32,45.64,46.46,596516,2776963584.0,0.02,0.0430663221360895
2020-08-07,15:00,sh603799,华友钴业,45.89,46.28,43.65,44.61,535417,2402491136.0,-1.85,-3.981919931123548
2020-08-10,15:00,sh603799,华友钴业,43.5,44.1,42.61,43.57,360924,1559635712.0,-1.04,-2.33131584846447
2020-08-11,15:00,sh603799,华友钴业,43.67,43.97,41.56,41.66,361857,1549879040.0,-1.91,-4.383750286894653
2020-08-12,15:00,sh603799,华友钴业,41.98,43.28,41.2,43.24,384793,1624832512.0,1.58,3.7926068170907343
2020-08-13,15:00,sh603799,华友钴业,43.2,43.2,41.88,42.0,249000,1052217856.0,-1.24,-2.8677150786308974
2020-08-14,15:00,sh603799,华友钴业,41.7,42.34,41.17,42.11,200519,838744576.0,0.11,0.2619047619047619
2020-08-17,15:00,sh603799,华友钴业,42.56,43.1,42.0,42.87,267036,1136555776.0,0.76,1.8047969603419616
2020-08-18,15:00,sh603799,华友钴业,43.3,43.45,42.25,42.46,245706,1048135168.0,-0.41,-0.9563797527408444
2020-08-19,15:00,sh603799,华友钴业,42.32,43.45,42.02,42.3,285144,1218216704.0,-0.16,-0.3768252472915685
2020-08-20,15:00,sh603799,华友钴业,44.08,44.98,43.3,43.59,601546,2647565824.0,1.29,3.0496453900709217
2020-08-21,15:00,sh603799,华友钴业,43.6,44.85,42.72,44.18,448457,1973347072.0,0.59,1.3535214498738242
2020-08-24,15:00,sh603799,华友钴业,44.22,44.43,42.18,42.99,341622,1466055680.0,-1.19,-2.6935264825712992
2020-08-25,15:00,sh603799,华友钴业,42.91,42.98,40.9,41.16,418920,1744813824.0,-1.83,-4.256803907885555
2020-08-26,15:00,sh603799,华友钴业,41.11,41.93,39.88,39.93,296469,1205293568.0,-1.23,-2.988338192419825
2020-08-27,15:00,sh603799,华友钴业,39.93,40.56,38.76,40.25,252238,999236736.0,0.32,0.8014024542950162
2020-08-28,15:00,sh603799,华友钴业,40.06,40.62,39.62,40.62,186740,750316416.0,0.37,0.9192546583850932
2020-08-31,15:00,sh603799,华友钴业,41.24,41.4,40.08,40.16,223164,909250304.0,-0.46,-1.1324470704086658
2020-09-01,15:00,sh603799,华友钴业,40.24,41.08,39.65,40.73,231547,934238272.0,0.57,1.4193227091633465
2020-09-02,15:00,sh603799,华友钴业,40.5,40.5,39.55,39.64,249063,990698048.0,-1.09,-2.676160078566168
2020-09-03,15:00,sh603799,华友钴业,39.64,39.9,38.9,38.99,181715,713250304.0,-0.65,-1.639757820383451
2020-09-04,15:00,sh603799,华友钴业,38.19,39.28,37.9,39.13,138236,535762336.0,0.14,0.3590664272890485
2020-09-07,15:00,sh603799,华友钴业,39.13,39.79,38.3,38.44,150993,590341312.0,-0.69,-1.7633529261436238
2020-09-08,15:00,sh603799,华友钴业,38.44,38.85,37.87,38.29,157855,603953472.0,-0.15,-0.3902185223725286
2020-09-09,15:00,sh603799,华友钴业,37.68,37.87,36.11,36.12,247612,910211648.0,-2.17,-5.6672760511883
2020-09-10,15:00,sh603799,华友钴业,37.0,37.75,36.33,36.49,221920,821170816.0,0.37,1.0243632336655593
2020-09-11,15:00,sh603799,华友钴业,36.99,37.52,36.51,37.12,146799,542826688.0,0.63,1.7265004110715263
2020-09-14,15:00,sh603799,华友钴业,37.81,38.78,37.57,38.41,234067,895078464.0,1.29,3.475215517241379
2020-09-15,15:00,sh603799,华友钴业,38.48,39.1,38.01,38.49,197457,762187200.0,0.08,0.2082790939859412
2020-09-16,15:00,sh603799,华友钴业,38.2,38.98,37.71,38.65,199546,765310400.0,0.16,0.4156923876331515
2020-09-17,15:00,sh603799,华友钴业,38.36,38.45,37.91,38.12,134270,512686560.0,-0.53,-1.371280724450194
2020-09-18,15:00,sh603799,华友钴业,38.25,38.7,37.86,38.63,167107,639705344.0,0.51,1.3378803777544597
2020-09-21,15:00,sh603799,华友钴业,38.63,38.88,37.92,38.0,142414,545789696.0,-0.63,-1.6308568470100957
2020-09-22,15:00,sh603799,华友钴业,37.68,37.68,36.8,36.96,138036,513746720.0,-1.04,-2.736842105263158
2020-09-23,15:00,sh603799,华友钴业,37.28,37.51,36.76,36.84,98178,363807808.0,-0.12,-0.3246753246753247
2020-09-24,15:00,sh603799,华友钴业,36.31,36.55,35.11,35.15,202407,721006592.0,-1.69,-4.587404994571118
2020-09-25,15:00,sh603799,华友钴业,35.49,35.59,34.64,34.76,122957,429364160.0,-0.39,-1.1095305832147937
2020-09-28,15:00,sh603799,华友钴业,34.77,35.15,33.85,33.93,139123,477108480.0,-0.83,-2.3878020713463752
2020-09-29,15:00,sh603799,华友钴业,34.16,34.93,34.1,34.62,120495,416909504.0,0.69,2.033598585322723
2020-09-30,15:00,sh603799,华友钴业,34.66,34.88,34.33,34.69,95410,330697952.0,0.07,0.2021952628538417
2020-10-09,15:00,sh603799,华友钴业,35.07,36.24,35.07,35.92,167341,600029120.0,1.23,3.545690400691842
2020-10-12,15:00,sh603799,华友钴业,36.15,36.95,36.15,36.9,187546,688193920.0,0.98,2.728285077951002
2020-10-13,15:00,sh603799,华友钴业,36.94,36.98,36.17,36.92,132677,485577760.0,0.02,0.05420054200542
2020-10-14,15:00,sh603799,华友钴业,36.61,37.64,36.35,37.27,190492,708565312.0,0.35,0.9479956663055256
2020-10-15,15:00,sh603799,华友钴业,37.26,37.72,36.95,37.08,116874,435322016.0,-0.19,-0.5097933995170378
2020-10-16,15:00,sh603799,华友钴业,36.95,37.21,35.7,35.98,151375,548096448.0,-1.1,-2.96655879180151
2020-10-19,15:00,sh603799,华友钴业,36.29,36.84,36.2,36.38,120387,439626304.0,0.4,1.1117287381878822
2020-10-20,15:00,sh603799,华友钴业,36.68,38.17,36.08,37.44,241944,904315136.0,1.06,2.9136888400219902
2020-10-21,15:00,sh603799,华友钴业,37.02,37.43,35.45,35.95,254646,923743104.0,-1.49,-3.9797008547008543
2020-10-22,15:00,sh603799,华友钴业,35.75,36.28,35.21,36.2,116612,417212448.0,0.25,0.6954102920723227
2020-10-23,15:00,sh603799,华友钴业,36.03,36.65,35.5,35.62,109921,396249920.0,-0.58,-1.6022099447513811
2020-10-26,15:00,sh603799,华友钴业,35.61,36.23,35.11,36.11,132395,475363360.0,0.49,1.375631667602471
2020-10-27,15:00,sh603799,华友钴业,36.0,37.81,35.83,37.58,324111,1210914816.0,1.47,4.070894489061202
2020-10-28,15:00,sh603799,华友钴业,38.0,38.97,37.61,38.7,388660,1488965120.0,1.12,2.9803086748270355
2020-10-29,15:00,sh603799,华友钴业,38.1,42.57,38.1,41.4,878562,3568645376.0,2.7,6.976744186046512
2020-10-30,15:00,sh603799,华友钴业,41.58,41.58,39.7,39.78,481722,1947529472.0,-1.62,-3.91304347826087
2020-11-02,15:00,sh603799,华友钴业,40.0,41.88,39.78,41.47,394735,1621049216.0,1.69,4.248366013071895
2020-11-03,15:00,sh603799,华友钴业,41.65,43.0,40.84,41.45,387198,1619705344.0,-0.02,-0.0482276344345309
2020-11-04,15:00,sh603799,华友钴业,41.5,42.62,41.18,41.71,271084,1136191232.0,0.26,0.6272617611580217
2020-11-05,15:00,sh603799,华友钴业,42.15,43.88,41.88,43.19,492573,2119427200.0,1.48,3.5483097578518343
2020-11-06,15:00,sh603799,华友钴业,43.8,45.6,43.68,44.0,639524,2848069632.0,0.81,1.875434128270433
2020-11-09,15:00,sh603799,华友钴业,45.0,47.5,44.5,46.26,604536,2778140416.0,2.26,5.136363636363636
2020-11-10,15:00,sh603799,华友钴业,46.65,46.98,44.51,45.98,495769,2276731904.0,-0.28,-0.6052745352356248
2020-11-11,15:00,sh603799,华友钴业,45.49,46.55,43.5,43.5,485325,2164358400.0,-2.48,-5.393649412788169
2020-11-12,15:00,sh603799,华友钴业,44.42,47.18,43.62,46.2,590630,2711751424.0,2.7,6.206896551724138
2020-11-13,15:00,sh603799,华友钴业,47.83,50.82,47.38,49.94,1140430,5697541632.0,3.74,8.095238095238095
2020-11-16,15:00,sh603799,华友钴业,50.39,53.14,48.51,51.64,859890,4372263936.0,1.7,3.4040849018822588
2020-11-17,15:00,sh603799,华友钴业,51.7,53.84,51.0,52.0,721167,3781888256.0,0.36,0.69713400464756
2020-11-18,15:00,sh603799,华友钴业,52.34,52.88,50.29,51.5,447889,2299868160.0,-0.5,-0.9615384615384616
2020-11-19,15:00,sh603799,华友钴业,51.76,51.88,49.5,51.08,366335,1850900096.0,-0.42,-0.8155339805825242
2020-11-20,15:00,sh603799,华友钴业,51.15,52.48,50.86,51.8,382921,1977453696.0,0.72,1.4095536413469067
2020-11-23,15:00,sh603799,华友钴业,52.99,55.42,52.45,54.35,543187,2943759616.0,2.55,4.922779922779923
2020-11-24,15:00,sh603799,华友钴业,54.0,55.62,53.03,54.4,384566,2090504960.0,0.05,0.0919963201471941
2020-11-25,15:00,sh603799,华友钴业,54.44,56.74,52.25,52.5,482624,2603013120.0,-1.9,-3.492647058823529
2020-11-26,15:00,sh603799,华友钴业,52.4,53.21,50.43,52.1,339928,1757389312.0,-0.4,-0.7619047619047619
2020-11-27,15:00,sh603799,华友钴业,53.0,53.75,51.7,53.44,335126,1770686208.0,1.34,2.5719769673704413
2020-11-30,15:00,sh603799,华友钴业,53.5,53.79,51.66,52.32,329963,1739795328.0,-1.12,-2.095808383233533
2020-12-01,15:00,sh603799,华友钴业,52.28,52.48,50.97,52.35,238299,1235417216.0,0.03,0.0573394495412844
2020-12-02,15:00,sh603799,华友钴业,52.66,53.6,50.0,51.61,343083,1761386240.0,-0.74,-1.4135625596943648
2020-12-03,15:00,sh603799,华友钴业,51.64,51.78,50.4,50.68,208806,1062319744.0,-0.93,-1.801976361170316
2020-12-04,15:00,sh603799,华友钴业,50.45,54.75,50.18,53.64,349294,1833427584.0,2.96,5.840568271507498
2020-12-07,15:00,sh603799,华友钴业,53.64,56.2,53.3,54.49,353459,1939444480.0,0.85,1.5846383296047726
2020-12-08,15:00,sh603799,华友钴业,54.7,56.07,54.13,55.38,283754,1566132224.0,0.89,1.6333272160029364
2020-12-09,15:00,sh603799,华友钴业,55.39,59.88,55.1,57.5,464841,2690560768.0,2.12,3.828096785843265
2020-12-10,15:00,sh603799,华友钴业,56.74,57.2,54.5,56.24,300951,1680115328.0,-1.26,-2.1913043478260867
2020-12-11,15:00,sh603799,华友钴业,57.66,58.2,54.69,55.8,334658,1886020736.0,-0.44,-0.7823613086770981
2020-12-14,15:00,sh603799,华友钴业,55.48,61.33,54.5,60.8,388532,2246957568.0,5.0,8.960573476702509
2020-12-15,15:00,sh603799,华友钴业,59.8,60.79,58.5,59.99,316992,1892915328.0,-0.81,-1.332236842105263
2020-12-16,15:00,sh603799,华友钴业,58.9,59.59,57.47,59.29,292058,1715037696.0,-0.7,-1.166861143523921
2020-12-17,15:00,sh603799,华友钴业,58.69,63.1,57.77,61.81,420271,2538112000.0,2.52,4.250295159386068
2020-12-18,15:00,sh603799,华友钴业,61.6,66.86,61.59,64.72,469446,3030761984.0,2.91,4.707976055654425
2020-12-21,15:00,sh603799,华友钴业,65.6,71.19,65.6,71.19,589288,4061100032.0,6.47,9.996909765142153
2020-12-22,15:00,sh603799,华友钴业,71.3,72.07,67.15,67.5,465124,3244195584.0,-3.69,-5.183312262958281
2020-12-23,15:00,sh603799,华友钴业,67.71,71.23,65.2,67.12,505321,3454086656.0,-0.38,-0.5629629629629629
2020-12-24,15:00,sh603799,华友钴业,67.49,70.29,65.51,68.9,341452,2330979584.0,1.78,2.6519666269368294
2020-12-25,15:00,sh603799,华友钴业,68.35,75.79,67.56,75.79,486641,3539289600.0,6.89,10.0
2020-12-28,15:00,sh603799,华友钴业,74.81,78.85,72.65,77.34,457363,3478474240.0,1.55,2.0451246866341206
2020-12-29,15:00,sh603799,华友钴业,76.88,77.87,69.61,69.61,559424,4056210432.0,-7.73,-9.9948280320662
2020-12-30,15:00,sh603799,华友钴业,71.2,75.45,71.2,73.24,476068,3485295104.0,3.63,5.214767993104439
2020-12-31,15:00,sh603799,华友钴业,72.01,80.03,72.01,79.3,474049,3645261312.0,6.06,8.27416712179137
2021-01-04,15:00,sh603799,华友钴业,81.5,87.23,81.4,87.1,474245,4025885184.0,7.8,9.836065573770492
2021-01-05,15:00,sh603799,华友钴业,86.78,90.96,84.66,88.3,421061,3673493248.0,1.2,1.377726750861079
2021-01-06,15:00,sh603799,华友钴业,89.0,91.19,84.72,89.0,353757,3087949568.0,0.7,0.7927519818799547
2021-01-07,15:00,sh603799,华友钴业,89.5,97.0,89.5,95.6,449153,4212050432.0,6.6,7.415730337078652
2021-01-08,15:00,sh603799,华友钴业,97.03,98.11,88.51,94.9,436554,4040566528.0,-0.7,-0.7322175732217573
2021-01-11,15:00,sh603799,华友钴业,95.33,96.01,85.41,86.41,626772,5606983168.0,-8.49,-8.946259220231823
2021-01-12,15:00,sh603799,华友钴业,84.98,92.66,82.57,90.15,532355,4672293376.0,3.74,4.328202754310843
2021-01-13,15:00,sh603799,华友钴业,91.5,93.88,81.14,81.35,727549,6231756800.0,-8.8,-9.76150859678314
2021-01-14,15:00,sh603799,华友钴业,80.5,84.2,77.77,81.0,565293,4561671680.0,-0.35,-0.430239704978488
2021-01-15,15:00,sh603799,华友钴业,81.0,85.53,79.1,83.91,505465,4171420416.0,2.91,3.592592592592593
2021-01-18,15:00,sh603799,华友钴业,82.6,84.37,80.29,83.1,384433,3168553984.0,-0.81,-0.9653199856989632
2021-01-19,15:00,sh603799,华友钴业,83.1,86.18,76.51,78.55,563276,4589885952.0,-4.55,-5.475330926594465
2021-01-20,15:00,sh603799,华友钴业,79.8,85.46,78.8,84.19,493575,4092414464.0,5.64,7.180140038192234
2021-01-21,15:00,sh603799,华友钴业,83.0,90.25,82.18,90.25,459904,3993039616.0,6.06,7.19800451360019
2021-01-22,15:00,sh603799,华友钴业,90.0,98.19,89.35,96.28,514155,4830232064.0,6.03,6.6814404432132966
2021-01-25,15:00,sh603799,华友钴业,100.66,105.14,97.17,103.35,560085,5714632192.0,7.07,7.343165766514333
2021-01-26,15:00,sh603799,华友钴业,104.0,104.0,93.68,97.61,476944,4668445184.0,-5.74,-5.553942912433478
2021-01-27,15:00,sh603799,华友钴业,100.0,107.0,94.51,107.0,584628,5932644864.0,9.39,9.619915992213912
2021-01-28,15:00,sh603799,华友钴业,102.0,105.51,99.18,100.85,425404,4339108864.0,-6.15,-5.747663551401869
2021-01-29,15:00,sh603799,华友钴业,101.88,103.5,93.5,99.02,527235,5166712832.0,-1.83,-1.8145761031234509
2021-02-01,15:00,sh603799,华友钴业,99.0,99.89,91.0,94.95,456512,4359948288.0,-4.07,-4.11028075136336
2021-02-02,15:00,sh603799,华友钴业,96.5,104.45,95.16,104.45,483792,4845766656.0,9.5,10.005265929436543
2021-02-03,15:00,sh603799,华友钴业,104.0,112.0,102.6,106.99,564402,6110737408.0,2.54,2.431785543322164
2021-02-04,15:00,sh603799,华友钴业,107.0,108.05,98.8,103.3,426974,4406272000.0,-3.69,-3.448920459856061
2021-02-05,15:00,sh603799,华友钴业,102.8,103.3,94.82,95.15,515660,5039983616.0,-8.15,-7.889641819941917
2021-02-08,15:00,sh603799,华友钴业,95.8,98.5,90.52,97.15,445912,4233722368.0,2.0,2.1019442984760905
2021-02-09,15:00,sh603799,华友钴业,98.18,103.69,97.46,100.0,375913,3779195136.0,2.85,2.9336078229541944
2021-02-10,15:00,sh603799,华友钴业,99.0,99.65,95.08,98.13,358495,3487814144.0,-1.87,-1.87
2021-02-18,15:00,sh603799,华友钴业,105.91,107.94,101.07,107.94,531492,5574780928.0,9.81,9.99694283093855
2021-02-19,15:00,sh603799,华友钴业,106.5,110.86,101.21,106.0,434701,4588365824.0,-1.94,-1.7972947934037429
2021-02-22,15:00,sh603799,华友钴业,108.65,116.52,108.58,109.08,518082,5852101120.0,3.08,2.9056603773584904
2021-02-23,15:00,sh603799,华友钴业,108.0,114.08,105.66,107.4,458515,5024195072.0,-1.68,-1.54015401540154
2021-02-24,15:00,sh603799,华友钴业,108.75,111.87,96.66,96.66,622022,6328743936.0,-10.74,-10.0
2021-02-25,15:00,sh603799,华友钴业,98.0,98.69,88.82,90.65,585792,5440579584.0,-6.01,-6.217670184150631
2021-02-26,15:00,sh603799,华友钴业,85.0,92.48,84.2,89.34,510695,4490295296.0,-1.31,-1.445118587975731
2021-03-01,15:00,sh603799,华友钴业,90.04,93.99,88.13,92.85,343678,3157647360.0,3.51,3.928811282740094
2021-03-02,15:00,sh603799,华友钴业,94.25,94.6,84.67,86.48,466123,4105465344.0,-6.37,-6.860527732902531
2021-03-03,15:00,sh603799,华友钴业,86.0,90.5,85.22,90.41,382326,3383249152.0,3.93,4.544403330249769
2021-03-04,15:00,sh603799,华友钴业,85.0,85.5,81.37,81.37,397072,3265896192.0,-9.04,-9.99889392766287
2021-03-05,15:00,sh603799,华友钴业,73.25,75.0,73.23,73.23,794854,5841098752.0,-8.14,-10.003686862480029
2021-03-08,15:00,sh603799,华友钴业,72.98,73.49,68.01,68.05,542865,3836649216.0,-5.18,-7.07360371432473
2021-03-09,15:00,sh603799,华友钴业,68.27,71.84,65.69,69.0,562425,3891799552.0,0.95,1.396032329169728
2021-03-10,15:00,sh603799,华友钴业,71.8,73.58,71.2,72.45,509084,3694951168.0,3.45,5.0
2021-03-11,15:00,sh603799,华友钴业,71.79,75.07,69.98,73.65,391201,2859618304.0,1.2,1.6563146997929608
2021-03-12,15:00,sh603799,华友钴业,73.66,73.75,68.5,70.29,468271,3286454016.0,-3.36,-4.562118126272913
2021-03-15,15:00,sh603799,华友钴业,69.08,72.2,68.38,69.17,319305,2237473792.0,-1.12,-1.5933987764973685
2021-03-16,15:00,sh603799,华友钴业,70.0,70.99,65.69,68.31,349775,2361401856.0,-0.86,-1.2433135752493856
2021-03-17,15:00,sh603799,华友钴业,68.0,70.25,66.57,69.1,373559,2573210368.0,0.79,1.156492460840287
2021-03-18,15:00,sh603799,华友钴业,69.2,71.4,69.0,69.44,309936,2173073664.0,0.34,0.4920405209840811
2021-03-19,15:00,sh603799,华友钴业,67.07,68.88,65.8,66.9,278500,1865023232.0,-2.54,-3.657834101382488
2021-03-22,15:00,sh603799,华友钴业,67.01,68.12,64.39,67.75,269299,1796271232.0,0.85,1.2705530642750371
2021-03-23,15:00,sh603799,华友钴业,67.72,69.41,66.11,67.26,249813,1688013696.0,-0.49,-0.7232472324723248
2021-03-24,15:00,sh603799,华友钴业,66.06,66.6,61.52,61.65,450626,2839998208.0,-5.61,-8.340767172167707
2021-03-25,15:00,sh603799,华友钴业,61.5,65.2,61.0,63.96,357174,2258484224.0,2.31,3.746958637469586
2021-03-26,15:00,sh603799,华友钴业,64.93,69.85,64.36,69.0,422910,2866039296.0,5.04,7.879924953095685
2021-03-29,15:00,sh603799,华友钴业,70.0,70.95,68.71,69.82,297622,2079629696.0,0.82,1.1884057971014492
2021-03-30,15:00,sh603799,华友钴业,68.99,73.45,67.55,70.9,317736,2249718784.0,1.08,1.5468347178458894
2021-03-31,15:00,sh603799,华友钴业,70.0,71.98,68.0,68.74,248296,1722012672.0,-2.16,-3.04654442877292
2021-04-01,15:00,sh603799,华友钴业,69.56,71.68,69.3,70.75,222078,1566992896.0,2.01,2.9240616816991563
2021-04-02,15:00,sh603799,华友钴业,71.01,73.25,70.38,72.77,227433,1642169472.0,2.02,2.8551236749116606
2021-04-06,15:00,sh603799,华友钴业,73.11,75.29,72.18,72.93,200575,1480047232.0,0.16,0.2198708258897897
2021-04-07,15:00,sh603799,华友钴业,73.0,73.39,71.06,72.78,152668,1102573312.0,-0.15,-0.2056766762649115
2021-04-08,15:00,sh603799,华友钴业,72.78,73.42,70.48,72.7,166823,1203851904.0,-0.08,-0.1099203077768617
2021-04-09,15:00,sh603799,华友钴业,72.66,73.97,70.79,71.07,190453,1366843392.0,-1.63,-2.2420907840440165
2021-04-12,15:00,sh603799,华友钴业,70.15,71.07,65.78,66.35,322931,2182281728.0,-4.72,-6.641339524412551
2021-04-13,15:00,sh603799,华友钴业,67.0,70.38,66.94,69.28,246078,1695760896.0,2.93,4.415975885455915
2021-04-14,15:00,sh603799,华友钴业,69.66,73.12,69.66,72.97,285288,2041035520.0,3.69,5.326212471131639
2021-04-15,15:00,sh603799,华友钴业,73.09,73.99,70.68,73.64,239026,1730896000.0,0.67,0.9181855557078252
2021-04-16,15:00,sh603799,华友钴业,72.9,72.94,67.6,69.8,488880,3388453888.0,-3.84,-5.2145573058120585
2021-04-19,15:00,sh603799,华友钴业,69.0,76.78,68.51,76.78,520868,3850632960.0,6.98,10.0
2021-04-20,15:00,sh603799,华友钴业,76.58,76.58,74.6,74.75,376101,2840017920.0,-2.03,-2.643917686897629
2021-04-21,15:00,sh603799,华友钴业,73.97,74.5,71.66,74.0,265841,1948390272.0,-0.75,-1.0033444816053512
2021-04-22,15:00,sh603799,华友钴业,74.65,75.42,72.61,73.9,236762,1753618560.0,-0.1,-0.1351351351351351
2021-04-23,15:00,sh603799,华友钴业,73.85,77.46,73.57,76.0,318438,2414807296.0,2.1,2.841677943166441
2021-04-26,15:00,sh603799,华友钴业,76.5,78.88,74.8,75.08,340877,2625537024.0,-0.92,-1.2105263157894737
2021-04-27,15:00,sh603799,华友钴业,74.59,75.8,72.5,74.9,212756,1576638592.0,-0.18,-0.2397442727757059
2021-04-28,15:00,sh603799,华友钴业,74.03,78.5,73.2,76.87,298428,2286254080.0,1.97,2.630173564753004
2021-04-29,15:00,sh603799,华友钴业,76.86,78.2,73.85,77.28,321588,2449725440.0,0.41,0.5333680239365162
2021-04-30,15:00,sh603799,华友钴业,75.99,83.47,75.51,81.77,518271,4180231168.0,4.49,5.810041407867495
2021-05-06,15:00,sh603799,华友钴业,82.56,84.0,78.88,81.75,343221,2796179456.0,-0.02,-0.0244588479882597
2021-05-07,15:00,sh603799,华友钴业,81.39,84.31,79.9,79.99,397200,3259956992.0,-1.76,-2.1529051987767582
2021-05-10,15:00,sh603799,华友钴业,80.56,83.2,80.51,83.08,420238,3459921408.0,3.09,3.8629828728591074
2021-05-11,15:00,sh603799,华友钴业,81.0,81.0,76.51,79.92,366226,2894259712.0,-3.16,-3.803562831006259
2021-05-12,15:00,sh603799,华友钴业,79.8,80.45,77.22,78.87,226981,1793033344.0,-1.05,-1.3138138138138138
2021-05-13,15:00,sh603799,华友钴业,76.06,76.95,73.5,73.89,347071,2608352256.0,-4.98,-6.314187904146063
2021-05-14,15:00,sh603799,华友钴业,74.31,75.91,72.68,75.31,256872,1916604800.0,1.42,1.921775612396806
2021-05-17,15:00,sh603799,华友钴业,75.52,82.84,75.5,82.84,601913,4875781632.0,7.53,9.998672155092285
2021-05-18,15:00,sh603799,华友钴业,84.0,84.8,82.09,84.16,395808,3314417664.0,1.32,1.5934331240946402
2021-05-19,15:00,sh603799,华友钴业,84.17,91.7,83.5,89.5,496207,4401428480.0,5.34,6.345057034220532
2021-05-20,15:00,sh603799,华友钴业,89.18,90.83,86.6,88.7,412633,3677043712.0,-0.8,-0.8938547486033519
2021-05-21,15:00,sh603799,华友钴业,89.91,92.8,89.13,90.94,361468,3290155520.0,2.24,2.5253664036076664
2021-05-24,15:00,sh603799,华友钴业,95.4,95.45,88.88,93.1,429841,3978380800.0,2.16,2.375192434572245
2021-05-25,15:00,sh603799,华友钴业,92.63,94.97,91.07,94.05,307442,2858836992.0,0.95,1.020408163265306
2021-05-26,15:00,sh603799,华友钴业,92.99,94.0,89.5,91.0,320460,2924197120.0,-3.05,-3.2429558745348217
2021-05-27,15:00,sh603799,华友钴业,91.5,92.01,90.45,91.49,170713,1559298304.0,0.49,0.5384615384615384
2021-05-28,15:00,sh603799,华友钴业,92.0,100.4,92.0,98.73,507435,4987214848.0,7.24,7.9134331620942175
2021-05-31,15:00,sh603799,华友钴业,101.5,105.01,100.41,103.25,401730,4139300352.0,4.52,4.578142408589081
2021-06-01,15:00,sh603799,华友钴业,102.15,104.0,98.58,102.91,272338,2756934144.0,-0.34,-0.3292978208232445
2021-06-02,15:00,sh603799,华友钴业,102.4,106.12,100.5,101.95,291167,3008315136.0,-0.96,-0.9328539500534448
2021-06-03,15:00,sh603799,华友钴业,101.65,103.69,98.16,100.89,238392,2404196608.0,-1.06,-1.039725355566454
2021-06-04,15:00,sh603799,华友钴业,98.4,106.48,97.87,103.99,355382,3680592384.0,3.1,3.072653384874616
2021-06-07,15:00,sh603799,华友钴业,103.5,103.6,95.82,99.7,407420,4049448704.0,-4.29,-4.125396672756996
2021-06-08,15:00,sh603799,华友钴业,99.0,103.33,95.05,96.2,333952,3281606912.0,-3.5,-3.510531594784353
2021-06-09,15:00,sh603799,华友钴业,96.21,97.4,93.65,96.0,233246,2224451840.0,-0.2,-0.2079002079002079
2021-06-10,15:00,sh603799,华友钴业,96.3,100.3,95.05,100.0,356897,3515934720.0,4.0,4.166666666666666
2021-06-11,15:00,sh603799,华友钴业,99.21,101.5,96.88,98.09,240166,2376631296.0,-1.91,-1.91
2021-06-15,15:00,sh603799,华友钴业,99.07,101.0,93.3,98.7,277978,2708248576.0,0.61,0.6218778672647568
2021-06-16,15:00,sh603799,华友钴业,98.26,98.7,88.83,88.83,403941,3682079744.0,-9.87,-10.0
2021-06-17,15:00,sh603799,华友钴业,86.99,91.3,86.8,88.7,354163,3173409280.0,-0.13,-0.1463469548575931
2021-06-18,15:00,sh603799,华友钴业,90.46,97.57,89.11,97.57,444902,4203825920.0,8.87,10.0
2021-06-21,15:00,sh603799,华友钴业,97.8,100.5,95.36,95.7,328598,3222542592.0,-1.87,-1.9165727170236757
2021-06-22,15:00,sh603799,华友钴业,96.27,96.85,89.55,93.98,330490,3061130752.0,-1.72,-1.797283176593521
2021-06-23,15:00,sh603799,华友钴业,94.06,101.9,93.46,99.19,378036,3717128192.0,5.21,5.543732709087039
2021-06-24,15:00,sh603799,华友钴业,102.97,103.45,97.13,98.8,238382,2360404736.0,-0.39,-0.3931847968545215
2021-06-25,15:00,sh603799,华友钴业,99.66,108.18,97.38,105.9,503301,5204405760.0,7.1,7.186234817813765
2021-06-28,15:00,sh603799,华友钴业,110.36,114.9,106.88,107.8,440527,4880782848.0,1.9,1.794145420207743
2021-06-29,15:00,sh603799,华友钴业,110.02,112.5,106.37,107.16,281459,3074653440.0,-0.64,-0.5936920222634509
2021-06-30,15:00,sh603799,华友钴业,108.67,116.0,106.26,114.2,328283,3711474944.0,7.04,6.569615528182157
2021-07-01,15:00,sh603799,华友钴业,114.8,115.12,107.91,110.0,245672,2721165056.0,-4.2,-3.677758318739054
2021-07-02,15:00,sh603799,华友钴业,108.2,113.98,107.31,110.29,273852,3033627136.0,0.29,0.2636363636363636
2021-07-05,15:00,sh603799,华友钴业,111.01,121.0,111.01,120.19,403280,4770899456.0,9.9,8.976335116511017
2021-07-06,15:00,sh603799,华友钴业,122.67,127.59,118.02,120.28,341596,4172440064.0,0.09,0.0748814377236043
2021-07-07,15:00,sh603799,华友钴业,120.0,128.55,115.6,127.03,309283,3819379712.0,6.75,5.611905553708015
2021-07-08,15:00,sh603799,华友钴业,126.46,133.57,126.46,128.35,301602,3929852672.0,1.32,1.0391246162323862
2021-07-09,15:00,sh603799,华友钴业,130.71,137.32,127.98,135.99,350097,4651758080.0,7.64,5.9524737047136735
2021-07-12,15:00,sh603799,华友钴业,137.29,149.59,137.29,149.59,350604,5126329856.0,13.6,10.000735348187368
2021-07-13,15:00,sh603799,华友钴业,147.0,151.0,141.5,145.77,367414,5328120832.0,-3.82,-2.553646634133297
2021-07-14,15:00,sh603799,华友钴业,143.13,143.14,135.01,136.5,357302,4949848064.0,-9.27,-6.359333196130891
2021-07-15,15:00,sh603799,华友钴业,133.5,141.5,131.92,139.21,336568,4611316736.0,2.71,1.9853479853479852
2021-07-16,15:00,sh603799,华友钴业,136.02,144.88,135.01,135.48,269367,3761042944.0,-3.73,-2.67940521514259
2021-07-19,15:00,sh603799,华友钴业,135.51,138.51,124.84,129.6,477440,6260908544.0,-5.88,-4.340124003542958
2021-07-20,15:00,sh603799,华友钴业,129.0,134.99,128.28,133.92,244474,3251795200.0,4.32,3.333333333333333
2021-07-21,15:00,sh603799,华友钴业,136.0,146.4,133.93,143.84,340485,4824702464.0,9.92,7.4074074074074066
2021-07-22,15:00,sh603799,华友钴业,145.0,147.3,136.28,140.99,321554,4492871168.0,-2.85,-1.981368186874305
2021-07-23,15:00,sh603799,华友钴业,140.9,147.18,137.3,138.3,300047,4243924480.0,-2.69,-1.9079367331016384
2021-07-26,15:00,sh603799,华友钴业,137.99,141.25,131.98,137.85,254881,3493073152.0,-0.45,-0.3253796095444685
2021-07-27,15:00,sh603799,华友钴业,140.2,145.83,125.0,127.04,392975,5365891072.0,-10.81,-7.841857091040986
2021-07-28,15:00,sh603799,华友钴业,126.89,130.0,120.1,123.5,335730,4210138880.0,-3.54,-2.786523929471033
2021-07-29,15:00,sh603799,华友钴业,128.43,135.36,125.6,134.95,334856,4368088576.0,11.45,9.271255060728745
2021-07-30,15:00,sh603799,华友钴业,135.08,138.0,129.08,131.0,277420,3671562240.0,-3.95,-2.927010003705076
2021-08-02,15:00,sh603799,华友钴业,133.53,136.89,126.66,133.71,280148,3697039616.0,2.71,2.068702290076336
2021-08-03,15:00,sh603799,华友钴业,130.0,131.0,120.34,120.48,404975,4991889408.0,-13.23,-9.894547902176352
2021-08-04,15:00,sh603799,华友钴业,119.1,130.56,118.0,129.3,342384,4310808576.0,8.82,7.320717131474104
2021-08-05,15:00,sh603799,华友钴业,127.65,132.85,125.0,130.77,253192,3279908096.0,1.47,1.136890951276102
2021-08-06,15:00,sh603799,华友钴业,134.99,136.95,128.2,131.02,310281,4134565120.0,0.25,0.1911753460273763
2021-08-09,15:00,sh603799,华友钴业,130.0,130.0,119.0,126.67,351570,4334331904.0,-4.35,-3.3201038009464203
2021-08-10,15:00,sh603799,华友钴业,125.27,127.9,119.0,122.3,349259,4276244992.0,-4.37,-3.4499092129154496
2021-08-11,15:00,sh603799,华友钴业,123.0,123.81,120.26,122.55,224060,2743360000.0,0.25,0.2044153720359771
2021-08-12,15:00,sh603799,华友钴业,122.32,126.8,118.28,125.8,316896,3894790656.0,3.25,2.6519787841697267
2021-08-13,15:00,sh603799,华友钴业,124.67,130.45,121.8,125.5,255138,3231734784.0,-0.3,-0.2384737678855325
2021-08-16,15:00,sh603799,华友钴业,123.0,124.91,119.3,121.7,242821,2953628416.0,-3.8,-3.0278884462151394
2021-08-17,15:00,sh603799,华友钴业,122.03,132.5,122.03,125.8,446001,5670744576.0,4.1,3.3689400164338537
2021-08-18,15:00,sh603799,华友钴业,126.66,131.35,121.8,126.41,301708,3825368320.0,0.61,0.4848966613672496
2021-08-19,15:00,sh603799,华友钴业,124.0,133.56,122.68,130.88,350702,4521996800.0,4.47,3.5361126493157187
2021-08-20,15:00,sh603799,华友钴业,130.0,135.61,118.03,122.8,648199,8085351936.0,-8.08,-6.17359413202934
2021-08-23,15:00,sh603799,华友钴业,121.08,123.23,115.0,121.7,401506,4811952128.0,-1.1,-0.8957654723127036
2021-08-24,15:00,sh603799,华友钴业,122.15,133.87,121.42,132.25,726393,9559475200.0,10.55,8.66885784716516
2021-08-25,15:00,sh603799,华友钴业,131.0,134.31,124.8,134.31,465220,6077320704.0,2.06,1.55765595463138
2021-08-26,15:00,sh603799,华友钴业,137.0,140.8,131.35,132.14,372836,5056432128.0,-2.17,-1.6156652520288886
2021-08-27,15:00,sh603799,华友钴业,128.78,138.18,127.7,136.16,306229,4115316992.0,4.02,3.042227940063569
2021-08-30,15:00,sh603799,华友钴业,136.2,147.05,136.2,142.14,342828,4881592832.0,5.98,4.391891891891892
2021-08-31,15:00,sh603799,华友钴业,142.0,142.89,136.6,140.21,218570,3049472000.0,-1.93,-1.3578162375123115
2021-09-01,15:00,sh603799,华友钴业,139.54,142.5,126.19,126.19,416182,5399648256.0,-14.02,-9.99928678410955
2021-09-02,15:00,sh603799,华友钴业,123.5,131.99,123.5,129.98,273367,3489479424.0,3.79,3.003407560028528
2021-09-03,15:00,sh603799,华友钴业,128.9,128.9,116.98,116.98,496111,5935051776.0,-13.0,-10.001538698261273
2021-09-06,15:00,sh603799,华友钴业,116.98,118.9,113.2,118.14,336869,3926275072.0,1.16,0.9916224995725764
2021-09-07,15:00,sh603799,华友钴业,118.13,122.79,116.0,121.59,256313,3092300288.0,3.45,2.9202640934484507
2021-09-08,15:00,sh603799,华友钴业,123.0,124.0,116.16,117.5,300913,3599793920.0,-4.09,-3.3637634673904104
2021-09-09,15:00,sh603799,华友钴业,117.5,119.99,112.0,114.85,364094,4177400832.0,-2.65,-2.25531914893617
2021-09-10,15:00,sh603799,华友钴业,115.5,120.8,114.72,119.27,376427,4446099968.0,4.42,3.848498040922943
2021-09-13,15:00,sh603799,华友钴业,119.31,120.8,112.5,113.0,409008,4689013248.0,-6.27,-5.2569799614320445
2021-09-14,15:00,sh603799,华友钴业,113.6,116.3,107.0,114.43,372217,4192521984.0,1.43,1.2654867256637168
2021-09-15,15:00,sh603799,华友钴业,113.0,116.77,109.66,115.9,313311,3558856960.0,1.47,1.2846281569518485
2021-09-16,15:00,sh603799,华友钴业,115.9,115.93,106.6,107.5,411611,4526287872.0,-8.4,-7.24762726488352
2021-09-17,15:00,sh603799,华友钴业,107.45,112.48,107.23,110.21,296427,3273433344.0,2.71,2.5209302325581397
2021-09-22,15:00,sh603799,华友钴业,110.54,113.68,108.01,112.0,184516,2074482688.0,1.79,1.624172035205517
2021-09-23,15:00,sh603799,华友钴业,113.1,121.2,111.6,117.07,321771,3758052864.0,5.07,4.526785714285714
2021-09-24,15:00,sh603799,华友钴业,115.5,118.65,112.18,114.1,211629,2431223552.0,-2.97,-2.536943708892116
2021-09-27,15:00,sh603799,华友钴业,112.11,116.0,107.2,110.06,225793,2503779072.0,-4.04,-3.5407537248028045
2021-09-28,15:00,sh603799,华友钴业,109.09,110.01,104.61,105.25,219739,2341121280.0,-4.81,-4.370343449027804
2021-09-29,15:00,sh603799,华友钴业,105.0,105.0,98.88,101.1,297338,3023947520.0,-4.15,-3.942992874109264
2021-09-30,15:00,sh603799,华友钴业,102.1,105.88,100.26,103.4,200465,2078539904.0,2.3,2.274975272007913
2021-10-08,15:00,sh603799,华友钴业,107.21,108.0,100.2,101.79,162681,1672024832.0,-1.61,-1.5570599613152805
2021-10-11,15:00,sh603799,华友钴业,102.6,107.57,101.0,104.0,218006,2283271168.0,2.21,2.1711366538952745
2021-10-12,15:00,sh603799,华友钴业,103.86,106.57,101.18,101.95,187949,1944267136.0,-2.05,-1.971153846153846
2021-10-13,15:00,sh603799,华友钴业,101.0,105.0,100.51,104.05,189116,1953196032.0,2.1,2.0598332515939184
2021-10-14,15:00,sh603799,华友钴业,104.04,112.6,103.51,109.09,275471,3004364032.0,5.04,4.843825084094186
2021-10-15,15:00,sh603799,华友钴业,111.98,114.37,106.11,112.35,272714,3024699648.0,3.26,2.988358236318636
2021-10-18,15:00,sh603799,华友钴业,113.13,114.86,110.6,113.33,246585,2790108416.0,0.98,0.8722741433021807
2021-10-19,15:00,sh603799,华友钴业,114.0,117.8,113.0,115.03,169031,1942438016.0,1.7,1.5000441189446747
2021-10-20,15:00,sh603799,华友钴业,114.03,119.58,112.2,117.42,235650,2771503872.0,2.39,2.077718855950621
2021-10-21,15:00,sh603799,华友钴业,120.0,120.2,113.07,115.49,230795,2666700032.0,-1.93,-1.6436722875149037
2021-10-22,15:00,sh603799,华友钴业,113.5,113.99,104.1,104.95,503071,5436840448.0,-10.54,-9.126331284093862
2021-10-25,15:00,sh603799,华友钴业,104.95,105.73,100.28,104.83,357893,3698650624.0,-0.12,-0.1143401619818961
2021-10-26,15:00,sh603799,华友钴业,106.66,109.45,105.5,106.0,266529,2853896448.0,1.17,1.116092721549175
2021-10-27,15:00,sh603799,华友钴业,105.88,107.5,104.0,105.07,187467,1979923968.0,-0.93,-0.8773584905660378
2021-10-28,15:00,sh603799,华友钴业,105.0,109.49,103.0,104.18,298717,3167899392.0,-0.89,-0.847054344722566
2021-10-29,15:00,sh603799,华友钴业,105.74,112.47,104.0,111.05,429420,4686356480.0,6.87,6.594355922441928
2021-11-01,15:00,sh603799,华友钴业,111.5,111.5,101.57,104.43,454706,4778065408.0,-6.62,-5.961278703286808
2021-11-02,15:00,sh603799,华友钴业,104.1,108.71,103.5,105.3,277174,2934375936.0,0.87,0.8330939385234128
2021-11-03,15:00,sh603799,华友钴业,105.3,105.79,97.8,100.52,383091,3844834816.0,-4.78,-4.539411206077873
2021-11-04,15:00,sh603799,华友钴业,100.35,105.67,99.62,105.46,372854,3869705984.0,4.94,4.914444886589734
2021-11-05,15:00,sh603799,华友钴业,105.1,116.0,104.68,111.22,552402,6227223552.0,5.76,5.46178645932107
2021-11-08,15:00,sh603799,华友钴业,115.0,122.34,114.2,122.15,631135,7545666560.0,10.93,9.82736917820536
2021-11-09,15:00,sh603799,华友钴业,122.0,125.66,120.28,124.11,377482,4649946624.0,1.96,1.6045845272206305
2021-11-10,15:00,sh603799,华友钴业,123.0,123.9,117.3,119.12,303840,3638261504.0,-4.99,-4.020626863266457
2021-11-11,15:00,sh603799,华友钴业,120.01,122.06,116.98,119.6,203975,2428098560.0,0.48,0.4029550033579583
2021-11-12,15:00,sh603799,华友钴业,118.23,119.96,116.12,117.14,183830,2165510400.0,-2.46,-2.0568561872909696
2021-11-15,15:00,sh603799,华友钴业,116.11,116.49,111.63,112.1,213339,2408554752.0,-5.04,-4.302543964486938
2021-11-16,15:00,sh603799,华友钴业,111.01,112.5,107.03,108.24,190388,2083701760.0,-3.86,-3.443354148082069
2021-11-17,15:00,sh603799,华友钴业,109.25,112.71,109.25,110.9,222434,2466986240.0,2.66,2.45750184774575
2021-11-18,15:00,sh603799,华友钴业,110.92,116.51,108.56,115.0,289879,3279981568.0,4.1,3.69702434625789
2021-11-19,15:00,sh603799,华友钴业,115.0,123.0,114.99,119.2,317493,3803252992.0,4.2,3.6521739130434794
2021-11-22,15:00,sh603799,华友钴业,123.0,131.12,123.0,131.12,442330,5734531072.0,11.92,10.0
2021-11-23,15:00,sh603799,华友钴业,132.3,133.0,128.52,130.1,319271,4168591360.0,-1.02,-0.7779133618059793
2021-11-24,15:00,sh603799,华友钴业,131.0,132.8,128.1,128.99,207954,2706778880.0,-1.11,-0.8531898539584936
2021-11-25,15:00,sh603799,华友钴业,129.85,130.4,123.45,125.08,255282,3214360320.0,-3.91,-3.031242731994728
2021-11-26,15:00,sh603799,华友钴业,125.09,129.9,125.09,126.8,181522,2307267072.0,1.72,1.3751199232491205
2021-11-29,15:00,sh603799,华友钴业,125.0,133.0,124.36,133.0,288495,3785487872.0,6.2,4.889589905362776
2021-11-30,15:00,sh603799,华友钴业,133.98,134.6,128.35,129.4,232429,3036230144.0,-3.6,-2.706766917293233
2021-12-01,15:00,sh603799,华友钴业,131.99,135.49,129.99,131.79,249421,3304904960.0,2.39,1.8469860896445127
2021-12-02,15:00,sh603799,华友钴业,136.3,138.5,132.1,133.51,268060,3618441728.0,1.72,1.3051066089991652
2021-12-03,15:00,sh603799,华友钴业,133.0,142.3,132.24,138.9,297169,4120260864.0,5.39,4.0371507752228295
2021-12-06,15:00,sh603799,华友钴业,138.92,139.5,127.02,128.37,341553,4488557568.0,-10.53,-7.5809935205183585
2021-12-07,15:00,sh603799,华友钴业,129.24,129.98,121.12,124.5,240643,3005596416.0,-3.87,-3.014723066136948
2021-12-08,15:00,sh603799,华友钴业,126.01,127.5,124.65,126.11,170718,2148846336.0,1.61,1.2931726907630523
2021-12-09,15:00,sh603799,华友钴业,126.37,128.32,124.22,126.0,172797,2183381760.0,-0.11,-0.0872254381095868
2021-12-10,15:00,sh603799,华友钴业,124.0,130.51,123.01,128.25,224094,2872892160.0,2.25,1.7857142857142856
2021-12-13,15:00,sh603799,华友钴业,128.0,128.8,125.2,125.95,176984,2239570944.0,-2.3,-1.793372319688109
2021-12-14,15:00,sh603799,华友钴业,125.0,125.88,119.53,121.22,304884,3684820480.0,-4.73,-3.755458515283843
2021-12-15,15:00,sh603799,华友钴业,120.49,123.0,118.85,119.06,161921,1943753088.0,-2.16,-1.7818841775284606
2021-12-16,15:00,sh603799,华友钴业,119.0,120.5,117.87,120.16,134097,1599088896.0,1.1,0.9239039139929448
2021-12-17,15:00,sh603799,华友钴业,120.8,120.87,115.45,116.14,175714,2055326976.0,-4.02,-3.3455392809587217
2021-12-20,15:00,sh603799,华友钴业,115.01,118.34,112.55,112.86,213983,2455076352.0,-3.28,-2.8241777165489927
2021-12-21,15:00,sh603799,华友钴业,111.07,113.51,109.8,112.01,219283,2438554368.0,-0.85,-0.7531454899875952
2021-12-22,15:00,sh603799,华友钴业,112.1,113.28,110.51,111.21,133315,1486237824.0,-0.8,-0.7142219444692438
2021-12-23,15:00,sh603799,华友钴业,115.41,116.44,109.62,112.25,245596,2749859072.0,1.04,0.9351677007463356
2021-12-24,15:00,sh603799,华友钴业,111.0,112.95,106.8,108.87,229624,2498424832.0,-3.38,-3.0111358574610247
2021-12-27,15:00,sh603799,华友钴业,109.55,111.5,107.58,109.7,159510,1754237952.0,0.83,0.762377147056122
2021-12-28,15:00,sh603799,华友钴业,109.39,113.1,109.06,112.64,228205,2538259456.0,2.94,2.68003646308113
2021-12-29,15:00,sh603799,华友钴业,111.98,113.01,107.35,109.8,201341,2219194880.0,-2.84,-2.521306818181818
2021-12-30,15:00,sh603799,华友钴业,110.55,111.22,107.68,108.22,168649,1839089536.0,-1.58,-1.4389799635701277
2021-12-31,15:00,sh603799,华友钴业,108.39,110.58,107.99,110.31,201272,2206718976.0,2.09,1.9312511550545184
