tradingday,secucode,preclose,open,high,low,close,vol,amount,deals
20240614,1,10.08,10.15,10.23,9.99,10.18,163799047,1657433954.94,80202
20240614,2,7.71,7.67,8.12,7.65,7.94,276213727,2181804087.27,122498
20240614,4,9.39,9.33,9.4,9.2,9.39,2383800,22205157.0,4082
20240614,6,3.4,3.39,3.46,3.36,3.4,19165189,65346178.43,13118
20240614,7,4.87,4.73,4.89,4.73,4.84,1316300,6370166.0,249
20240614,8,2.01,2.0,2.03,1.99,2.02,9742200,19617483.0,2321
20240614,9,9.44,9.43,9.51,9.36,9.46,14120905,133215793.04,20134
20240614,10,1.49,1.48,1.49,1.4,1.45,15764601,22973207.46,8173
20240614,11,7.9,7.92,8.13,7.85,8.12,4679222,37575976.62,5090
20240614,12,5.26,5.26,5.32,5.21,5.28,13776954,72500782.59,15291
20240614,14,9.22,9.12,9.45,9.09,9.35,4089700,38066710.4,4547
20240614,16,2.42,2.42,2.44,2.38,2.43,10824148,26086208.64,8720
20240614,17,6.4,6.39,6.44,6.28,6.44,6440284,41146611.44,9922
20240614,19,6.3,6.29,6.33,6.16,6.22,9494865,59211932.0,11528
20240614,20,10.31,10.19,10.4,10.09,10.36,2226000,22907404.0,7870
20240614,21,15.43,15.31,15.65,15.04,15.47,96360125,1477558777.85,99523
20240614,25,14.04,14.0,14.08,13.89,14.05,2267570,31736020.25,4579
20240614,26,9.24,9.2,9.28,9.16,9.19,2016500,18556839.0,3457
20240614,27,7.28,7.24,7.34,7.22,7.25,24878378,180814124.53,30525
20240614,28,35.01,35.0,35.35,34.31,34.62,5583406,193654830.59,20580
20240614,29,10.98,10.99,11.17,10.91,11.12,2525855,27921589.46,7320
20240614,30,5.42,5.4,5.48,5.36,5.45,6258274,33869408.56,12771
20240614,31,2.53,2.56,2.59,2.51,2.57,13331800,34103676.0,11397
20240614,32,16.01,15.97,16.37,15.9,16.08,24931994,401851876.04,38867
20240614,34,28.53,28.3,28.48,27.15,27.4,38097095,1043973179.82,83832
20240614,35,4.86,4.88,4.91,4.81,4.89,21013200,102093924.0,24386
20240614,36,3.07,3.09,3.16,3.07,3.13,8644590,26949280.7,5809
20240614,37,11.32,11.0,11.35,10.66,10.71,51838053,568072499.55,57987
20240614,39,9.8,9.77,9.86,9.53,9.56,24803141,240399986.58,36863
20240614,42,4.18,4.19,4.45,4.16,4.33,14096467,60928127.05,21273
20240614,45,8.34,8.36,8.43,8.23,8.4,3336100,27902401.0,8749
20240614,48,15.36,15.36,15.44,15.08,15.36,3688300,56328503.0,9629
20240614,49,20.62,20.62,20.71,20.3,20.48,2051816,41920907.92,8197
20240614,50,7.59,7.6,7.72,7.53,7.68,16003793,122680555.17,26660
20240614,55,3.54,3.53,3.57,3.5,3.56,3310000,11719685.0,4167
20240614,56,1.87,1.86,1.9,1.82,1.88,18260902,34055400.74,6452
20240614,58,5.61,5.6,5.71,5.55,5.68,4750666,26800732.51,8502
20240614,59,4.42,4.4,4.44,4.37,4.44,8825838,38874476.34,10437
20240614,60,4.35,4.34,4.38,4.31,4.37,34789994,151039959.13,22793
20240614,61,5.21,5.18,5.24,5.16,5.23,5408169,28139967.18,9079
20240614,62,9.08,9.05,9.18,8.95,9.13,3637447,32935525.66,10953
20240614,63,27.7,27.56,28.06,27.51,27.82,79428600,2211502895.92,101699
20240614,65,11.29,11.3,11.33,11.16,11.28,5318300,59822591.0,11833
20240614,66,9.31,9.2,9.39,9.2,9.35,25984399,242130629.54,36407
20240614,68,2.87,2.87,2.93,2.83,2.91,7194638,20827658.58,8973
20240614,69,2.19,2.18,2.2,2.12,2.18,208521846,452124996.98,53245
20240614,70,4.95,4.91,4.96,4.86,4.89,18966660,93057108.2,5217
20240614,78,2.12,2.12,2.15,2.1,2.14,7865200,16730061.0,5444
20240614,88,4.57,4.54,4.61,4.51,4.55,6129226,27916573.5,9467
20240614,89,6.68,6.66,6.85,6.66,6.78,25432015,172074979.23,27066
20240614,90,4.18,4.16,4.24,4.15,4.23,16276373,68342361.8,13150
20240614,96,9.43,9.38,9.56,9.38,9.53,3487500,33059922.0,3164
20240614,99,17.56,17.45,17.49,17.1,17.27,41378431,714861283.13,62638
20240614,100,4.34,4.32,4.37,4.29,4.34,159455358,691125220.54,64767
20240614,151,11.28,11.3,11.43,11.16,11.35,8087760,91294351.0,9679
20240614,153,5.59,5.59,5.63,5.5,5.56,5086004,28215113.52,8674
20240614,155,11.89,11.9,11.9,11.68,11.83,14262102,168266406.03,23483
20240614,156,6.6,6.59,6.64,6.52,6.6,7752448,51054030.8,11795
20240614,157,7.91,7.88,8.07,7.88,7.98,32932598,262483142.91,36991
20240614,158,6.71,6.66,6.8,6.6,6.75,24415397,164197109.43,16073
20240614,159,5.14,5.2,5.21,5.1,5.16,3842500,19835026.0,5566
20240614,166,4.45,4.44,4.51,4.35,4.5,116937179,518574989.98,53161
20240614,301,8.4,8.38,8.38,8.18,8.32,13352187,110624191.64,16194
20240614,333,63.92,63.51,65.76,63.5,65.61,37924447,2468107111.36,111037
20240614,338,15.52,15.5,16.16,15.45,15.96,82038464,1308513554.83,119698
20240614,400,32.85,32.55,33.95,32.41,32.73,24436952,812742908.02,53147
20240614,401,4.28,4.28,4.32,4.2,4.26,11283976,48050828.12,12229
20240614,402,2.63,2.63,2.68,2.59,2.65,48135275,127111724.75,27181
20240614,403,29.54,29.51,29.7,27.95,28.06,16275508,465697216.43,38642
20240614,404,5.89,5.91,5.92,5.77,5.86,10058100,58870285.0,14764
20240614,407,2.72,2.72,2.75,2.7,2.73,4785200,13041235.0,4563
20240614,408,24.94,24.95,25.59,24.95,25.31,9182966,233033962.1,20759
20240614,409,8.6,8.41,8.88,8.37,8.56,42679541,368164481.86,47893
20240614,410,6.35,6.37,6.4,6.27,6.28,4076562,25740940.24,3882
20240614,411,9.81,9.73,9.86,9.72,9.83,2277740,22308516.6,4556
20240614,415,2.42,2.42,2.48,2.41,2.47,56262287,137979066.89,17201
20240614,417,4.34,4.34,4.35,4.29,4.34,9003210,38943618.2,7845
20240614,419,4.16,4.14,4.21,4.1,4.18,4745200,19769265.0,6997
20240614,420,3.25,3.22,3.25,3.18,3.21,36761100,117820566.0,20193
20240614,421,4.76,4.74,4.79,4.66,4.67,10134470,47708212.6,14051
20240614,422,12.48,12.59,12.71,12.25,12.55,27147145,339589001.2,30769
20240614,423,65.5,65.51,65.87,64.29,65.34,7295600,474877317.99,40479
20240614,425,7.34,7.33,7.4,7.16,7.21,71215029,517116045.71,53051
20240614,426,13.75,13.52,14.01,13.5,13.88,17198182,237685413.78,31833
20240614,428,2.76,2.75,2.88,2.74,2.85,11908450,33630266.0,4933
20240614,429,10.21,10.2,10.35,10.17,10.27,14201160,145880221.84,18818
20240614,430,5.95,5.93,6.04,5.91,6.0,3770900,22609659.0,2347
20240614,488,3.47,3.48,3.52,3.44,3.51,11086627,38598770.73,7547
20240614,498,5.28,5.27,5.38,5.26,5.36,7475724,39810197.2,7252
20240614,501,7.0,7.0,7.06,6.91,7.05,4591146,32125158.38,8050
20240614,503,7.31,7.25,7.3,7.02,7.22,21619207,154173802.05,22691
20240614,504,7.23,7.21,7.23,6.95,7.01,9104600,64160354.0,10233
20240614,505,5.71,5.7,5.74,5.64,5.72,3445478,19634136.79,5448
20240614,506,1.15,1.09,1.09,1.09,1.09,3969700,4326973.0,1346
20240614,507,4.57,4.55,4.58,4.51,4.55,4097735,18608098.65,3744
20240614,509,2.7,2.71,2.73,2.67,2.68,4525950,12165418.0,5682
20240614,510,2.87,2.89,2.9,2.81,2.82,8275200,23480194.0,8646
20240614,513,39.03,38.84,39.63,38.65,39.48,4757263,186991034.72,20997
20240614,514,3.36,3.38,3.68,3.33,3.54,53136101,187250628.39,39990
20240614,516,5.37,5.36,5.37,5.3,5.33,8860900,47186509.0,9737
20240614,517,2.72,2.72,2.77,2.68,2.75,32012170,87496179.8,17744
20240614,518,2.04,2.04,2.06,2.01,2.04,5497100,11220584.99,4517
20240614,519,15.23,15.25,15.27,14.88,15.0,49962228,750538862.82,70491
20240614,520,2.77,2.82,2.87,2.78,2.8,54188452,152579021.56,17568
20240614,521,8.48,8.46,8.69,8.4,8.64,29968464,256928543.8,37042
20240614,523,2.8,2.8,2.83,2.77,2.82,6079990,17025681.9,5602
20240614,524,8.31,8.27,8.42,8.25,8.39,5753700,48042719.0,8416
20240614,525,5.95,5.88,6.11,5.82,5.99,4059657,24175408.87,1570
20240614,526,63.98,63.78,65.5,63.08,64.16,989101,63454797.02,4149
20240614,528,11.4,11.26,11.5,11.15,11.3,30543883,345762123.56,36287
20240614,529,6.4,6.35,6.4,6.15,6.27,11722181,73137093.93,16237
20240614,530,3.79,3.8,3.83,3.75,3.79,7524648,28507768.44,10730
20240614,531,5.6,5.6,5.66,5.57,5.63,3718954,20904158.08,3453
20240614,532,12.15,12.18,12.62,12.13,12.54,19043516,236328450.67,33572
20240614,533,3.32,3.32,3.45,3.29,3.43,15987295,54304917.0,15842
20240614,534,10.48,10.48,10.48,10.26,10.31,2936590,30336386.3,8428
20240614,536,2.13,2.13,2.13,2.1,2.12,21245580,44908010.8,8964
20240614,537,11.35,11.33,11.4,11.16,11.26,18244208,205611866.42,18759
20240614,538,51.98,51.96,52.87,51.47,52.82,9584508,500613857.03,36057
20240614,539,5.61,5.6,5.68,5.53,5.54,32031600,179049218.8,15640
20240614,541,5.04,5.04,5.1,5.0,5.05,12416045,62772984.55,17250
20240614,543,8.71,8.64,8.85,8.58,8.64,23592728,205626840.63,26644
20240614,544,8.38,8.37,8.48,8.32,8.39,5796930,48598287.3,11733
20240614,545,1.9,1.89,1.9,1.86,1.87,6330800,11880616.0,5949
20240614,546,4.39,4.37,4.42,4.31,4.41,8788101,38379922.36,11321
20240614,547,6.51,6.5,6.5,6.35,6.4,28416132,182132719.24,27350
20240614,548,4.06,4.07,4.09,4.0,4.07,4881566,19782906.45,8299
20240614,550,23.44,23.43,23.65,23.15,23.59,5240155,122647006.2,21772
20240614,551,9.15,9.14,9.24,9.03,9.1,3843200,35110947.0,8777
20240614,552,3.58,3.59,3.72,3.5,3.65,127888041,464330452.09,54414
20240614,553,5.24,5.24,5.27,5.11,5.2,10019753,51992440.18,20509
20240614,554,5.2,5.16,5.23,5.15,5.21,5302300,27515018.0,2954
20240614,555,11.6,11.6,11.84,11.52,11.84,7981635,93571004.85,14693
20240614,557,3.98,3.99,4.02,3.95,4.0,5901668,23511962.76,9247
20240614,558,2.25,2.25,2.28,2.22,2.27,11191890,25330749.3,7407
20240614,559,4.69,4.65,4.83,4.64,4.81,29218627,138294376.04,28383
20240614,560,2.48,2.45,2.65,2.43,2.53,348788801,886390342.2,142746
20240614,561,6.7,6.69,6.69,6.52,6.65,7411129,48842440.24,8329
20240614,563,2.87,2.87,2.9,2.84,2.88,60381873,173593932.72,31269
20240614,564,1.9,1.89,1.92,1.87,1.89,177265810,334759676.41,21830
20240614,565,4.08,4.1,4.11,4.01,4.08,3718856,15117193.92,5550
20240614,566,3.07,3.07,3.08,3.03,3.06,5661200,17298824.0,6201
20240614,567,6.19,6.15,6.2,5.98,6.1,11618059,70566892.16,21800
20240614,568,155.89,155.41,156.8,151.49,156.0,15498858,2388801977.24,76823
20240614,570,4.58,4.58,4.59,4.5,4.56,5099000,23190409.0,7512
20240614,571,2.96,2.94,2.97,2.92,2.96,4849517,14260137.81,2498
20240614,572,3.17,3.16,3.22,3.13,3.21,10976338,34944293.86,6272
20240614,573,2.43,2.44,2.5,2.39,2.42,25621836,62562919.74,13537
20240614,576,6.41,6.46,6.47,6.29,6.44,3267100,20927598.0,7992
20240614,581,17.44,17.48,18.0,17.4,17.86,16294939,289044458.77,29824
20240614,582,7.5,7.49,7.54,7.44,7.51,9521696,71397586.09,14341
20240614,584,1.1,1.05,1.16,1.05,1.16,44861385,49653674.74,5517
20240614,586,7.76,7.77,8.17,7.68,7.97,4998299,39643898.96,7938
20240614,589,5.33,5.3,5.38,5.25,5.36,26047231,138455911.24,17667
20240614,590,5.71,5.7,5.71,5.59,5.64,2373020,13397459.8,2597
20240614,591,4.96,4.96,5.02,4.94,5.0,34070841,170161080.43,15109
20240614,592,1.55,1.53,1.58,1.52,1.55,33156500,51282589.0,6785
20240614,593,4.9,4.91,4.92,4.8,4.9,4568800,22286752.0,6878
20240614,595,3.55,3.54,3.57,3.51,3.53,5507700,19462176.0,5823
20240614,596,234.17,233.0,235.8,228.69,233.34,2555529,594083181.41,19568
20240614,597,4.11,4.12,4.14,4.06,4.12,5656536,23193315.04,8220
20240614,598,7.72,7.7,7.72,7.55,7.57,30169141,229570550.31,38610
20240614,599,3.67,3.67,3.69,3.6,3.65,5540400,20169264.0,9604
20240614,600,6.32,6.3,6.48,6.28,6.3,22460020,142946146.4,30546
20240614,601,3.82,3.85,3.89,3.75,3.79,6000653,22967865.4,7059
20240614,603,12.62,12.49,12.6,12.41,12.5,9534300,118982241.0,17560
20240614,605,4.67,4.67,4.74,4.6,4.71,4323000,20302738.0,7861
20240614,607,3.33,3.35,3.36,3.3,3.33,6120336,20350090.87,10741
20240614,608,1.63,1.63,1.67,1.6,1.64,9980640,16367233.8,4295
20240614,609,1.4,1.47,1.47,1.39,1.47,16660103,24371952.39,2031
20240614,610,12.45,12.37,12.89,12.32,12.71,7333000,93188858.0,9494
20240614,612,6.96,6.9,6.99,6.85,6.89,24865720,171956769.2,22553
20240614,615,2.28,2.26,2.31,2.25,2.28,6752200,15339993.0,1115
20240614,617,5.67,5.64,5.93,5.62,5.87,126364532,736249841.53,43298
20240614,619,4.22,4.22,4.25,4.12,4.22,3113101,13117152.22,5964
20240614,620,1.98,1.98,2.02,1.95,1.98,61114374,121203516.78,26762
20240614,622,1.18,1.24,1.24,1.24,1.24,353300,438092.0,99
20240614,623,13.8,13.8,14.02,13.73,13.94,7469720,103535516.24,11408
20240614,625,13.37,13.37,13.56,13.23,13.54,120682944,1616311746.74,107140
20240614,626,4.56,4.52,4.61,4.48,4.56,2791002,12723614.14,5671
20240614,627,1.86,1.86,1.89,1.82,1.88,40457594,75181689.78,16110
20240614,628,45.58,45.0,46.8,44.11,46.23,26264939,1197514881.72,66213
20240614,629,2.68,2.68,2.7,2.64,2.68,51134926,136692949.69,17077
20240614,630,3.63,3.6,3.66,3.58,3.65,139328654,505471158.25,53731
20240614,631,2.47,2.47,2.52,2.44,2.5,9321597,23225194.56,6816
20240614,632,2.81,2.86,2.87,2.75,2.81,9578801,26986773.82,10175
20240614,633,4.38,4.42,4.42,4.26,4.39,4510600,19693252.0,8490
20240614,635,6.09,6.08,6.13,5.96,6.09,1818500,11034333.0,4836
20240614,636,12.89,12.87,13.03,12.69,12.98,20457317,263695672.05,35071
20240614,637,3.67,3.6,3.62,3.45,3.5,7472033,26240778.72,3139
20240614,638,3.6,3.61,3.63,3.49,3.54,15396800,54435996.0,13810
20240614,639,2.63,2.67,2.7,2.61,2.67,8484172,22559647.08,10227
20240614,650,6.42,6.4,6.48,6.35,6.45,16427283,105209576.45,16069
20240614,651,40.23,40.24,40.95,40.09,40.93,31620215,1285798634.84,77916
20240614,652,3.09,3.08,3.11,3.06,3.1,5021710,15498943.7,3344
20240614,655,5.75,5.75,5.86,5.72,5.85,4435440,25748448.2,7030
20240614,656,1.32,1.31,1.37,1.31,1.35,119403900,160376160.0,8118
20240614,657,10.42,10.36,10.74,10.32,10.71,15711680,166699208.76,24114
20240614,659,1.46,1.47,1.47,1.42,1.45,7167370,10371780.5,3749
20240614,661,103.75,103.34,103.58,100.55,100.81,7071235,717959887.3,33313
20240614,663,4.52,4.52,4.53,4.4,4.51,3618510,16198758.9,6157
20240614,665,3.91,4.08,4.2,3.9,3.94,72804645,296430203.76,29377
20240614,668,6.39,6.45,6.49,6.22,6.26,2451900,15511113.0,3387
20240614,669,1.5,1.5,1.52,1.47,1.51,5006960,7495538.8,576
20240614,670,4.87,4.82,4.83,4.73,4.74,19662300,93631807.0,13776
20240614,672,6.03,6.02,6.12,5.98,6.08,4212455,25578624.6,5555
20240614,676,5.78,5.79,5.84,5.73,5.82,17139200,99197490.0,17784
20240614,677,2.9,3.09,3.09,2.68,2.71,78298051,220128339.91,30166
20240614,678,3.9,3.93,3.93,3.8,3.89,5195988,20183860.32,7050
20240614,679,2.55,2.53,2.55,2.41,2.49,10573700,26258826.0,7736
20240614,680,8.26,8.23,8.48,8.16,8.32,23263180,194042457.08,32863
20240614,681,12.35,12.33,12.42,12.27,12.32,7839949,96708065.96,13015
20240614,682,11.75,11.64,12.02,11.59,11.84,16903826,200521880.73,22170
20240614,683,7.1,7.12,7.21,7.07,7.17,35055545,250946490.08,51782
20240614,685,7.24,7.24,7.33,7.18,7.3,8012309,58156521.5,9312
20240614,686,5.99,6.0,6.0,5.56,5.88,89349082,511639438.78,34811
20240614,688,11.63,11.63,11.67,11.49,11.66,2557700,29652321.0,7546
20240614,690,5.09,5.06,5.15,5.05,5.11,20347318,104060403.98,19166
20240614,691,3.84,3.81,3.92,3.75,3.83,6482219,24910051.11,2298
20240614,692,3.42,3.35,3.4,3.2,3.24,31841800,104189750.0,16208
20240614,695,8.07,8.14,8.14,8.02,8.06,812900,6574674.0,980
20240614,697,6.8,6.7,6.74,6.5,6.59,15274600,100874137.0,14672
20240614,698,3.15,3.12,3.15,3.08,3.13,7424100,23132702.0,9207
20240614,700,5.39,5.38,5.43,5.31,5.38,8194600,43969288.0,10583
20240614,701,3.75,3.74,3.8,3.69,3.76,10735900,40338111.0,12178
20240614,702,4.79,4.84,5.06,4.69,4.93,34760776,168481027.6,26269
20240614,703,6.85,6.86,7.03,6.8,6.99,17816016,123384980.89,24819
20240614,705,7.28,7.26,7.35,7.2,7.33,5225059,38127688.6,6248
20240614,707,7.27,7.28,7.33,7.2,7.3,5339910,38824552.22,10112
20240614,708,14.53,14.48,14.56,14.23,14.33,7288035,104425096.3,19120
20240614,709,2.01,2.01,2.07,2.01,2.05,72829062,148712766.39,26383
20240614,710,7.81,7.82,7.88,7.67,7.79,5479300,42657535.0,10628
20240614,711,1.96,1.94,1.97,1.93,1.94,10380276,20173855.68,878
20240614,712,8.09,8.11,8.3,8.0,8.19,12865373,104900130.56,18356
20240614,713,5.78,5.75,5.84,5.75,5.83,2984494,17286077.86,2287
20240614,715,5.19,5.21,5.23,5.11,5.19,4559692,23597690.23,7188
20240614,716,3.99,4.01,4.02,3.96,4.0,4505302,17976215.98,3011
20240614,717,1.86,1.86,1.9,1.85,1.89,12531200,23564050.0,3930
20240614,718,1.82,1.8,1.85,1.79,1.85,35352876,64438877.52,13564
20240614,719,11.3,11.23,11.92,11.22,11.52,31685763,367468821.25,36091
20240614,720,2.6,2.59,2.61,2.54,2.58,6222800,16106027.0,6112
20240614,721,7.29,7.32,7.43,7.23,7.38,6892300,50821751.0,6120
20240614,722,9.89,9.91,10.12,9.82,10.0,10900428,108803132.94,9326
20240614,723,5.2,5.18,5.21,5.09,5.18,30724174,158387809.81,23192
20240614,725,4.02,4.02,4.07,4.01,4.07,277404300,1121571693.93,91321
20240614,726,7.1,7.05,7.16,7.02,7.12,6543485,46473219.26,9141
20240614,727,2.09,2.09,2.14,2.07,2.13,47917202,101103429.22,21907
20240614,728,6.3,6.29,6.42,6.21,6.37,42048473,265973499.28,29786
20240614,729,9.59,9.51,9.74,9.5,9.7,20083417,193722162.49,24152
20240614,731,6.81,6.8,6.84,6.76,6.82,2453600,16681317.0,3365
20240614,733,47.23,47.23,47.45,46.67,46.88,8880494,416918137.56,19383
20240614,735,4.58,4.57,4.7,4.52,4.6,14563600,67106816.98,16857
20240614,736,9.22,9.28,10.14,9.18,9.86,46129812,453749262.75,34670
20240614,737,9.95,9.76,10.05,9.66,9.99,48234547,476546607.98,44067
20240614,738,20.71,20.59,20.85,20.33,20.51,15198382,312826434.39,36632
20240614,739,14.28,14.26,14.46,14.14,14.4,7865836,112511641.61,15680
20240614,750,2.97,2.98,3.05,2.95,3.02,53863586,161367809.56,19754
20240614,751,2.64,2.63,2.67,2.62,2.66,7559361,20026839.84,3562
20240614,752,6.62,6.63,6.88,6.6,6.69,1899677,12711373.13,849
20240614,753,2.87,2.86,2.88,2.83,2.86,5165277,14733715.22,5380
20240614,755,4.19,4.18,4.23,4.16,4.21,2176481,9149758.01,2087
20240614,756,15.32,15.25,15.41,15.15,15.4,3872179,59199043.48,8317
20240614,757,2.62,2.6,2.64,2.53,2.58,10574468,27384200.76,12987
20240614,758,5.07,5.03,5.11,5.02,5.09,27194337,138134822.7,29984
20240614,759,3.34,3.29,3.31,3.18,3.24,25819619,83102448.62,13733
20240614,761,2.68,2.69,2.73,2.66,2.72,6764818,18276258.78,9242
20240614,762,19.18,19.1,19.5,18.93,19.49,6856787,132220758.05,12756
20240614,766,16.87,16.77,17.68,16.76,17.28,37455389,649555224.33,32467
20240614,767,2.46,2.46,2.57,2.44,2.49,20148000,50539140.0,6810
20240614,768,24.96,24.75,24.77,24.01,24.24,22651295,549569559.43,40340
20240614,776,12.56,12.55,12.82,12.54,12.71,29723133,376601305.16,29040
20240614,777,16.19,16.1,16.26,16.02,16.18,5833240,94141528.4,8506
20240614,778,3.58,3.57,3.64,3.56,3.62,36787688,132782518.68,19027
20240614,779,7.2,7.19,7.24,7.08,7.22,4473420,32136493.5,5704
20240614,782,4.25,4.26,4.26,4.15,4.21,2428600,10225985.0,3317
20240614,783,5.07,5.04,5.19,4.88,5.1,119979824,603181981.75,46565
20240614,785,2.62,2.61,2.65,2.57,2.63,23155189,60508857.27,16192
20240614,786,31.12,31.08,32.05,30.84,31.95,8920113,282459060.86,34879
20240614,788,5.17,5.18,5.19,5.06,5.11,5435700,27725873.0,10437
20240614,789,4.69,4.69,4.72,4.62,4.68,9186646,42941392.92,13274
20240614,790,3.62,3.62,3.7,3.57,3.67,9469085,34581421.1,8471
20240614,791,6.84,6.8,6.81,6.65,6.73,35788492,240168831.49,26603
20240614,792,17.31,17.22,17.27,16.79,17.06,33679984,572403925.86,40791
20240614,793,1.34,1.47,1.47,1.4,1.47,402859675,588370575.55,54623
20240614,795,5.66,5.6,5.73,5.6,5.71,5990202,33950914.4,13045
20240614,796,3.55,3.57,3.69,3.55,3.69,13141353,47716569.41,2606
20240614,797,2.42,2.41,2.51,2.39,2.48,33568712,82730547.64,17672
20240614,798,5.88,5.9,5.94,5.82,5.92,1895200,11162030.0,3349
20240614,799,50.01,49.8,50.72,49.01,50.65,4983801,248328124.89,17955
20240614,800,8.17,8.14,8.17,8.06,8.13,9655952,78303696.59,16627
20240614,801,10.54,10.56,10.75,10.35,10.56,29981775,318104192.0,32754
20240614,802,5.47,5.47,5.62,5.46,5.54,3841420,21279857.18,2827
20240614,803,3.6,3.6,3.65,3.56,3.6,3167300,11392839.0,5315
20240614,807,14.77,14.75,15.0,14.21,14.34,111204719,1616172494.72,81592
20240614,809,2.18,2.16,2.2,2.14,2.18,1958200,4260770.0,380
20240614,810,9.26,9.24,9.32,9.12,9.29,8995712,82842148.55,15605
20240614,811,10.67,10.62,10.66,10.47,10.61,5666200,59863445.0,11993
20240614,812,3.78,3.79,3.82,3.74,3.82,5450250,20661829.5,6774
20240614,813,2.29,2.27,2.3,2.25,2.29,14326250,32595461.0,9004
20240614,815,7.49,7.48,7.58,7.38,7.57,7043746,52962830.66,7070
20240614,816,1.81,1.81,1.83,1.75,1.76,21475795,38179570.2,10719
20240614,818,25.52,25.65,25.75,24.13,24.74,20891947,517797030.58,37598
20240614,819,16.32,16.09,16.49,15.91,16.47,2361165,38404427.07,5110
20240614,820,2.24,2.25,2.26,2.14,2.17,11737769,25661667.73,7424
20240614,821,12.13,12.17,12.22,11.92,12.07,11049661,133054675.44,17076
20240614,822,6.09,6.08,6.13,6.05,6.12,5805462,35362681.58,5595
20240614,823,8.18,8.19,8.41,7.99,8.35,23824982,195743757.59,27588
20240614,825,3.49,3.48,3.53,3.43,3.5,31735650,110347809.89,26370
20240614,826,1.66,1.66,1.68,1.63,1.65,12075022,19974754.56,4749
20240614,828,9.21,9.21,9.29,9.15,9.26,6299200,58050889.0,10890
20240614,829,9.56,9.27,9.55,9.06,9.34,96808088,899737143.64,79837
20240614,830,12.05,11.95,12.18,11.95,12.12,15781944,190519180.72,30861
20240614,831,24.71,24.6,25.03,24.19,24.96,16335054,402114522.57,33369
20240614,833,4.83,4.81,4.92,4.76,4.9,5940680,28933584.8,12530
20240614,837,7.9,7.9,7.95,7.74,7.83,8870404,69249136.32,16765
20240614,838,2.52,2.52,2.59,2.48,2.57,9131900,23347386.0,4748
20240614,839,2.65,2.73,2.9,2.67,2.77,119038564,329503722.71,26684
20240614,848,8.31,8.4,8.4,8.23,8.37,7084077,58906346.62,17672
20240614,850,3.03,3.04,3.07,3.01,3.06,4750858,14455607.24,3939
20240614,851,1.82,1.81,1.82,1.74,1.76,46442495,82782994.89,7628
20240614,852,5.81,5.8,5.8,5.69,5.75,4915587,28185744.84,7975
20240614,856,6.19,6.18,6.24,6.12,6.2,3159900,19508807.0,5613
20240614,858,134.56,134.2,135.7,132.09,135.68,28721911,3851661909.41,118919
20240614,859,4.58,4.58,5.04,4.15,4.24,125607457,585636372.12,76614
20240614,860,17.73,17.74,18.06,17.45,17.98,15849644,280977370.0,28760
20240614,862,5.15,5.11,5.2,5.08,5.12,9834279,50550767.06,5999
20240614,863,3.75,3.73,3.79,3.68,3.72,29128170,108994310.7,24998
20240614,868,3.87,3.86,3.94,3.82,3.93,5736500,22374033.0,4548
20240614,869,22.71,22.81,23.16,22.66,23.09,1374100,31496422.0,5044
20240614,875,5.83,5.82,5.93,5.73,5.8,117160773,684353562.03,57945
20240614,876,9.37,9.34,9.64,9.27,9.44,35297446,332792448.24,26760
20240614,877,5.28,5.23,5.26,5.07,5.15,41333882,212970294.15,31485
20240614,878,13.01,12.9,13.1,12.87,13.03,22076222,287126854.94,33551
20240614,880,8.05,8.03,8.12,7.97,8.05,2185100,17588175.65,5317
20240614,881,6.73,6.76,6.86,6.6,6.69,10630012,71047664.68,8470
20240614,882,1.11,1.12,1.17,1.11,1.15,59014356,67437047.28,10111
20240614,883,5.9,5.91,6.02,5.87,5.88,34948336,207529870.43,50729
20240614,885,11.3,11.32,11.38,11.21,11.3,2975212,33667484.48,5460
20240614,886,4.43,4.44,4.56,4.4,4.56,17421300,78514271.0,13899
20240614,887,12.7,12.7,12.77,12.54,12.73,13462268,170127955.58,25845
20240614,888,11.15,11.11,11.5,11.09,11.33,18031920,204596128.69,20377
20240614,889,1.97,1.97,2.02,1.93,2.01,17750900,35303958.0,1494
20240614,890,2.61,2.64,2.64,2.55,2.63,6256310,16333453.75,5728
20240614,892,2.67,2.67,2.72,2.64,2.67,8137100,21796060.0,9209
20240614,893,17.0,16.9,17.15,16.5,17.02,14644299,246533066.59,27613
20240614,895,25.43,25.4,25.74,25.26,25.7,10289745,262817860.11,23217
20240614,897,2.17,2.16,2.25,2.14,2.23,55538683,122668377.35,24532
20240614,898,2.19,2.19,2.25,2.18,2.23,37085070,82227141.91,11652
20240614,899,10.29,10.29,10.5,10.14,10.19,24797651,255181367.33,26448
20240614,900,3.63,3.64,3.67,3.61,3.66,5767100,21020130.0,7041
20240614,901,8.77,8.65,8.72,8.54,8.67,27702627,238815381.35,33242
20240614,902,11.98,11.95,12.12,11.83,12.06,6767998,80977520.86,19073
20240614,903,1.86,1.86,1.87,1.83,1.85,13588104,25159722.36,5644
20240614,905,5.93,5.92,5.98,5.92,5.96,3258701,19393490.95,3928
20240614,906,7.01,7.01,7.03,6.83,6.89,9754208,67339725.0,13355
20240614,908,1.19,1.13,1.25,1.13,1.25,110864971,130061055.63,11465
20240614,909,3.1,3.19,3.26,3.12,3.13,7155502,22808685.34,1857
20240614,910,6.47,6.46,6.47,6.31,6.41,3026614,19338574.02,3771
20240614,911,6.86,6.81,6.89,6.79,6.88,1921300,13133211.0,1777
20240614,912,3.62,3.64,3.65,3.58,3.63,4730137,17125360.31,7779
20240614,913,17.03,16.89,17.19,16.75,17.0,7045419,119363706.63,21521
20240614,915,32.72,32.53,32.53,31.82,32.31,1789984,57577629.05,8073
20240614,917,5.24,5.23,5.3,5.2,5.28,17697500,93048005.0,16343
20240614,919,6.63,6.64,6.64,6.45,6.52,4721401,30754097.48,8718
20240614,920,7.79,7.8,7.81,7.67,7.74,3022400,23342238.0,7352
20240614,921,38.26,38.0,39.3,37.62,38.15,18612574,713349381.66,61843
20240614,922,13.85,13.82,13.96,13.7,13.74,7291829,101018520.91,8552
20240614,923,17.72,17.78,18.1,17.66,18.08,6949731,124650219.21,18750
20240614,925,6.36,6.35,6.48,6.29,6.42,11062476,70584830.68,7182
20240614,926,3.3,3.3,3.39,3.27,3.37,16585000,55428913.0,16521
20240614,927,2.46,2.46,2.49,2.44,2.46,23950074,59084537.04,11717
20240614,928,5.76,5.73,5.81,5.73,5.8,13334939,77135087.6,14402
20240614,929,6.54,6.54,6.68,6.45,6.67,3733000,24554706.0,3349
20240614,930,5.61,5.57,5.67,5.47,5.61,33760639,187816009.39,33736
20240614,931,3.77,3.75,3.8,3.71,3.78,5085252,19085455.55,9310
20240614,932,4.63,4.62,4.68,4.61,4.65,47723053,221760955.76,34701
20240614,933,22.61,22.61,22.85,22.35,22.72,15692823,355203022.9,34725
20240614,935,12.76,12.76,12.94,12.64,12.86,3013600,38581541.0,7949
20240614,936,6.42,6.38,7.05,6.35,6.81,48883234,330259369.97,42626
20240614,937,7.31,7.3,7.35,7.21,7.24,30814205,224199125.19,31070
20240614,938,23.44,23.2,24.0,23.0,23.07,93867876,2206707892.38,120422
20240614,948,12.65,12.55,12.9,12.45,12.8,5629947,71798512.7,7111
20240614,949,3.51,3.51,3.56,3.47,3.49,21586740,75772534.4,17619
20240614,950,5.29,5.28,5.28,5.19,5.26,12226805,64005411.2,12891
20240614,951,14.78,14.76,15.03,14.7,14.96,7768846,115628772.2,16579
20240614,952,5.2,5.21,5.22,5.12,5.14,4435980,22875392.0,5550
20240614,953,2.57,2.57,2.6,2.5,2.54,9529296,24178995.28,7845
20240614,955,3.19,3.19,3.24,3.15,3.21,7245800,23155101.0,8468
20240614,957,9.73,9.7,9.77,9.57,9.74,14302144,138805674.83,13436
20240614,958,3.89,3.9,3.94,3.87,3.92,16836360,65886812.9,27845
20240614,959,2.86,2.85,2.91,2.85,2.9,27711056,79838529.4,17959
20240614,960,15.66,15.5,15.66,15.4,15.58,24019215,373064549.64,43113
20240614,962,11.08,10.95,11.08,10.6,10.72,18274500,196414419.5,25264
20240614,963,31.2,31.1,31.25,30.33,30.96,11817435,363535614.95,31912
20240614,965,2.81,2.77,3.0,2.75,2.93,38191035,110813086.4,25832
20240614,966,4.87,4.86,4.94,4.82,4.86,33038002,160938971.74,21251
20240614,967,4.41,4.4,4.42,4.37,4.42,10299002,45290115.72,13361
20240614,968,6.67,6.64,6.67,6.59,6.64,5386500,35723273.0,10536
20240614,969,8.32,8.3,8.33,8.19,8.3,10829201,89453428.28,16918
20240614,970,7.79,7.79,8.04,7.69,7.95,22199257,175232781.21,27770
20240614,972,2.34,2.34,2.38,2.28,2.37,8774050,20685279.0,5703
20240614,973,3.81,3.8,3.82,3.75,3.81,5027451,19051889.77,5787
20240614,975,17.13,17.06,17.15,16.73,16.79,57334031,970618711.01,89323
20240614,977,36.02,35.71,36.96,35.42,36.72,64931172,2366703596.88,114737
20240614,978,6.01,6.02,6.11,5.99,6.1,4142210,25137792.2,2593
20240614,980,1.59,1.58,1.59,1.53,1.57,69615703,108435884.68,16519
20240614,981,1.38,1.37,1.39,1.36,1.37,21436313,29448857.25,3630
20240614,983,11.1,11.09,11.25,10.92,10.96,51476514,568402324.21,35924
20240614,985,12.98,13.04,13.04,12.76,12.93,608800,7824777.0,2097
20240614,987,5.22,5.22,5.33,5.16,5.3,19667622,103225695.44,15787
20240614,988,29.72,29.67,30.97,29.56,30.78,48801662,1494874806.52,78565
20240614,989,6.83,6.86,6.89,6.82,6.87,4266169,29235085.96,1934
20240614,990,7.86,7.81,7.97,7.78,7.85,17349112,136279243.1,26917
20240614,993,10.62,10.5,10.77,10.2,10.2,22250586,232551391.47,20774
20240614,995,8.59,8.54,8.62,8.38,8.53,2490937,21133815.49,4534
20240614,997,15.2,15.18,15.26,15.0,15.21,7262236,109899371.81,20365
20240614,998,10.44,10.43,10.5,10.29,10.47,16122942,167623190.46,18844
20240614,999,45.88,45.79,46.54,45.31,46.05,11617157,534867555.09,53803
20240614,1201,22.47,22.35,22.9,22.0,22.59,1413897,31718128.71,4846
20240614,1202,11.71,11.67,11.72,11.33,11.64,1674500,19429129.0,4474
20240614,1203,10.13,10.11,10.18,10.0,10.13,5376530,54270596.9,16119
20240614,1205,16.62,16.7,16.82,16.46,16.73,939117,15690771.2,4086
20240614,1206,13.15,13.13,13.32,13.01,13.27,1742400,22971976.56,6386
20240614,1207,14.88,14.87,14.95,14.61,14.74,1993100,29407214.0,7567
20240614,1208,7.2,7.17,7.49,7.15,7.37,6279125,46017701.0,9939
20240614,1209,14.23,14.25,14.26,13.95,14.21,862200,12168615.0,2701
20240614,1210,16.38,16.39,16.5,16.28,16.34,1204640,19713124.0,4126
20240614,1211,15.92,15.9,15.94,15.52,15.81,886800,14012775.0,2788
20240614,1212,22.5,22.37,22.7,22.26,22.4,776680,17395886.4,3698
20240614,1213,4.04,4.04,4.06,3.99,4.01,11642400,46784720.0,15984
20240614,1215,33.29,32.57,33.25,32.31,32.65,1955746,63952330.86,5814
20240614,1216,13.21,13.32,13.32,12.78,13.1,2746499,35632802.9,5801
20240614,1217,9.61,9.6,9.64,9.46,9.6,2502600,23949849.0,5564
20240614,1218,15.65,15.66,15.73,15.35,15.65,771420,12021904.82,2896
20240614,1219,15.81,15.67,15.85,15.64,15.8,844760,13313543.8,1698
20240614,1222,12.72,12.78,12.78,12.57,12.67,598827,7570558.49,2485
20240614,1223,37.4,37.57,37.63,36.65,36.89,455224,16873646.36,2562
20240614,1225,28.8,28.8,28.88,28.38,28.69,113200,3247346.0,507
20240614,1226,26.16,26.35,27.29,25.83,27.14,3428700,91051740.0,5652
20240614,1227,2.45,2.45,2.48,2.45,2.47,25309240,62411365.32,7995
20240614,1228,24.12,24.13,24.23,23.7,23.86,625200,14948143.0,2022
20240614,1229,25.93,25.83,26.33,25.63,26.33,975334,25441011.46,3614
20240614,1230,14.21,14.16,14.35,14.13,14.31,473880,6750036.05,1639
20240614,1231,15.03,15.0,15.06,14.56,14.82,966000,14282046.0,2893
20240614,1234,17.3,17.09,17.34,16.94,17.29,1065800,18315323.0,4953
20240614,1236,8.05,8.02,8.2,7.93,8.12,3695800,29837157.0,9595
20240614,1238,21.42,21.41,21.78,21.14,21.72,260000,5602813.0,1111
20240614,1255,22.88,22.66,23.1,22.45,22.66,744500,16920733.0,2718
20240614,1256,14.19,14.24,14.26,14.0,14.23,670008,9490054.88,2509
20240614,1258,6.04,5.97,6.1,5.92,6.0,6032062,36292669.54,8008
20240614,1259,21.05,21.05,21.1,20.69,20.89,929100,19407196.0,2169
20240614,1260,14.31,14.27,14.31,13.9,14.17,760200,10773742.0,2312
20240614,1266,19.09,19.09,19.25,18.71,19.14,827840,15788711.4,3036
20240614,1267,5.76,5.7,6.3,5.67,6.12,60458665,363820561.95,54861
20240614,1268,17.23,17.32,17.32,16.89,17.07,779200,13277823.0,2986
20240614,1269,33.17,32.95,33.58,32.76,33.52,2693920,89731550.48,9210
20240614,1270,41.03,40.6,40.9,39.75,40.19,3096011,124160434.12,11169
20240614,1278,15.3,15.28,15.3,15.0,15.14,901500,13656331.0,2853
20240614,1283,45.7,45.67,46.19,44.5,44.72,776800,34969115.0,4638
20240614,1288,27.4,27.34,28.18,27.2,27.37,1895100,52496428.03,4034
20240614,1289,18.71,18.66,18.86,18.36,18.41,10728312,199188917.42,22948
20240614,1296,14.83,14.84,15.0,14.63,14.87,1297300,19276689.4,4200
20240614,1298,22.26,22.26,22.26,20.18,20.21,35100008,737992146.8,70407
20240614,1299,12.16,12.1,12.22,11.95,12.09,1518000,18350845.0,3537
20240614,1300,12.28,12.35,12.46,12.01,12.44,4328700,53289388.0,8981
20240614,1301,48.42,48.26,49.98,47.67,47.67,4090555,199659650.28,15062
20240614,1308,23.1,23.13,23.45,22.9,23.37,2059455,47980734.88,7068
20240614,1309,83.72,82.0,91.17,81.51,88.3,12927469,1121740042.13,50390
20240614,1311,27.31,27.1,27.26,26.44,26.59,1398588,37364515.77,6560
20240614,1313,8.49,8.47,8.62,8.31,8.47,3232400,27226757.65,7791
20240614,1314,42.0,41.89,41.89,40.18,40.79,4413398,179896506.2,12277
20240614,1316,32.18,31.98,32.15,31.72,31.93,853500,27238975.0,4171
20240614,1317,24.96,25.12,25.15,24.64,24.79,583000,14492360.0,2787
20240614,1318,10.35,10.54,11.08,10.51,10.59,3876600,41466580.0,7739
20240614,1319,16.3,16.3,16.63,16.04,16.14,1149100,18582372.0,4455
20240614,1322,8.28,8.35,8.39,8.16,8.36,3264000,27107254.0,9177
20240614,1323,30.14,30.14,30.66,29.83,30.41,1002889,30303813.03,5365
20240614,1330,6.15,6.09,6.18,5.97,6.03,8181100,49468415.0,11344
20240614,1331,13.51,13.41,14.12,13.33,13.79,3839160,52809964.2,7392
20240614,1332,25.15,24.91,25.29,24.91,25.09,271305,6804383.65,1046
20240614,1333,17.82,17.82,17.91,17.42,17.61,808055,14214263.6,2381
20240614,1336,19.76,19.78,19.97,19.49,19.83,811578,16064203.92,1782
20240614,1337,23.92,23.74,24.12,23.58,24.12,4542900,108365334.0,11074
20240614,1338,10.71,10.71,10.88,10.63,10.74,7219800,77482655.0,16635
20240614,1339,29.77,29.5,29.9,29.18,29.59,13746187,405903293.16,36476
20240614,1366,12.12,12.13,12.5,12.01,12.39,3696431,45553248.88,6714
20240614,1368,20.07,20.04,21.8,19.81,20.78,3414436,71079431.77,9429
20240614,1696,12.98,12.81,13.04,12.63,12.7,106828143,1366329453.04,103625
20240614,1872,18.51,18.5,18.9,18.45,18.78,5169776,97000737.26,16045
20240614,1896,4.35,4.55,4.79,4.47,4.79,84610321,400095024.21,21878
20240614,1914,11.0,10.97,11.3,10.93,11.17,12554073,139853461.61,29851
20240614,1965,11.97,12.04,12.14,11.18,11.25,104625343,1204225229.51,77579
20240614,1979,9.71,9.62,10.1,9.58,10.0,60242828,596738147.91,44193
20240614,2001,18.7,18.63,18.9,18.52,18.62,24903136,466514773.88,41433
20240614,2003,12.73,12.75,12.85,12.66,12.83,5058666,64497860.79,12805
20240614,2004,4.07,4.05,4.12,4.0,4.11,27259699,110342454.29,18232
20240614,2005,0.97,0.97,0.99,0.96,0.98,7612800,7448603.0,488
20240614,2006,13.09,13.01,13.09,12.7,12.93,4212819,54129216.6,9538
20240614,2007,17.06,17.15,17.25,16.93,17.09,11156111,190295053.44,26593
20240614,2008,20.63,20.66,20.9,20.43,20.82,15496592,321090777.62,33459
20240614,2009,12.09,12.39,12.48,11.79,11.94,10501400,125672515.0,18094
20240614,2010,4.16,4.16,4.2,4.06,4.15,36370763,150254373.51,34888
20240614,2011,11.2,11.24,11.25,10.88,11.17,12567320,139136599.2,23029
20240614,2012,3.51,3.51,3.52,3.43,3.5,3666900,12796437.0,3293
20240614,2014,9.91,9.91,9.91,9.81,9.86,1663580,16396914.4,3613
20240614,2015,8.81,8.8,8.89,8.72,8.86,9438200,83445156.0,10303
20240614,2016,6.16,6.16,6.29,6.1,6.23,3844673,23876663.25,5489
20240614,2017,8.55,8.57,8.72,8.46,8.68,5762212,49634190.03,11889
20240614,2019,13.03,12.95,13.06,12.7,13.0,9510879,122435425.46,20407
20240614,2020,11.05,11.06,11.08,10.96,11.06,7486064,82457461.84,18887
20240614,2021,1.97,1.95,1.98,1.93,1.94,45525049,88748191.63,8862
20240614,2022,6.11,6.09,6.12,6.02,6.05,2960000,17934542.0,5763
20240614,2023,9.58,9.56,9.58,9.45,9.53,11019900,104788428.0,19540
20240614,2024,1.31,1.31,1.31,1.28,1.3,11231251,14512144.79,1379
20240614,2025,48.72,48.49,50.01,48.11,49.58,6890718,339336128.08,18993
20240614,2026,8.43,8.43,8.48,8.23,8.38,3381200,28271991.0,11284
20240614,2027,6.09,6.1,6.2,5.99,6.09,123746940,752142762.6,74499
20240614,2028,71.08,70.47,72.25,70.2,71.0,9387551,669456432.21,38865
20240614,2029,5.32,5.32,5.34,5.26,5.34,3494425,18502206.5,6256
20240614,2030,5.88,5.86,5.87,5.55,5.64,32445702,182880620.66,33105
20240614,2031,2.45,2.42,2.42,2.33,2.36,107354000,253595442.88,48204
20240614,2032,52.64,52.65,54.2,52.26,53.92,4745649,253921749.46,23153
20240614,2033,8.81,8.78,9.01,8.78,8.92,8298967,74007603.36,6850
20240614,2034,14.1,14.1,14.22,14.0,14.19,1464300,20657717.0,4807
20240614,2035,7.46,7.5,7.56,7.39,7.52,10646040,79781925.4,26042
20240614,2036,7.09,7.09,7.13,6.92,7.1,14334451,100772361.96,21150
20240614,2037,6.92,6.81,7.19,6.81,7.1,19770392,139643583.31,15044
20240614,2038,7.81,7.83,7.83,7.65,7.65,13426323,103476338.1,15009
20240614,2039,18.08,18.24,18.3,17.51,17.58,6956244,124129767.72,13748
20240614,2040,5.49,5.49,5.55,5.44,5.51,2868320,15757832.3,5012
20240614,2041,8.82,8.77,8.84,8.69,8.82,5073600,44542252.0,8385
20240614,2042,3.96,3.96,4.0,3.89,3.96,19696900,77633500.0,7781
20240614,2043,11.22,11.2,11.4,11.05,11.34,6968304,78727370.56,20111
20240614,2044,4.11,4.11,4.16,4.03,4.13,29563077,121130754.59,22305
20240614,2045,11.81,11.72,11.91,11.64,11.9,5158651,60797559.69,7339
20240614,2046,10.94,10.91,10.98,10.75,10.85,9376003,101544492.49,17543
20240614,2047,1.41,1.42,1.44,1.4,1.41,11392260,16156784.2,4858
20240614,2048,13.16,13.16,13.36,13.02,13.3,4774000,62924647.0,13880
20240614,2049,58.53,58.1,58.14,57.15,57.95,19307252,1112942732.44,48152
20240614,2050,24.54,23.95,23.95,22.79,22.97,81394159,1882434142.4,114373
20240614,2051,7.21,7.2,7.25,7.17,7.24,6398746,46175749.12,6404
20240614,2052,0.88,0.92,0.92,0.92,0.92,143101,131652.92,50
20240614,2053,12.75,12.79,13.18,12.69,13.08,9081775,118354917.5,19665
20240614,2054,5.17,5.21,5.22,5.07,5.16,3244504,16686181.74,7517
20240614,2055,7.01,6.99,7.06,6.79,6.87,58960480,405881123.19,75237
20240614,2056,13.57,13.57,13.78,13.42,13.74,8840564,120463537.56,21311
20240614,2057,7.22,7.21,7.28,7.16,7.25,4798705,34670756.95,4820
20240614,2058,7.42,7.46,7.58,7.22,7.44,1759300,13087214.0,4231
20240614,2059,4.88,4.88,4.93,4.84,4.91,4492000,22027585.0,2579
20240614,2060,3.77,3.75,3.77,3.67,3.69,24803419,91980952.74,15862
20240614,2061,3.68,3.67,3.7,3.63,3.68,14834140,54449672.4,12765
20240614,2062,3.62,3.63,3.65,3.55,3.62,4737300,17110508.0,8022
20240614,2063,5.64,5.63,5.76,5.6,5.74,44517989,254231751.95,27823
20240614,2064,7.35,7.3,7.45,7.27,7.4,13896359,102601042.53,27431
20240614,2065,4.81,4.79,4.85,4.74,4.84,18378462,88208761.08,21842
20240614,2066,8.28,8.31,8.32,8.15,8.23,2329900,19138709.0,5667
20240614,2067,2.79,2.79,2.82,2.76,2.81,9487183,26527813.4,4829
20240614,2068,8.52,8.48,8.5,8.2,8.21,9018800,74704841.0,16014
20240614,2069,2.64,2.64,2.67,2.6,2.65,3178600,8389511.0,3224
20240614,2072,3.12,3.18,3.2,3.06,3.17,8240500,25851158.0,7488
20240614,2073,7.46,7.48,7.51,7.3,7.45,12873400,95298577.0,28073
20240614,2074,19.05,19.12,19.24,18.8,19.2,16616771,316067203.33,25929
20240614,2075,3.99,3.99,4.22,3.98,4.18,50095920,207239538.6,25755
20240614,2076,1.72,1.73,1.74,1.67,1.68,13123500,22200937.0,5318
20240614,2077,13.87,13.6,13.64,13.26,13.3,28459000,381406128.0,37601
20240614,2078,14.55,14.55,14.85,14.45,14.75,11924482,174861579.98,29524
20240614,2079,9.21,9.18,9.22,9.02,9.15,19953806,181870070.34,28703
20240614,2080,14.12,14.06,14.17,13.9,14.14,8950543,125445943.64,12120
20240614,2081,3.1,3.1,3.16,3.07,3.14,12846845,40041299.3,7006
20240614,2082,4.5,4.51,4.53,4.4,4.44,5156200,22960415.0,9989
20240614,2083,4.26,4.26,4.31,4.22,4.3,4932610,21051227.4,9473
20240614,2084,2.56,2.57,2.6,2.51,2.57,5697148,14627592.84,7990
20240614,2085,15.17,15.08,15.25,14.86,14.89,103923736,1559013449.96,101969
20240614,2086,2.59,2.54,2.56,2.47,2.48,13440400,33735379.0,3108
20240614,2088,12.93,13.08,13.18,12.84,13.06,3507622,45554123.88,11706
20240614,2090,8.75,8.82,9.2,8.78,8.92,13057552,117812547.78,17407
20240614,2091,7.24,7.23,7.46,7.12,7.41,18654245,136774676.7,21763
20240614,2092,3.96,3.95,3.99,3.93,3.93,29457778,116685531.54,4835
20240614,2093,6.23,6.25,6.28,6.16,6.27,5454400,34018056.0,12237
20240614,2094,1.98,1.98,2.0,1.94,1.98,14562250,28727498.0,9515
20240614,2095,12.74,12.9,12.9,12.61,12.79,2001977,25452182.45,5013
20240614,2096,12.1,11.98,12.04,11.72,11.95,10434000,123757238.0,23794
20240614,2097,6.22,6.22,6.24,6.14,6.22,13277657,82306645.51,18814
20240614,2098,5.75,5.75,5.86,5.68,5.82,2094900,12140016.0,5120
20240614,2099,5.88,5.88,5.98,5.78,5.89,17056784,100318468.56,19794
20240614,2100,7.44,7.43,7.6,7.33,7.56,28400691,212052688.46,39962
20240614,2101,11.09,11.09,11.14,10.92,11.08,4214395,46506482.76,8754
20240614,2102,2.35,2.35,2.5,2.34,2.45,20797955,50387736.53,6417
20240614,2103,5.2,5.21,5.24,5.14,5.22,4962100,25815112.0,6166
20240614,2104,5.33,5.33,5.41,5.27,5.4,6085002,32602519.78,7470
20240614,2105,4.27,4.33,4.36,4.26,4.29,4459500,19147409.0,7392
20240614,2106,10.62,10.64,10.76,10.48,10.68,10981631,117037124.93,22906
20240614,2107,4.23,4.23,4.26,4.14,4.19,2643160,11072160.0,5616
20240614,2108,3.22,3.22,3.26,3.19,3.25,8080705,26036990.65,7036
20240614,2109,3.33,3.31,3.34,3.24,3.27,4189450,13756568.5,7885
20240614,2110,3.15,3.17,3.2,3.14,3.19,8653051,27447323.68,6970
20240614,2111,10.87,10.82,10.87,10.55,10.58,6080071,64863010.16,11864
20240614,2112,9.32,9.23,9.56,9.2,9.37,12981601,121915064.51,18569
20240614,2114,4.32,4.3,4.37,4.25,4.31,5088900,21975634.0,5976
20240614,2115,5.08,5.1,5.13,5.01,5.12,9218860,46968622.7,10079
20240614,2116,9.71,9.67,9.8,9.62,9.77,3544800,34558098.0,6699
20240614,2117,6.98,7.04,7.04,6.92,7.02,2416758,16912779.42,4433
20240614,2119,12.19,12.47,13.4,12.18,12.36,96211535,1224280440.62,115714
20240614,2120,7.92,7.89,7.91,7.59,7.78,38806511,300291437.29,56807
20240614,2121,4.03,4.03,4.12,3.97,4.08,12212200,49740131.0,14008
20240614,2122,2.37,2.37,2.39,2.32,2.37,13310100,31437140.0,14697
20240614,2123,7.72,7.6,7.89,7.57,7.78,15696829,121482175.41,23587
20240614,2124,2.54,2.52,2.6,2.51,2.59,53957770,137911166.38,7847
20240614,2125,10.32,10.27,10.4,10.21,10.39,9903502,102238578.99,18334
20240614,2126,18.54,18.39,18.78,18.27,18.27,20280851,375876453.22,33971
20240614,2127,2.72,2.71,2.75,2.7,2.74,20853784,56922452.16,11578
20240614,2128,22.3,22.2,22.51,21.93,22.22,19549870,434290980.01,49510
20240614,2129,9.91,9.9,10.11,9.74,9.97,79934574,797948592.07,50213
20240614,2130,13.41,13.33,13.88,13.18,13.7,107523154,1459880561.02,109064
20240614,2131,1.45,1.44,1.45,1.31,1.36,491391425,668427720.12,74932
20240614,2132,2.22,2.22,2.24,2.18,2.23,9723283,21566718.26,6908
20240614,2133,2.36,2.36,2.41,2.32,2.38,13168500,31277354.0,7752
20240614,2134,8.26,8.26,8.44,8.22,8.44,10412641,87033120.77,11931
20240614,2135,4.17,4.17,4.18,4.11,4.16,8131300,33722244.0,11037
20240614,2136,9.61,9.61,9.68,9.46,9.54,1473600,14042181.0,3066
20240614,2137,4.86,4.88,4.89,4.79,4.85,6164259,29849210.97,11828
20240614,2138,26.16,26.09,26.99,25.84,26.81,19862881,527921055.22,45266
20240614,2139,10.04,10.06,10.24,10.01,10.22,22820999,231958646.8,34436
20240614,2140,8.04,8.05,8.13,7.96,8.12,3855920,31187898.8,11541
20240614,2141,0.94,0.94,0.98,0.9,0.96,23640020,22137311.1,2211
20240614,2142,22.3,22.28,23.09,21.99,22.86,53155912,1205107246.44,89556
20240614,2144,8.53,8.51,8.62,8.42,8.54,1545532,13194199.86,2276
20240614,2145,3.78,3.8,3.81,3.71,3.78,21476910,80663706.52,19454
20240614,2146,1.57,1.56,1.62,1.54,1.59,156563283,247956605.97,30680
20240614,2148,4.61,4.6,4.67,4.54,4.66,8166516,37793974.0,9722
20240614,2149,15.45,15.38,15.43,15.01,15.15,5977850,90853352.56,10435
20240614,2150,13.86,13.86,13.98,13.59,13.86,1696100,23516839.0,6526
20240614,2151,25.43,25.3,25.66,25.23,25.59,4996869,127308324.15,12275
20240614,2152,10.7,10.66,10.75,10.59,10.75,14626274,156000761.13,28078
20240614,2153,6.33,6.3,6.36,6.21,6.24,14533714,91010301.86,19877
20240614,2154,5.88,5.88,6.04,5.83,6.0,24076208,144164631.72,22721
20240614,2155,17.15,17.08,17.41,16.97,17.28,32651924,562905017.14,62189
20240614,2156,23.5,23.13,23.4,22.77,23.22,117598280,2713481225.37,159298
20240614,2157,3.49,3.42,3.48,3.36,3.43,106747977,365190145.09,26537
20240614,2158,18.03,18.09,18.09,17.66,17.92,3998420,71313271.4,8875
20240614,2159,12.88,12.82,13.1,12.82,12.98,1875400,24325617.0,4022
20240614,2160,2.79,2.8,2.83,2.77,2.82,8252500,23177292.0,4546
20240614,2161,4.46,4.45,4.56,4.41,4.54,9888600,44556608.0,15537
20240614,2162,2.95,2.94,2.97,2.92,2.95,3834260,11301287.0,2162
20240614,2163,6.17,6.16,6.2,6.11,6.17,3824695,23526600.15,5642
20240614,2164,4.02,4.03,4.03,3.95,3.98,4946700,19715551.0,7629
20240614,2165,3.54,3.52,3.54,3.39,3.44,21590000,74237200.0,14546
20240614,2166,7.1,7.11,7.13,7.03,7.09,8501350,60203529.5,14667
20240614,2167,6.06,6.03,6.18,5.97,6.11,19022776,115636793.13,17646
20240614,2168,2.36,2.38,2.43,2.31,2.37,8194544,19515967.68,6978
20240614,2169,4.69,4.7,4.82,4.63,4.73,7714010,36778985.6,8446
20240614,2170,6.06,6.06,6.14,6.01,6.11,9811050,59822869.17,9150
20240614,2171,7.11,7.07,7.27,7.02,7.02,23528815,167547120.34,25407
20240614,2172,2.6,2.57,2.61,2.55,2.59,6834900,17620357.0,4268
20240614,2173,6.43,6.45,6.47,6.29,6.37,8099600,51330163.0,6334
20240614,2174,8.54,8.55,8.63,8.46,8.59,7501000,64094682.0,12800
20240614,2175,1.9,1.91,1.91,1.87,1.9,9183160,17342445.4,5651
20240614,2176,8.77,8.73,8.94,8.67,8.88,20417720,179643404.6,22214
20240614,2177,3.16,3.18,3.23,3.11,3.2,16519989,52714744.8,12512
20240614,2178,3.29,3.31,3.31,3.2,3.22,10841000,35010016.0,13741
20240614,2179,38.64,38.4,39.23,38.3,39.15,17626936,687612152.49,36564
20240614,2180,26.62,26.42,26.73,26.24,26.62,4225713,111984019.82,14288
20240614,2181,3.69,3.67,3.78,3.66,3.76,7869966,29433217.38,6413
20240614,2182,12.67,12.74,13.07,12.44,12.87,14660650,187434821.02,32746
20240614,2183,3.07,3.06,3.08,3.01,3.05,20366573,62108112.65,11565
20240614,2184,9.33,9.41,9.52,9.16,9.38,3800555,35679742.53,5630
20240614,2185,8.34,8.29,8.3,8.1,8.26,62646979,513592477.59,57960
20240614,2186,9.15,9.11,9.26,9.09,9.25,2483000,22836623.0,2917
20240614,2187,4.38,4.39,4.4,4.31,4.37,2878600,12541794.0,5510
20240614,2188,4.52,4.49,4.63,4.38,4.5,15353600,69114453.0,11095
20240614,2189,14.45,14.41,14.48,14.31,14.43,2943900,42356242.0,8459
20240614,2190,14.88,14.86,14.86,14.59,14.74,1127711,16565566.82,4153
20240614,2191,3.95,3.96,3.99,3.9,3.97,12833710,50675866.7,13892
20240614,2192,32.07,32.05,33.33,31.52,33.0,10663999,346593974.96,28294
20240614,2193,3.03,3.04,3.05,2.95,3.03,6291395,18867164.9,6171
20240614,2194,8.17,8.16,8.3,8.06,8.29,9616060,78893841.0,12073
20240614,2195,2.62,2.61,2.69,2.6,2.68,64233502,170541520.74,25256
20240614,2196,4.2,4.22,4.22,4.13,4.2,5125000,21455962.0,6655
20240614,2197,3.32,3.29,3.41,3.29,3.36,18327740,61462559.6,4431
20240614,2198,6.86,6.82,6.94,6.63,6.7,9487800,63829587.0,8029
20240614,2199,5.73,5.92,6.3,5.86,6.3,26126758,162282022.04,15690
20240614,2200,5.41,5.35,5.39,5.21,5.26,748301,3956370.22,349
20240614,2201,5.64,5.61,5.64,5.42,5.49,15984621,87778915.15,25082
20240614,2202,7.37,7.36,7.7,7.3,7.7,87308779,655788882.47,65070
20240614,2203,8.09,8.03,8.1,7.95,8.08,9930473,79698092.05,19596
20240614,2204,4.5,4.5,4.58,4.48,4.56,12358074,56139610.12,15442
20240614,2205,6.23,6.23,6.29,6.15,6.27,2910560,18144689.4,3488
20240614,2206,4.06,4.04,4.07,3.98,4.05,24454634,98467234.36,22791
20240614,2207,4.19,4.2,4.28,4.13,4.26,6775400,28619593.0,4446
20240614,2208,4.75,4.74,4.91,4.7,4.85,13213983,63875944.47,10882
20240614,2209,7.75,7.76,7.8,7.61,7.7,2138000,16487413.0,5847
20240614,2210,1.36,1.35,1.38,1.34,1.37,13096100,17904168.0,4344
20240614,2211,2.6,2.58,2.6,2.5,2.52,10576600,26812804.0,9055
20240614,2212,5.13,5.1,5.19,5.06,5.14,15085899,77208677.88,18528
20240614,2213,10.55,10.43,10.61,10.26,10.44,6001800,62598061.0,11405
20240614,2214,11.53,11.53,11.53,11.16,11.32,4914700,55305114.8,10581
20240614,2215,7.84,7.83,7.92,7.78,7.92,11317793,88836917.92,18300
20240614,2216,12.01,11.98,12.04,11.74,11.93,5875030,69857132.0,12808
20240614,2217,1.26,1.24,1.3,1.23,1.28,73615263,93419410.96,5812
20240614,2218,3.21,3.2,3.28,3.15,3.19,32736260,105057971.1,25428
20240614,2219,2.07,2.06,2.11,2.04,2.07,40275050,83496463.0,25136
20240614,2221,8.52,8.5,8.63,8.44,8.6,6828024,58286421.4,10932
20240614,2222,25.84,25.71,26.32,25.63,26.2,10916100,284399807.64,21485
20240614,2223,39.81,39.61,39.95,39.4,39.6,6748168,267190143.61,26289
20240614,2224,4.08,4.05,4.11,4.02,4.08,2891400,11744476.0,3332
20240614,2225,4.06,4.04,4.1,4.0,4.06,12356894,50210795.7,23469
20240614,2226,4.47,4.44,4.5,4.43,4.49,10712695,47827064.42,16917
20240614,2227,7.77,7.8,8.55,7.8,8.55,5233900,44507203.0,2513
20240614,2228,2.5,2.51,2.54,2.49,2.53,5631653,14180872.3,5515
20240614,2229,12.16,12.33,12.38,11.91,12.26,40783273,496015020.02,59073
20240614,2230,43.08,43.08,43.5,42.55,43.4,31506275,1361269828.73,61331
20240614,2231,4.12,4.15,4.24,4.06,4.2,13367400,55608584.98,13685
20240614,2232,11.55,11.51,11.97,11.37,11.8,9232059,107386407.01,11786
20240614,2233,6.75,6.72,6.8,6.65,6.76,8266033,55699418.74,15531
20240614,2234,9.76,9.91,10.18,9.66,10.09,5213197,52038503.39,6825
20240614,2235,4.15,4.18,4.19,4.09,4.18,9080230,37732131.95,10771
20240614,2236,16.22,16.17,16.58,16.13,16.54,32122162,528140469.14,38410
20240614,2237,11.65,11.65,11.77,11.51,11.59,11172707,129750502.2,25949
20240614,2238,8.57,8.58,8.63,8.52,8.59,4612092,39571591.28,10268
20240614,2239,2.41,2.4,2.43,2.38,2.43,23260501,56056173.01,11358
20240614,2240,15.06,15.05,15.12,14.72,14.91,10349174,154014676.31,19976
20240614,2241,17.45,17.42,17.68,17.16,17.56,60069754,1047365470.3,87813
20240614,2242,11.47,11.6,11.66,11.33,11.58,3845700,44208528.0,8434
20240614,2243,5.25,5.23,5.3,5.17,5.25,4717900,24651280.0,6850
20240614,2244,7.88,7.85,8.11,7.78,7.95,62327170,494604900.33,56903
20240614,2245,7.88,7.84,7.87,7.75,7.82,11628900,90810935.0,18582
20240614,2246,9.67,9.71,10.57,9.71,10.12,45014202,457763943.62,46102
20240614,2247,1.27,1.26,1.27,1.22,1.26,11493000,14295379.0,3912
20240614,2248,5.44,5.48,5.49,5.25,5.43,3608801,19491962.39,6835
20240614,2249,4.88,4.87,5.0,4.84,4.98,29737867,146162147.99,25578
20240614,2250,5.31,5.3,5.35,5.19,5.25,8094100,42494013.0,13947
20240614,2251,3.48,3.48,3.55,3.42,3.49,8894471,30899549.08,1864
20240614,2252,7.4,7.39,7.56,7.36,7.53,54706713,408975165.48,44772
20240614,2253,10.0,10.0,10.09,9.8,10.07,4296500,43008250.0,8790
20240614,2254,9.84,9.81,9.94,9.69,9.88,8454032,83177591.75,10771
20240614,2255,5.79,5.73,5.8,5.58,5.62,7931600,44983014.0,11468
20240614,2256,1.6,1.58,1.63,1.57,1.6,17315083,27704440.8,6291
20240614,2258,8.72,8.73,8.74,8.57,8.64,5305416,45777357.28,6068
20240614,2259,2.49,2.48,2.5,2.45,2.46,1067904,2644143.84,269
20240614,2261,11.85,11.77,12.19,11.75,12.18,60701855,731206066.35,74759
20240614,2262,23.75,23.65,24.23,23.36,24.12,13163766,315206939.73,36480
20240614,2263,2.29,2.22,2.28,2.2,2.21,38625060,86426812.6,14147
20240614,2264,5.74,5.75,5.81,5.66,5.68,14129501,80991292.69,25111
20240614,2265,9.66,9.67,9.67,9.18,9.18,8262700,77206730.0,16162
20240614,2266,2.99,2.98,3.01,2.94,2.97,18956001,56295088.17,16896
20240614,2267,7.63,7.65,7.71,7.56,7.69,10673400,81666262.0,21682
20240614,2268,15.01,14.97,15.17,14.83,15.1,6971925,104560518.05,16189
20240614,2269,1.2,1.19,1.23,1.17,1.2,72135529,86653691.82,12609
20240614,2270,20.85,20.7,21.23,20.42,20.87,17040196,355201145.08,36591
20240614,2271,13.79,13.78,14.12,13.57,13.97,35334170,491739312.2,48475
20240614,2272,4.7,4.74,4.76,4.61,4.75,10472400,49453644.0,11322
20240614,2273,15.99,15.87,16.3,15.81,16.18,59758024,962725693.13,87757
20240614,2274,7.92,7.91,7.98,7.78,7.91,23656827,186757613.49,32297
20240614,2275,12.93,12.95,12.95,12.78,12.91,1796100,23104358.0,5773
20240614,2276,7.82,7.81,8.02,7.78,7.96,12249421,97184329.61,20452
20240614,2277,2.29,2.29,2.3,2.26,2.29,12972565,29633581.47,10302
20240614,2278,4.12,4.12,4.13,4.06,4.11,9889800,40462233.0,8140
20240614,2279,4.45,4.41,4.5,4.41,4.49,8037490,35801673.2,10258
20240614,2281,32.94,32.75,35.3,32.7,34.8,57184912,1968877859.49,114761
20240614,2282,6.5,6.58,6.59,6.41,6.51,4034200,26207429.0,10738
20240614,2283,4.5,4.49,4.55,4.45,4.54,10206765,46062034.41,9521
20240614,2284,7.0,6.99,7.11,6.88,7.05,7835600,54795783.0,12760
20240614,2285,1.7,1.69,1.75,1.66,1.73,31334920,53770103.2,20037
20240614,2286,5.78,5.79,5.79,5.67,5.74,3468600,19879496.0,8975
20240614,2287,20.38,20.25,20.43,20.14,20.33,1063830,21560250.0,4948
20240614,2289,3.4,3.41,3.41,3.34,3.36,2287640,7687781.62,467
20240614,2290,13.36,13.49,13.64,13.21,13.52,2205400,29785806.0,3730
20240614,2291,4.73,4.7,4.8,4.66,4.74,15160736,71787712.54,20134
20240614,2292,6.44,6.42,6.5,6.39,6.48,19415936,125347937.23,23508
20240614,2293,8.72,8.72,8.9,8.67,8.9,2469778,21721982.46,2253
20240614,2294,28.94,28.95,28.98,28.17,28.54,5374275,153191952.18,20572
20240614,2295,5.55,5.55,5.59,5.46,5.55,3702200,20493205.0,6271
20240614,2296,9.61,9.61,9.82,9.48,9.77,14491530,140805135.0,25008
20240614,2297,6.28,6.28,6.3,6.13,6.18,10720400,66401357.0,17502
20240614,2298,4.54,4.53,4.64,4.49,4.62,20526057,94282047.08,17802
20240614,2299,15.66,15.67,16.19,15.46,15.75,9687821,153174455.26,15734
20240614,2300,5.43,5.45,5.54,5.39,5.48,5924490,32500747.73,6267
20240614,2301,5.11,5.09,5.16,5.03,5.14,4557245,23223404.84,7993
20240614,2302,5.29,5.28,5.36,5.22,5.32,6840772,36152331.32,11056
20240614,2303,2.54,2.53,2.57,2.52,2.55,10505950,26778448.5,10810
20240614,2304,90.43,90.09,91.08,89.6,91.07,6509755,588014507.45,22705
20240614,2305,1.64,1.63,1.7,1.61,1.68,90497400,150570205.0,22299
20240614,2306,2.8,2.8,3.08,2.75,2.92,31214046,92353248.1,20775
20240614,2307,3.13,3.12,3.13,3.02,3.05,19411821,59534978.05,11702
20240614,2309,1.59,1.58,1.67,1.58,1.64,7791802,12690520.26,1034
20240614,2310,1.41,1.4,1.48,1.39,1.48,87714300,126063447.0,7365
20240614,2311,49.13,49.15,49.37,48.15,49.37,8663414,422395242.18,31520
20240614,2312,6.99,7.0,7.08,6.91,7.06,16436055,115004041.15,19745
20240614,2313,7.03,6.96,7.12,6.87,7.12,5050600,35612827.0,9507
20240614,2314,2.2,2.18,2.23,2.16,2.22,17272981,38118839.2,6347
20240614,2315,29.03,29.03,29.45,28.85,29.45,5025251,147246922.98,16249
20240614,2316,3.2,3.2,3.25,3.15,3.21,9298800,29753245.0,7475
20240614,2317,12.71,12.6,12.65,12.43,12.61,10678000,133830397.0,17191
20240614,2318,23.83,23.83,24.14,23.69,24.1,4914603,117758741.97,14872
20240614,2319,9.75,9.86,9.86,9.51,9.77,1577000,15283033.0,3229
20240614,2320,5.91,5.94,5.99,5.79,5.87,13338729,78348647.64,19580
20240614,2321,1.44,1.45,1.53,1.43,1.5,14829101,21901657.43,3668
20240614,2322,14.74,14.8,15.38,14.6,15.21,11322400,171304705.55,21972
20240614,2323,1.13,1.11,1.16,1.11,1.13,64365481,72474988.53,14396
20240614,2324,9.53,9.44,9.54,9.33,9.52,6742244,63492117.28,8640
20240614,2326,8.84,8.82,8.85,8.58,8.71,15981273,138647324.99,24398
20240614,2327,11.23,11.18,11.18,10.86,11.05,5079562,56062052.62,8581
20240614,2328,4.86,4.85,4.88,4.79,4.86,4490762,21693846.46,1683
20240614,2329,3.01,2.98,3.04,2.94,3.01,8494400,25413448.0,9919
20240614,2330,3.85,3.86,3.86,3.78,3.83,5035600,19248473.0,7632
20240614,2331,6.3,6.36,6.49,6.23,6.43,6325700,40358438.0,7089
20240614,2332,11.52,11.52,11.7,11.33,11.65,11343100,130773658.5,21909
20240614,2333,5.64,5.64,5.68,5.58,5.67,2023600,11389677.0,4565
20240614,2334,6.19,6.18,6.25,6.1,6.19,8436451,52026059.88,10073
20240614,2335,23.56,23.56,23.7,22.98,23.7,6837428,159450634.26,16865
20240614,2336,2.93,2.87,2.93,2.81,2.88,4801198,13793022.42,1479
20240614,2337,3.78,3.77,3.8,3.71,3.78,3322600,12501018.0,5412
20240614,2338,30.5,30.36,30.65,29.93,30.51,10138566,306960202.26,25202
20240614,2339,6.24,6.24,6.8,6.23,6.47,48256466,315448457.7,38141
20240614,2340,6.41,6.39,6.52,6.35,6.49,65473477,422403965.88,59620
20240614,2342,2.93,2.93,2.96,2.9,2.93,5738500,16837019.0,5286
20240614,2343,5.86,5.85,5.96,5.78,5.82,15596220,91070366.4,14735
20240614,2344,3.18,3.17,3.21,3.15,3.2,5374271,17125208.16,5864
20240614,2345,5.3,5.31,5.34,5.18,5.24,8445175,44321318.0,9126
20240614,2346,8.16,8.17,8.25,8.08,8.14,1028935,8411268.07,2625
20240614,2347,3.88,3.89,3.9,3.8,3.85,6460300,24839163.0,9818
20240614,2348,2.53,2.54,2.63,2.49,2.56,6520272,16702307.48,1804
20240614,2349,7.11,7.12,7.12,7.0,7.1,5320960,37570223.8,8535
20240614,2350,5.04,5.16,5.54,5.16,5.54,31074156,169268586.26,15837
20240614,2351,13.0,12.97,13.16,12.6,12.94,17472900,223911119.7,32189
20240614,2352,36.5,36.35,36.83,36.22,36.69,15452600,564288515.94,34823
20240614,2353,35.98,35.8,36.55,35.77,35.91,6953028,251596767.15,19081
20240614,2354,3.2,3.2,3.23,3.16,3.22,40403400,129133495.0,32761
20240614,2355,3.92,3.89,4.1,3.87,4.02,11553509,46040178.28,4075
20240614,2356,3.44,3.4,3.59,3.32,3.47,22230600,77181146.0,8698
20240614,2357,5.23,5.23,5.27,5.17,5.25,3568900,18680234.0,4784
20240614,2358,3.47,3.46,3.59,3.44,3.54,13483109,47827600.86,12032
20240614,2360,5.17,5.16,5.23,5.12,5.19,2700000,13985198.0,2550
20240614,2361,3.26,3.25,3.27,3.21,3.24,9794000,31688536.0,11652
20240614,2362,17.09,17.09,17.24,16.86,17.23,3247916,55536071.0,10605
20240614,2363,5.89,5.89,5.97,5.82,5.95,3978800,23535013.0,6428
20240614,2364,5.71,5.73,6.28,5.68,6.03,29766552,181153824.74,38540
20240614,2365,7.22,7.26,7.26,7.12,7.18,1895900,13603254.0,5020
20240614,2366,4.07,4.08,4.1,4.02,4.07,11384200,46121120.0,4923
20240614,2367,6.07,6.02,6.03,5.89,6.0,11557404,68897577.02,8768
20240614,2368,21.4,21.25,22.02,21.15,21.8,13644640,296645169.0,29963
20240614,2369,3.71,3.73,3.74,3.63,3.67,8659729,31702567.14,13648
20240614,2370,2.65,2.66,2.66,2.6,2.63,5281985,13855608.43,3583
20240614,2371,328.2,326.99,332.88,321.02,322.8,8260065,2691870542.17,48897
20240614,2372,16.3,16.3,16.55,15.99,16.35,9942342,162023640.14,24108
20240614,2373,8.81,8.77,9.15,8.65,8.98,39459503,350274397.97,46267
20240614,2374,2.01,2.0,2.04,1.97,2.0,10946200,21904570.0,4789
20240614,2375,3.34,3.32,3.39,3.29,3.38,8518400,28483554.0,8634
20240614,2376,5.44,5.45,5.55,5.37,5.54,4688101,25689480.49,10495
20240614,2377,1.92,1.9,1.94,1.89,1.92,10080000,19389252.0,4249
20240614,2378,6.05,6.02,6.26,6.0,6.22,17666470,108839368.6,23054
20240614,2379,5.94,5.95,6.09,5.88,6.0,10201600,61312788.0,10572
20240614,2380,19.92,19.41,19.71,18.78,18.91,17159900,327594720.11,48661
20240614,2381,6.7,6.71,6.83,6.5,6.78,4488788,30265793.72,9480
20240614,2382,4.6,4.59,4.62,4.52,4.56,5537155,25286224.77,8507
20240614,2383,5.85,5.82,5.91,5.78,5.85,5888900,34437051.0,7471
20240614,2384,16.26,16.28,16.98,16.11,16.94,65906409,1098654586.83,97084
20240614,2385,4.3,4.29,4.3,4.16,4.21,77018079,325117894.84,40226
20240614,2386,4.06,4.04,4.06,3.99,4.04,10089569,40524004.38,8422
20240614,2387,6.43,6.4,6.45,6.34,6.4,9045245,57864061.51,13667
20240614,2388,3.33,3.33,3.36,3.26,3.32,9037800,29949861.0,12509
20240614,2389,15.08,15.02,15.04,14.57,14.75,15691824,231031169.05,16980
20240614,2390,3.53,3.52,3.52,3.43,3.46,16693650,57898578.5,16540
20240614,2391,4.72,4.72,4.78,4.66,4.77,2085338,9899007.84,3158
20240614,2392,3.23,3.23,3.26,3.21,3.25,8530613,27672707.12,10378
20240614,2393,16.6,16.61,16.61,16.23,16.5,1616780,26526191.2,4788
20240614,2394,6.35,6.31,6.36,6.29,6.34,1625200,10281468.0,2999
20240614,2395,16.58,16.59,17.49,16.1,17.29,28354372,480288379.3,39347
20240614,2396,13.76,13.76,13.98,13.6,13.92,5124907,70648401.33,12653
20240614,2397,2.12,2.12,2.14,2.07,2.08,7554300,15831652.0,6752
20240614,2398,3.77,3.77,3.81,3.73,3.78,3600286,13556360.84,5531
20240614,2399,9.48,9.48,9.53,9.24,9.34,8549800,80229314.36,19389
20240614,2400,5.02,5.01,5.09,5.0,5.07,39261921,198818006.26,19124
20240614,2401,15.28,15.33,15.38,15.11,15.3,3960714,60401449.4,5906
20240614,2402,10.96,10.94,11.16,10.75,11.16,17247456,188578102.86,25788
20240614,2403,6.88,6.93,6.93,6.77,6.87,3778200,25799625.0,7693
20240614,2404,5.56,5.57,5.62,5.49,5.59,5295346,29532905.42,7432
20240614,2405,6.42,6.4,6.58,6.3,6.51,33143129,213453132.5,28250
20240614,2406,5.06,5.05,5.1,4.99,5.08,6315400,31963524.0,8387
20240614,2407,13.32,13.3,13.44,13.12,13.16,17464408,231481425.12,23900
20240614,2408,5.81,5.76,5.79,5.59,5.68,44023134,249083182.61,39441
20240614,2409,63.4,63.06,65.09,62.58,64.01,12405360,792035431.92,39101
20240614,2410,10.96,10.93,10.97,10.71,10.9,22836730,247612907.33,36715
20240614,2412,5.44,5.45,5.49,5.37,5.45,5859750,31828220.7,9869
20240614,2413,3.7,3.69,3.72,3.65,3.71,16079375,59204446.0,10281
20240614,2414,6.45,6.42,6.44,6.28,6.4,21480189,136678168.59,30533
20240614,2415,32.48,32.4,33.1,32.32,32.93,22206427,728399141.85,50161
20240614,2416,9.76,9.76,9.95,9.61,9.92,9499754,93361194.16,16346
20240614,2418,1.96,1.96,2.0,1.93,1.98,10742768,21188160.6,5350
20240614,2419,4.47,4.47,4.5,4.43,4.5,4143700,18509115.0,4031
20240614,2420,4.52,4.51,4.56,4.43,4.49,5944701,26669891.47,9480
20240614,2421,2.43,2.42,2.47,2.4,2.46,18387029,44765718.47,12392
20240614,2422,32.19,32.1,32.67,31.73,32.36,38011192,1229055487.36,91669
20240614,2423,7.59,7.55,7.83,7.55,7.8,32834332,253503605.51,30901
20240614,2424,3.63,3.59,3.7,3.57,3.63,26114246,95171410.95,8030
20240614,2425,2.9,2.9,2.92,2.83,2.88,19270589,55333825.56,7543
20240614,2426,1.55,1.54,1.56,1.52,1.54,19970602,30700188.53,8558
20240614,2427,3.27,3.27,3.33,3.22,3.31,6677984,21938266.65,5695
20240614,2428,9.5,9.46,9.59,9.34,9.55,9599106,90978306.6,12668
20240614,2429,4.91,4.9,4.98,4.86,4.95,27379767,134393511.32,36368
20240614,2430,24.45,24.3,24.63,24.15,24.6,3442012,83933752.58,12311
20240614,2431,1.61,1.6,1.63,1.59,1.62,6668000,10740176.81,2618
20240614,2432,41.55,41.35,41.54,40.86,40.86,6298451,258303654.25,14480
20240614,2434,5.19,5.11,5.18,5.08,5.16,7191154,36895207.02,9464
20240614,2436,11.19,11.06,11.65,10.87,11.47,101764407,1149521610.07,80869
20240614,2437,1.83,1.83,1.84,1.8,1.83,15531230,28320139.6,5796
20240614,2438,12.13,12.19,12.21,12.04,12.09,6627200,80257607.0,9721
20240614,2439,18.06,18.06,18.46,17.97,18.39,10579706,193229527.08,17798
20240614,2440,5.89,5.89,5.9,5.79,5.79,10191650,59453476.28,14565
20240614,2441,8.14,8.14,8.3,8.06,8.18,3996002,32788183.34,9118
20240614,2442,4.53,4.53,4.58,4.48,4.57,6040583,27463140.84,8612
20240614,2443,5.58,5.55,5.63,5.54,5.62,2990194,16723317.58,3799
20240614,2444,26.23,26.1,26.45,25.9,26.1,6017326,157355119.19,19798
20240614,2445,1.76,1.75,1.79,1.73,1.74,37802928,66274953.5,9836
20240614,2446,5.9,5.87,5.9,5.76,5.9,20050097,117056636.29,22316
20240614,2448,5.98,5.97,5.98,5.88,5.94,6109300,36212303.0,9749
20240614,2449,7.15,7.17,7.25,7.09,7.22,6972216,50163729.16,14015
20240614,2451,5.1,5.1,5.32,5.03,5.24,8184600,42702702.0,10379
20240614,2452,7.45,7.42,7.6,7.34,7.58,13552579,101896413.46,15219
20240614,2453,4.9,4.85,4.95,4.74,4.8,19353632,93402917.6,26597
20240614,2454,5.64,5.66,5.74,5.58,5.72,4136545,23477597.6,8004
20240614,2455,10.49,10.58,10.68,10.08,10.33,66880909,689288349.26,80184
20240614,2456,7.92,7.86,8.05,7.78,8.04,102291262,811920152.7,74242
20240614,2457,7.72,7.7,7.91,7.65,7.85,6402800,50129288.0,4477
20240614,2458,9.14,9.14,9.31,9.04,9.15,13262972,121758828.14,12610
20240614,2459,13.71,13.73,14.39,13.45,13.89,103700132,1457011800.71,96192
20240614,2460,31.68,31.64,31.75,30.98,31.55,16563304,517687091.77,32469
20240614,2461,7.91,7.88,7.99,7.85,7.99,4857300,38536747.0,10661
20240614,2462,11.39,11.37,11.48,11.29,11.38,2188230,24884614.74,5044
20240614,2463,34.42,34.28,37.86,34.28,37.06,88033239,3207444161.5,170103
20240614,2465,10.67,10.66,10.71,10.53,10.66,26084785,277020545.22,37866
20240614,2466,32.72,32.7,32.72,31.91,32.56,30364108,978891155.85,61168
20240614,2467,3.44,3.44,3.48,3.39,3.48,15055813,51916759.89,16677
20240614,2468,8.94,8.92,9.12,8.77,9.04,21594587,193685393.15,38154
20240614,2469,5.8,5.78,5.87,5.74,5.85,6235480,36229664.2,10617
20240614,2470,1.4,1.4,1.43,1.39,1.41,10997700,15519952.0,1912
20240614,2471,2.07,2.08,2.11,2.04,2.08,24745184,51646413.2,12430
20240614,2472,23.38,23.3,23.46,22.71,23.2,12504846,288429953.14,28042
20240614,2474,4.44,4.47,4.52,4.39,4.5,7914553,35320686.38,12537
20240614,2475,33.23,33.2,34.69,33.16,34.35,101763049,3473393693.01,167231
20240614,2476,3.61,3.61,3.66,3.55,3.64,6444400,23278438.0,9008
20240614,2478,5.22,5.23,5.28,5.21,5.26,5286422,27742115.28,6384
20240614,2479,3.7,3.69,3.75,3.66,3.7,6396500,23703765.0,6372
20240614,2480,3.19,3.17,3.23,3.14,3.19,4147900,13218417.0,5982
20240614,2481,4.23,4.25,4.25,4.15,4.19,10571400,44336790.0,12340
20240614,2482,1.97,1.94,1.98,1.92,1.97,14666925,28675112.5,1141
20240614,2483,4.49,4.5,4.53,4.42,4.45,12125700,54076003.68,18721
20240614,2484,14.19,14.17,14.33,14.0,14.31,5620963,79725778.12,12116
20240614,2485,2.91,2.86,2.93,2.86,2.91,1065100,3096982.0,246
20240614,2486,1.58,1.58,1.6,1.54,1.57,10864900,17052674.0,5385
20240614,2487,23.67,23.51,23.8,23.38,23.62,4360596,102946431.31,14429
20240614,2488,4.62,4.61,4.66,4.54,4.63,7848974,36201585.16,14120
20240614,2489,2.47,2.48,2.5,2.44,2.48,13300733,32907731.01,11474
20240614,2490,1.84,1.82,1.86,1.79,1.84,7251770,13238002.1,1416
20240614,2491,3.56,3.56,3.62,3.49,3.6,5862440,20955306.0,7781
20240614,2492,4.52,4.5,4.55,4.43,4.5,3635100,16346851.0,4620
20240614,2493,9.61,9.56,9.67,9.52,9.65,21233967,203942837.55,31720
20240614,2494,3.28,3.28,3.36,3.22,3.33,8365400,27608444.0,8771
20240614,2495,1.46,1.45,1.47,1.41,1.44,19219400,27561609.0,10484
20240614,2496,2.93,3.04,3.04,2.64,2.64,96297400,266685009.22,14320
20240614,2497,9.68,9.66,9.67,9.42,9.6,13583740,129469160.01,20517
20240614,2498,3.47,3.46,3.55,3.44,3.5,17743260,62095289.62,17910
20240614,2500,4.89,4.9,5.0,4.86,4.97,26726196,131732241.26,22751
20240614,2501,1.07,1.07,1.14,1.06,1.11,80466250,88769312.5,10088
20240614,2506,2.16,2.15,2.19,2.12,2.17,66304943,143378168.31,26980
20240614,2507,13.37,13.34,13.45,13.22,13.33,8604634,114797207.91,19636
20240614,2508,23.68,23.56,24.19,23.56,24.11,5702761,136981406.79,14116
20240614,2510,3.59,3.59,3.65,3.56,3.65,8462300,30632808.0,5877
20240614,2511,7.42,7.41,7.55,7.19,7.5,25634969,189196301.65,34294
20240614,2512,3.61,3.61,3.65,3.55,3.64,10681337,38581510.31,9662
20240614,2513,3.56,3.61,3.61,3.47,3.56,2988445,10581844.4,3319
20240614,2514,4.58,4.58,4.66,4.48,4.6,7611500,34970209.0,11152
20240614,2515,3.98,3.99,4.02,3.94,3.98,5873113,23353803.52,6985
20240614,2516,3.82,3.81,3.84,3.77,3.83,5793024,22018324.68,8446
20240614,2517,10.66,10.8,10.82,10.45,10.67,35243829,373985438.0,56763
20240614,2518,19.59,19.5,19.75,19.31,19.71,3341721,65434101.79,9756
20240614,2519,5.17,5.17,5.22,5.1,5.2,14831013,76455027.89,22217
20240614,2520,3.83,3.85,3.86,3.78,3.8,12259350,46843251.0,10782
20240614,2521,12.14,12.14,12.24,11.89,12.13,6519700,78889715.99,7295
20240614,2522,3.4,3.42,3.42,3.34,3.4,7330701,24757260.39,7534
20240614,2523,2.5,2.5,2.52,2.47,2.51,9141613,22818390.26,4729
20240614,2524,3.35,3.37,3.4,3.26,3.38,7015450,23568835.5,8777
20240614,2526,2.51,2.52,2.59,2.51,2.57,54659679,139462482.77,17484
20240614,2527,6.35,6.38,6.38,6.16,6.25,6477400,40411941.0,10847
20240614,2528,2.44,2.36,2.42,2.32,2.32,52829452,123767295.08,13291
20240614,2529,5.77,5.78,5.81,5.58,5.69,6297500,35814360.02,8356
20240614,2530,6.94,7.0,7.63,6.88,7.31,31602110,234536667.0,19729
20240614,2531,10.15,10.11,10.21,9.97,10.14,11046657,111209711.98,20540
20240614,2532,7.85,7.89,8.0,7.8,7.91,51713860,409157878.91,67726
20240614,2533,10.0,9.95,10.25,9.9,10.08,18088343,182434340.55,26462
20240614,2534,10.84,10.84,10.89,10.67,10.81,3280740,35349009.6,12376
20240614,2535,2.89,2.88,2.91,2.84,2.87,9900068,28445519.48,8847
20240614,2536,10.09,10.11,10.12,9.91,10.08,7539950,75660585.5,13633
20240614,2537,5.06,5.11,5.17,5.0,5.14,12766045,64969448.4,17967
20240614,2538,4.79,4.75,4.85,4.75,4.83,8248716,39776061.28,8548
20240614,2539,7.59,7.58,7.66,7.42,7.65,18187860,136841950.8,25629
20240614,2540,5.49,5.45,5.51,5.44,5.49,5464600,29945495.0,11332
20240614,2541,17.54,17.45,18.02,17.08,17.98,6210529,109121818.29,16961
20240614,2542,1.88,2.01,2.02,1.93,1.94,25880500,51092340.0,6245
20240614,2543,10.75,10.75,10.9,10.65,10.84,3165479,34209913.4,9732
20240614,2544,19.78,19.61,19.88,19.48,19.74,6176100,121329576.0,17936
20240614,2545,7.0,6.98,7.15,6.96,7.08,11280100,79459830.0,20142
20240614,2546,3.33,3.38,3.45,3.3,3.39,14578503,49524116.23,12958
20240614,2547,2.71,2.72,2.74,2.66,2.73,11066765,30077747.15,10998
20240614,2548,4.13,4.13,4.22,4.09,4.18,11358616,47203913.3,9070
20240614,2549,5.83,5.84,5.84,5.66,5.77,6366160,36652776.4,16441
20240614,2550,5.46,5.45,5.47,5.38,5.44,8286400,44996920.0,16604
20240614,2551,2.5,2.5,2.52,2.45,2.49,6474600,16044822.0,6592
20240614,2552,13.2,13.23,13.27,13.0,13.18,1959200,25720561.0,4964
20240614,2553,9.85,9.85,9.85,9.63,9.73,3864300,37514164.0,7400
20240614,2554,2.29,2.28,2.3,2.25,2.29,8010600,18299210.0,4523
20240614,2555,14.02,14.05,14.19,13.96,14.09,32084167,450995551.44,43322
20240614,2556,4.41,4.39,4.49,4.35,4.44,22909825,101358986.5,18263
20240614,2557,29.81,30.11,30.26,29.22,30.06,6665382,197531738.03,26915
20240614,2558,10.23,10.24,10.34,10.18,10.32,22996767,236125205.77,29694
20240614,2559,8.28,8.27,8.27,8.04,8.12,22776500,184533741.0,34228
20240614,2560,5.66,5.62,6.0,5.6,5.72,8365684,48570439.36,9822
20240614,2561,7.34,7.35,7.42,7.26,7.42,3157501,23254886.32,2491
20240614,2562,2.98,2.98,3.0,2.7,2.85,34077962,96061232.01,14319
20240614,2563,6.19,6.12,6.19,6.02,6.15,21153352,129309181.95,37697
20240614,2564,3.93,3.9,3.95,3.84,3.94,14603402,57005707.82,2231
20240614,2565,2.5,2.51,2.52,2.47,2.5,9312000,23199046.0,10883
20240614,2566,6.39,6.38,6.38,6.26,6.28,2918590,18383843.6,6669
20240614,2567,6.06,6.02,6.2,5.88,6.08,67095381,404674175.73,52303
20240614,2568,19.41,19.35,19.43,18.81,19.39,8734864,167280768.76,17633
20240614,2569,6.41,6.41,6.73,6.15,6.25,6333550,41152618.0,3201
20240614,2570,2.59,2.57,2.63,2.56,2.62,14536400,37804511.08,10640
20240614,2571,3.93,3.93,3.93,3.82,3.9,4579800,17837040.0,8328
20240614,2572,16.9,16.8,17.23,16.6,17.1,10485186,177824233.36,26727
20240614,2573,4.13,4.13,4.16,4.07,4.08,10223390,41829076.2,13257
20240614,2574,4.51,4.51,4.54,4.43,4.52,3781844,17003120.24,5290
20240614,2575,5.07,5.0,5.27,4.87,4.89,5079500,25083949.0,6858
20240614,2576,11.81,11.6,11.93,11.58,11.78,2218500,26131085.0,4873
20240614,2577,12.58,12.55,12.64,12.41,12.59,2525600,31640609.0,7274
20240614,2578,2.7,2.68,2.73,2.66,2.72,8610800,23324704.0,4683
20240614,2579,8.18,7.95,8.12,7.78,8.03,48215508,383587357.39,45235
20240614,2580,6.43,6.4,6.51,6.36,6.47,4273700,27558014.0,7103
20240614,2581,10.2,10.14,10.2,9.99,10.16,2907209,29344589.16,7606
20240614,2582,5.65,5.62,5.7,5.56,5.63,3418006,19244640.66,6448
20240614,2583,3.92,3.94,3.99,3.86,3.98,24998800,98520092.0,29649
20240614,2584,6.07,6.11,6.14,5.98,6.03,14394600,86549450.0,18754
20240614,2585,5.61,5.59,5.62,5.5,5.57,6716221,37301626.44,11350
20240614,2586,1.7,1.69,1.79,1.62,1.63,15278502,26225726.48,1961
20240614,2587,5.47,5.46,5.6,5.41,5.57,12628819,69721002.07,13998
20240614,2588,6.69,6.65,7.34,6.63,7.22,39919527,281002618.8,40090
20240614,2589,2.31,2.3,2.34,2.27,2.31,12696900,29243233.0,8918
20240614,2590,13.59,13.63,13.71,13.38,13.68,13012676,176704158.48,21983
20240614,2591,3.87,3.85,3.88,3.78,3.84,6129200,23485551.0,7618
20240614,2592,4.38,4.27,4.38,4.25,4.31,2183100,9417887.0,821
20240614,2593,2.77,2.77,2.81,2.73,2.78,7550700,20892144.0,7362
20240614,2594,252.99,251.48,253.93,246.53,253.05,20260976,5066109116.72,95091
20240614,2595,38.34,38.1,38.27,37.6,37.76,2523214,95417550.64,11113
20240614,2596,1.48,1.46,1.51,1.44,1.49,10310301,15284464.49,4418
20240614,2597,20.44,20.4,20.63,20.01,20.46,4892271,99538904.62,16805
20240614,2598,7.65,7.64,7.7,7.56,7.63,1996748,15226512.44,4548
20240614,2599,5.26,5.39,5.56,5.27,5.42,18929556,102598155.0,14051
20240614,2600,5.2,5.18,5.24,5.05,5.12,194948838,998225784.11,98834
20240614,2601,20.32,19.57,19.57,18.29,18.68,75884933,1408404625.52,112213
20240614,2602,3.67,3.66,3.72,3.63,3.67,54924680,201234619.6,29255
20240614,2603,17.24,17.2,17.29,16.95,17.02,12149840,207505990.4,17127
20240614,2605,22.75,22.86,23.08,22.46,22.75,5347400,121819859.0,10502
20240614,2606,7.06,7.09,7.4,7.01,7.29,9208500,66782978.0,9922
20240614,2607,1.89,1.9,1.95,1.83,1.85,276939678,519070540.58,58460
20240614,2608,7.97,7.92,8.03,7.84,7.88,16378316,129932103.08,25862
20240614,2609,7.85,7.91,7.92,7.76,7.9,3790500,29777261.0,7554
20240614,2611,5.47,5.46,5.49,5.41,5.47,20259960,110306767.6,13739
20240614,2612,15.37,15.32,15.45,15.2,15.37,3350236,51299082.16,8964
20240614,2613,3.65,3.66,3.7,3.62,3.65,6042625,22053327.27,8321
20240614,2614,5.91,5.9,5.92,5.86,5.91,3271352,19281445.74,2197
20240614,2615,6.48,6.48,6.54,6.41,6.51,5989700,38758008.0,9246
20240614,2616,4.56,4.55,4.6,4.45,4.51,8769300,39642365.0,11199
20240614,2617,5.2,5.18,5.22,5.12,5.18,18173092,93945107.29,17872
20240614,2620,2.61,2.64,2.66,2.56,2.65,6691300,17613149.0,6385
20240614,2622,1.5,1.52,1.52,1.46,1.47,12060360,17858314.2,7826
20240614,2623,17.92,17.92,18.02,17.68,17.88,628900,11236961.0,2283
20240614,2624,8.52,8.49,8.62,8.46,8.6,15619352,133688902.12,17063
20240614,2625,18.37,18.29,18.34,18.05,18.18,17693996,321537201.56,28684
20240614,2626,13.74,13.7,13.82,13.52,13.81,2973519,40666786.39,7488
20240614,2627,4.76,4.75,4.85,4.74,4.75,7249750,34778522.0,3714
20240614,2628,2.05,2.05,2.07,2.02,2.06,7072600,14493751.0,3309
20240614,2629,1.84,1.84,1.86,1.78,1.81,8344800,15169126.0,5148
20240614,2630,2.24,2.23,2.26,2.2,2.24,12347868,27544066.64,6350
20240614,2631,3.84,3.81,3.87,3.72,3.83,3687043,14025515.26,7412
20240614,2632,7.77,7.95,8.31,7.83,7.91,78084986,625592276.2,78696
20240614,2633,6.02,6.01,6.05,5.81,5.95,3268850,19392242.5,4287
20240614,2634,4.05,4.09,4.09,3.99,4.02,1665975,6704218.5,3033
20240614,2635,15.03,14.99,15.24,14.86,15.2,10317344,155851697.32,22075
20240614,2636,6.59,6.53,6.85,6.46,6.7,13083349,87540835.42,22137
20240614,2637,8.93,8.93,8.96,8.74,8.78,3292600,29107277.0,4683
20240614,2638,1.61,1.61,1.63,1.6,1.61,8272300,13338719.0,4320
20240614,2639,5.26,5.27,5.3,5.21,5.27,5075355,26665131.81,4232
20240614,2640,1.72,1.71,1.72,1.66,1.69,41121900,69225456.0,12233
20240614,2641,4.06,4.04,4.08,4.02,4.07,5582756,22656985.13,5910
20240614,2642,5.36,5.36,5.44,5.28,5.41,8914550,47943142.0,15097
20240614,2643,11.14,11.12,11.15,10.81,11.13,10634713,116870378.88,21266
20240614,2644,6.95,6.95,6.95,6.83,6.93,2067600,14246864.0,4494
20240614,2645,7.24,7.29,7.31,7.03,7.22,10331310,74470812.2,25969
20240614,2646,10.98,10.98,11.14,10.84,11.1,4473236,49113487.39,12341
20240614,2647,3.54,3.54,3.79,3.47,3.66,16790483,61241569.61,14897
20240614,2648,17.99,17.92,18.1,17.82,17.97,12414840,222588233.05,23852
20240614,2649,8.16,8.16,8.24,8.07,8.22,7080767,57855637.73,12139
20240614,2650,1.77,1.83,1.86,1.77,1.86,20368600,37512305.0,2940
20240614,2651,5.79,5.77,5.77,5.63,5.7,5973000,33988438.0,10976
20240614,2652,2.34,2.33,2.43,2.28,2.4,17454992,41157822.48,5759
20240614,2653,33.16,33.0,33.3,32.45,33.2,3355741,110552696.62,13802
20240614,2654,12.38,12.1,12.63,11.97,12.33,132067838,1636941445.68,151595
20240614,2655,10.8,10.8,11.41,10.65,11.39,31408063,348189887.46,41671
20240614,2656,1.07,1.05,1.07,1.04,1.05,2344297,2464928.85,265
20240614,2657,11.78,11.81,11.93,11.61,11.86,5456100,64270748.0,9637
20240614,2658,5.44,5.47,5.51,5.35,5.43,2052831,11141955.31,3795
20240614,2659,3.43,3.4,3.5,3.39,3.43,5936100,20420929.0,8538
20240614,2660,7.56,7.58,7.67,7.45,7.64,4633600,35146778.0,9388
20240614,2661,7.8,7.85,7.88,7.72,7.85,2354100,18383788.0,6097
20240614,2662,3.0,2.99,3.04,2.96,3.02,12139300,36552592.0,12899
20240614,2663,1.28,1.28,1.31,1.27,1.3,7164972,9277827.19,1818
20240614,2664,12.79,13.13,13.28,12.49,12.69,6127500,77791477.82,17910
20240614,2666,3.73,3.74,3.76,3.69,3.74,5996800,22368964.0,10503
20240614,2667,5.45,5.54,5.54,5.29,5.34,3847700,20618393.0,8188
20240614,2668,9.64,9.55,9.98,9.55,9.89,32425670,318720350.14,40098
20240614,2669,8.94,8.84,8.85,8.58,8.68,8855100,76869777.0,12733
20240614,2670,9.11,9.09,9.33,8.88,9.22,68330234,623678986.32,65713
20240614,2671,3.5,3.5,3.58,3.45,3.56,5821600,20604738.0,6587
20240614,2672,3.88,3.88,3.95,3.82,3.84,3074150,11881826.5,4685
20240614,2673,6.46,6.46,6.62,6.42,6.57,50966395,332350696.31,26134
20240614,2674,10.59,10.58,10.68,10.45,10.68,760971,8036717.92,2429
20240614,2675,13.2,13.18,13.24,12.89,13.18,11477499,149879154.61,16830
20240614,2676,5.04,5.14,5.2,4.54,4.61,79917250,376175900.86,32448
20240614,2677,8.68,8.67,8.72,8.57,8.67,3228326,27915598.0,7527
20240614,2678,3.78,3.76,3.81,3.72,3.78,2408160,9083578.8,5384
20240614,2679,7.33,7.32,7.43,7.22,7.36,1927000,14138740.0,3596
20240614,2681,3.71,3.7,3.75,3.65,3.71,25637569,95083366.19,16027
20240614,2682,3.68,3.71,3.74,3.62,3.68,9567700,35257128.0,9898
20240614,2683,20.97,20.81,21.12,20.74,21.02,2728080,57065929.3,9905
20240614,2685,2.39,2.4,2.42,2.35,2.4,7396983,17715059.2,5536
20240614,2686,4.2,4.25,4.26,4.12,4.23,4823200,20338129.0,9082
20240614,2687,4.27,4.27,4.32,4.2,4.3,4288670,18353376.68,5600
20240614,2688,3.69,3.69,3.77,3.65,3.75,8390200,31160546.0,14210
20240614,2689,2.34,2.33,2.34,2.27,2.3,12218949,28203040.2,10228
20240614,2690,16.95,16.92,16.98,16.56,16.8,4430032,74203779.11,11871
20240614,2691,4.56,4.56,4.63,4.43,4.53,3657210,16642028.1,6415
20240614,2692,3.51,3.52,3.57,3.43,3.53,4436900,15653878.0,7374
20240614,2693,4.69,4.67,4.7,4.6,4.67,3814100,17702041.0,5619
20240614,2694,3.9,3.9,3.93,3.79,3.91,2773720,10779936.4,3795
20240614,2695,7.06,7.08,7.1,6.95,7.09,2012100,14164693.0,5089
20240614,2696,4.15,4.15,4.18,4.08,4.14,3918000,16185843.0,5304
20240614,2697,4.92,4.92,4.96,4.87,4.93,8995800,44254441.93,16633
20240614,2698,13.91,13.83,13.91,13.45,13.67,11287379,153497721.19,18547
20240614,2700,6.34,6.38,6.5,6.28,6.44,4887300,31377119.0,1313
20240614,2701,4.38,4.35,4.36,4.27,4.35,19954824,86264774.92,19634
20240614,2702,3.68,3.69,3.72,3.64,3.68,6453250,23758437.0,7055
20240614,2703,11.47,11.42,11.68,11.33,11.54,7644036,87666962.82,8847
20240614,2705,14.68,14.84,15.26,14.69,15.25,6165400,92686359.15,17573
20240614,2706,7.52,7.52,7.7,7.46,7.66,14442278,109795006.48,21438
20240614,2707,6.07,6.07,6.17,6.02,6.14,12996777,79399416.78,8017
20240614,2708,7.43,7.42,7.55,7.3,7.5,11914300,88643771.11,13594
20240614,2709,18.76,18.71,19.1,18.42,19.07,22640176,424511232.76,34437
20240614,2712,4.72,4.68,4.79,4.58,4.73,29518570,138169889.3,24679
20240614,2713,2.49,2.5,2.51,2.41,2.46,10429540,25679934.0,10533
20240614,2714,44.48,44.4,45.16,43.52,45.03,43396136,1927073596.26,94202
20240614,2715,12.34,12.28,12.79,12.03,12.71,2127874,26715946.32,5239
20240614,2716,3.43,3.38,3.42,3.33,3.42,37942362,128510557.62,14502
20240614,2717,1.1,1.08,1.1,1.05,1.08,48804468,52551095.77,9718
20240614,2718,10.83,10.78,10.89,10.58,10.72,997955,10692569.95,2446
20240614,2719,6.17,6.2,6.36,6.15,6.25,4682800,29156221.0,3977
20240614,2721,2.45,2.44,2.51,2.38,2.49,5482425,13540623.0,932
20240614,2722,11.81,11.89,11.89,11.64,11.71,1328300,15589982.0,5814
20240614,2723,7.65,7.61,7.78,7.48,7.76,4569200,34951773.0,5301
20240614,2724,4.98,4.95,5.02,4.86,4.99,6772934,33606420.66,14389
20240614,2725,8.56,8.5,8.61,8.4,8.6,2878560,24654274.8,4003
20240614,2726,6.71,6.67,6.74,6.63,6.71,9388126,62653867.3,5408
20240614,2727,16.82,16.84,16.93,16.37,16.7,12981400,216039623.0,38341
20240614,2728,8.35,8.35,8.39,8.27,8.38,4891440,40731239.24,5935
20240614,2729,9.93,10.0,10.0,9.71,9.89,3355400,33135962.9,8501
20240614,2730,6.78,6.75,6.94,6.68,6.87,3838760,26284290.4,8676
20240614,2731,8.82,8.82,8.85,8.7,8.84,1530700,13463346.0,3173
20240614,2732,15.03,15.04,15.4,14.94,15.32,1041110,15799076.43,1784
20240614,2733,11.25,11.22,11.26,11.04,11.23,1847917,20659959.06,3257
20240614,2734,7.05,6.94,7.14,6.93,7.12,2699900,19036595.0,2818
20240614,2735,10.96,10.9,11.0,10.82,10.93,3025940,33031160.8,5458
20240614,2736,9.62,9.6,9.81,9.38,9.38,165814005,1591841314.68,81880
20240614,2737,27.74,27.74,28.1,27.21,27.6,7042945,194237639.67,22553
20240614,2738,29.04,29.02,29.69,28.6,29.58,18897525,552548905.56,36760
20240614,2739,12.5,12.49,12.63,12.38,12.6,15315754,191578272.9,25616
20240614,2741,10.1,10.07,10.07,9.87,9.97,5175044,51505575.68,13777
20240614,2742,1.53,1.61,1.61,1.58,1.61,8575250,13798108.5,460
20240614,2743,3.79,3.77,3.82,3.74,3.77,4495000,16984134.0,3714
20240614,2745,8.22,8.21,8.24,8.12,8.17,11190900,91365597.0,24526
20240614,2746,5.94,5.91,6.03,5.84,5.97,7477029,44334823.15,8214
20240614,2747,15.83,15.84,15.89,15.38,15.56,16523781,256535293.38,27006
20240614,2748,5.5,5.48,5.55,5.45,5.52,2579500,14178456.0,854
20240614,2749,17.69,17.59,17.69,17.2,17.44,3651358,63569835.82,9324
20240614,2752,5.32,5.36,5.45,5.27,5.39,9620800,51719565.0,20162
20240614,2753,6.11,6.1,6.14,6.02,6.07,2002100,12162196.0,5448
20240614,2755,10.04,10.0,10.13,9.9,10.0,2116250,21213192.5,8135
20240614,2756,42.46,42.2,42.85,41.02,42.6,6482156,271034614.93,20437
20240614,2757,12.29,12.31,12.37,12.15,12.32,3235602,39675663.06,7332
20240614,2758,8.41,8.44,8.48,8.36,8.48,1314202,11087369.82,1613
20240614,2759,8.25,8.27,8.28,8.1,8.18,2463507,20117694.12,4104
20240614,2760,13.91,13.94,14.04,13.66,13.92,509000,7069360.32,1788
20240614,2761,8.38,8.34,8.59,8.28,8.5,28661495,243103624.75,28579
20240614,2762,5.35,5.39,5.39,5.26,5.37,2661275,14180742.75,3450
20240614,2763,6.86,6.85,6.91,6.77,6.89,1592700,10920904.0,3699
20240614,2765,4.93,4.94,4.96,4.8,4.95,6959900,34091983.0,13545
20240614,2766,3.95,3.95,4.24,3.85,4.08,20873690,84029434.0,20411
20240614,2767,13.39,14.73,14.73,14.15,14.73,26356348,386802984.54,27435
20240614,2768,21.06,21.12,21.12,20.77,20.95,2626056,54975586.44,11040
20240614,2769,5.35,5.31,5.48,5.25,5.34,6493200,34708627.0,10278
20240614,2771,16.88,16.8,17.29,16.55,17.23,9586700,163277117.0,17110
20240614,2772,6.16,6.14,6.24,6.1,6.2,3389700,21011255.0,4188
20240614,2773,22.56,22.5,22.56,22.17,22.39,6868745,153358934.83,20670
20240614,2774,6.35,6.35,6.39,6.28,6.34,1931800,12272950.0,5058
20240614,2775,1.99,1.99,2.0,1.91,1.95,5766552,11308583.04,3798
20240614,2777,16.05,16.1,16.29,15.86,16.25,5420400,87324604.09,15502
20240614,2778,11.05,11.05,11.25,10.84,11.05,1466400,16168195.0,2961
20240614,2779,33.48,33.4,33.5,32.18,32.42,1926050,62917051.0,6340
20240614,2780,9.36,9.36,9.36,9.12,9.3,2218600,20595879.44,3794
20240614,2782,11.15,11.25,11.35,11.03,11.34,4389000,49254156.0,12033
20240614,2783,7.53,7.5,7.56,7.44,7.54,2886290,21681926.1,3365
20240614,2785,25.97,25.91,25.99,24.72,25.57,5169800,130973239.05,6453
20240614,2786,8.29,8.29,8.3,8.09,8.21,9547200,78102477.0,18907
20240614,2787,6.92,6.95,6.99,6.76,6.82,3389414,23178473.7,7363
20240614,2788,8.0,7.97,8.04,7.86,7.98,4332990,34450603.68,6836
20240614,2789,8.59,8.59,8.73,8.41,8.68,1427700,12258273.0,2815
20240614,2790,10.5,10.49,10.58,10.29,10.5,3804436,39707551.84,9166
20240614,2791,33.0,33.0,34.17,32.32,33.81,3784611,126624057.98,15393
20240614,2792,14.19,14.09,14.55,14.09,14.49,9726059,140149460.32,15856
20240614,2793,4.4,4.43,4.43,4.22,4.26,10117700,43400439.0,8099
20240614,2795,3.89,3.93,3.94,3.8,3.9,5559316,21497067.56,6121
20240614,2796,7.99,8.05,8.2,7.82,8.15,6407526,51708218.2,11011
20240614,2797,5.24,5.23,5.37,5.18,5.31,46336993,244413674.19,27444
20240614,2798,3.43,3.48,3.48,3.33,3.44,4971200,16953343.0,6550
20240614,2799,6.27,6.33,6.33,6.16,6.27,2173760,13574478.0,6471
20240614,2800,15.28,15.12,15.15,14.55,14.61,2554800,37771466.0,2283
20240614,2801,20.97,21.27,21.27,20.76,21.0,909999,19123198.0,4761
20240614,2802,9.24,9.24,9.26,9.06,9.21,1884888,17308866.84,2771
20240614,2803,12.5,12.5,12.52,12.34,12.45,3778883,46947347.35,5913
20240614,2805,11.0,11.18,11.8,11.05,11.3,9714702,110625074.8,14270
20240614,2806,7.86,7.78,8.0,7.62,7.83,4115700,32241132.0,9318
20240614,2807,3.78,3.79,3.83,3.75,3.82,24617629,93538186.82,19844
20240614,2808,1.67,1.65,1.7,1.59,1.66,9786824,16161438.36,1677
20240614,2809,7.33,7.37,7.37,7.15,7.29,1566800,11397778.0,3215
20240614,2810,13.54,13.54,13.59,13.3,13.38,2458420,32904415.7,5232
20240614,2811,6.72,6.65,6.86,6.54,6.83,5881300,39637545.0,10807
20240614,2812,36.4,36.07,36.5,35.6,36.13,10699733,384675916.0,26865
20240614,2813,26.69,26.69,27.13,26.3,26.6,1529399,40727579.92,4127
20240614,2815,9.01,8.91,9.75,8.76,9.68,89243124,830702321.9,79693
20240614,2816,10.82,10.6,10.8,10.48,10.7,805000,8561836.0,489
20240614,2817,5.57,5.58,5.58,5.46,5.57,2982232,16502909.82,5863
20240614,2818,13.03,13.08,13.08,12.85,13.02,1709466,22154458.42,6152
20240614,2819,22.26,22.19,22.22,21.8,22.08,1583480,34913516.9,3617
20240614,2820,7.76,7.76,7.82,7.67,7.73,2681020,20744269.0,5433
20240614,2821,76.51,76.01,76.01,74.31,75.08,4383153,329256641.18,19697
20240614,2822,1.16,1.13,1.15,1.1,1.1,41770564,46575793.92,3760
20240614,2823,10.53,10.58,10.71,10.41,10.66,3935800,41814922.35,11613
20240614,2824,13.45,13.4,13.43,13.23,13.39,1419287,18912481.8,4162
20240614,2825,6.55,6.55,6.62,6.45,6.57,2476303,16200890.89,5862
20240614,2826,8.25,8.25,8.29,8.11,8.17,3104100,25414729.0,8966
20240614,2827,19.93,19.95,20.2,19.83,19.95,4279000,85503831.0,12539
20240614,2828,8.6,8.51,9.42,8.46,8.94,19316360,173039048.0,16239
20240614,2829,14.4,14.37,14.4,14.09,14.33,3609320,51276642.8,9140
20240614,2830,10.29,10.29,11.32,9.95,10.18,6967500,73520046.0,11506
20240614,2831,25.91,25.76,26.33,25.72,26.23,1915072,49979875.61,8960
20240614,2832,28.7,28.74,28.92,28.42,28.89,2118270,60706288.7,9097
20240614,2833,19.92,19.91,19.97,19.71,19.84,1475732,29243322.4,5997
20240614,2835,16.91,16.97,17.14,16.81,17.13,3545800,60413220.0,11148
20240614,2836,6.03,6.04,6.07,5.89,6.03,1996636,11980691.4,4769
20240614,2837,23.71,23.77,24.3,23.3,24.15,10922010,262367543.65,28605
20240614,2838,10.42,10.34,10.4,10.15,10.26,3262504,33508598.28,9242
20240614,2839,3.95,3.96,4.01,3.93,3.99,20386980,80940434.8,18280
20240614,2840,19.11,19.06,19.13,18.66,18.98,8358700,158005599.0,25964
20240614,2841,30.67,30.6,30.7,29.57,30.3,6474811,194115387.38,21407
20240614,2842,5.29,5.3,5.35,5.21,5.29,3336900,17634592.0,4605
20240614,2843,15.55,15.38,15.55,15.09,15.4,4642600,70883922.0,10912
20240614,2845,13.32,13.28,13.6,13.21,13.59,7090379,95456936.87,15997
20240614,2846,7.16,7.15,7.25,7.05,7.25,3214784,23108503.76,4877
20240614,2847,47.42,47.08,49.23,47.01,49.07,1912817,92321477.61,9587
20240614,2848,6.86,6.89,6.95,6.73,6.81,2677500,18186043.0,4608
20240614,2849,11.48,11.43,11.66,11.36,11.62,2936000,33904132.0,7257
20240614,2850,91.4,93.21,95.88,90.3,95.38,5313213,499443634.93,22967
20240614,2851,28.42,28.02,28.45,27.48,27.81,18819580,524747915.08,38736
20240614,2852,7.67,7.67,7.74,7.54,7.67,2956100,22658556.0,7898
20240614,2853,7.5,7.48,7.56,7.32,7.52,2019050,15105662.5,4590
20240614,2855,20.62,20.55,20.56,20.13,20.43,2767100,56309307.0,10278
20240614,2856,9.84,9.81,10.8,9.5,10.66,10917906,113261717.06,13360
20240614,2857,10.6,10.92,11.66,10.75,11.66,3932900,45046666.0,3239
20240614,2858,10.67,10.75,10.9,10.43,10.73,5977700,63683489.0,12165
20240614,2859,20.29,20.37,20.98,20.15,20.73,4879627,100486467.54,14476
20240614,2860,8.86,8.85,8.92,8.6,8.87,2702064,23879431.16,6849
20240614,2861,9.45,9.64,9.9,8.96,9.07,21380326,199216000.78,25485
20240614,2862,14.49,14.49,15.48,14.4,15.48,5483550,82107460.0,9707
20240614,2863,4.11,4.1,4.25,4.07,4.13,9057800,37650582.0,10547
20240614,2864,27.51,27.51,27.63,27.22,27.5,774700,21234993.0,3231
20240614,2865,46.51,47.92,50.5,47.2,48.39,11784824,575083136.53,34216
20240614,2866,13.71,13.67,13.77,13.42,13.7,4187500,57069337.0,13829
20240614,2867,15.8,15.78,15.82,15.41,15.48,6950658,108051523.15,17951
20240614,2868,15.0,14.98,15.17,14.8,14.85,939900,14039912.0,2525
20240614,2869,24.91,24.5,26.99,23.65,25.7,40060772,1003900911.21,64901
20240614,2870,31.98,32.06,32.23,31.71,32.23,1225200,39234250.0,3237
20240614,2871,8.36,8.25,8.55,8.02,8.5,6762215,55663651.1,7547
20240614,2872,3.49,3.45,3.54,3.42,3.54,1638650,5685885.5,511
20240614,2873,9.08,9.13,9.2,8.98,9.11,3559580,32419898.0,7491
20240614,2875,11.01,10.97,10.97,10.5,10.74,19832146,211217916.28,28649
20240614,2876,24.93,24.86,24.99,24.52,24.83,2191628,54253491.32,9784
20240614,2877,7.75,7.75,7.77,7.65,7.77,1830600,14144830.0,5039
20240614,2878,13.25,13.22,13.33,13.03,13.22,3663500,48209635.0,10344
20240614,2879,13.38,13.39,13.72,13.19,13.48,1780900,24094051.0,6354
20240614,2880,29.1,29.15,29.2,28.42,28.6,835010,23940369.4,2661
20240614,2881,20.6,20.51,20.94,20.21,20.83,3053640,63034645.0,8957
20240614,2882,16.17,16.1,16.9,15.96,16.6,10694400,176197798.02,15092
20240614,2883,8.68,8.68,8.81,8.56,8.75,2426140,21198140.0,4979
20240614,2884,19.72,19.89,20.47,19.78,20.42,2743325,55424813.94,8413
20240614,2885,11.51,11.43,11.59,11.38,11.55,3403815,39108610.5,7014
20240614,2886,14.47,14.44,14.69,14.3,14.58,6467100,93813806.0,10038
20240614,2887,6.52,6.51,6.51,6.32,6.46,2813956,18147937.24,7711
20240614,2888,13.6,13.6,14.6,12.84,13.32,18381960,248878210.8,40357
20240614,2889,17.97,17.81,18.79,17.81,18.5,26809447,493680476.42,47477
20240614,2890,10.7,10.7,10.77,10.42,10.7,762592,8125368.16,1936
20240614,2891,21.41,21.21,21.64,21.12,21.57,2987339,63728051.56,8413
20240614,2892,9.33,9.28,9.32,9.08,9.14,11267682,102894615.92,17779
20240614,2893,10.44,10.43,10.48,10.11,10.17,11066296,113521633.22,14013
20240614,2895,19.25,19.2,19.3,18.86,19.19,5979897,114025047.89,16051
20240614,2896,30.67,30.5,30.6,29.33,29.89,4117000,122342315.0,12409
20240614,2897,41.52,41.2,43.52,41.11,42.87,9629883,411650851.36,36940
20240614,2898,9.16,9.16,9.2,9.01,9.14,1539500,14000043.55,3285
20240614,2899,14.08,14.08,14.13,13.88,14.03,747700,10471107.0,2265
20240614,2900,9.49,9.44,9.52,9.27,9.42,3549600,33309357.0,6682
20240614,2901,27.85,27.81,27.96,27.39,27.54,1151300,31716960.0,6458
20240614,2902,21.11,21.01,22.8,20.85,22.3,23194780,513867230.96,47677
20240614,2903,16.66,16.6,16.65,16.35,16.49,2334700,38468827.0,5993
20240614,2905,6.57,6.51,6.67,6.51,6.57,2845804,18760988.88,5793
20240614,2906,27.78,27.68,27.73,26.95,27.54,4222801,115429605.56,14038
20240614,2907,13.11,13.05,13.09,12.85,13.03,1711200,22198640.0,6587
20240614,2908,8.01,8.06,8.08,7.93,8.07,2921440,23432545.8,5737
20240614,2909,4.43,4.43,4.44,4.32,4.42,3636523,16007846.43,7219
20240614,2910,6.39,6.58,6.58,6.32,6.5,2614200,16859125.0,4246
20240614,2911,9.23,9.23,9.42,9.13,9.36,8163232,76105656.32,15860
20240614,2912,18.16,18.2,18.28,17.93,18.24,1512300,27417121.0,4364
20240614,2913,25.79,25.75,27.28,25.47,27.09,11388331,303488661.71,25838
20240614,2915,10.85,10.96,10.96,10.53,10.7,4454095,47379543.85,8341
20240614,2916,102.88,103.0,108.93,101.13,107.2,10133479,1070483680.07,41006
20240614,2917,9.76,9.71,9.72,9.46,9.64,6556040,62729586.6,11266
20240614,2918,9.76,9.76,9.94,9.58,9.88,5330870,52180627.04,13419
20240614,2919,13.19,13.2,13.28,12.5,12.6,9504385,121799699.7,15830
20240614,2920,102.5,101.72,101.89,99.0,101.25,4557433,456304227.93,22243
20240614,2921,10.25,10.29,10.3,10.04,10.18,1074763,10927669.97,3225
20240614,2922,22.92,22.89,24.62,22.84,24.54,27854559,666706014.47,58664
20240614,2923,9.92,9.96,9.98,9.75,9.81,1206086,11850947.74,5074
20240614,2925,12.92,12.9,13.09,12.72,13.0,10013936,129405564.5,23375
20240614,2926,6.79,6.79,6.92,6.7,6.88,17223248,117197929.01,15404
20240614,2927,12.31,12.38,12.77,12.25,12.57,9643200,121708001.0,10587
20240614,2928,6.76,6.74,6.79,6.61,6.69,13942925,93175437.75,24138
20240614,2929,30.86,30.88,31.69,30.45,31.63,6257046,195712908.04,15398
20240614,2930,14.16,14.16,14.22,13.94,14.02,900264,12649117.8,2683
20240614,2931,11.05,11.09,11.11,10.85,10.92,1447900,15851178.0,4397
20240614,2932,18.52,18.54,18.61,18.15,18.42,2550163,46878523.4,7749
20240614,2933,25.15,25.15,25.34,24.6,24.79,1277800,31695076.0,3738
20240614,2935,16.17,16.12,16.16,15.74,15.87,2697906,42753927.48,6785
20240614,2936,1.83,1.83,1.86,1.82,1.85,71520232,131975266.46,12756
20240614,2937,20.57,20.74,22.63,20.43,22.63,6243996,135790572.33,13965
20240614,2938,32.3,32.64,34.91,32.31,34.5,31640207,1072486896.61,72576
20240614,2939,6.91,6.91,7.08,6.87,7.06,20265023,141595369.27,19104
20240614,2940,15.73,15.89,15.89,15.41,15.52,983861,15274281.09,3449
20240614,2941,9.97,9.98,10.22,9.87,10.15,4651700,46891631.0,5643
20240614,2942,13.03,13.27,13.27,12.85,12.99,606930,7864078.7,3169
20240614,2943,20.0,19.72,20.98,19.7,20.38,14240060,288941133.57,27260
20240614,2945,10.63,10.55,10.8,10.45,10.71,10273406,109390823.5,17912
20240614,2946,9.89,9.93,10.02,9.78,9.98,3601400,35703424.0,7158
20240614,2947,30.98,30.81,31.48,30.34,31.3,3518219,108720212.99,13104
20240614,2948,3.39,3.38,3.44,3.38,3.43,29412490,100345465.7,23429
20240614,2949,9.81,9.81,9.88,9.63,9.81,1454350,14191034.0,3200
20240614,2950,7.37,7.39,7.42,7.23,7.29,4574392,33391106.1,11447
20240614,2951,6.0,5.98,6.0,5.82,5.89,666400,3936836.0,267
20240614,2952,21.9,21.72,21.85,21.38,21.81,2550450,55222578.5,9032
20240614,2953,10.31,10.21,10.49,10.17,10.35,5353677,55292963.3,9304
20240614,2955,24.16,24.12,24.36,23.84,24.31,1563900,37716130.0,5658
20240614,2956,14.25,14.13,14.39,14.13,14.37,1460620,20882392.2,2928
20240614,2957,14.09,14.02,14.12,13.82,14.11,4260900,59509257.84,8290
20240614,2958,2.66,2.66,2.69,2.65,2.68,49305900,131736843.0,29523
20240614,2959,54.74,54.74,55.25,53.96,55.24,1950629,106564006.66,6333
20240614,2960,13.85,13.87,14.02,13.69,13.99,3805181,52883771.64,8571
20240614,2961,11.75,11.68,11.98,11.58,11.87,2290463,26946534.84,7423
20240614,2962,16.25,16.02,16.03,15.63,15.94,23152172,367112003.59,35713
20240614,2963,9.77,9.83,9.83,9.47,9.78,1338300,13018439.0,4381
20240614,2965,32.8,32.88,32.88,31.49,32.2,4330519,137877945.16,9711
20240614,2966,7.04,7.05,7.2,7.01,7.14,71290197,506936565.04,45250
20240614,2967,13.03,13.1,13.1,12.75,12.88,4689023,60284944.48,9151
20240614,2968,10.08,10.02,10.4,9.81,10.1,10450354,105919389.26,15193
20240614,2969,2.96,2.96,3.01,2.91,3.0,10850600,32210021.0,8740
20240614,2970,34.79,34.42,35.7,34.1,35.48,6080400,213081096.0,18789
20240614,2971,25.15,25.15,25.29,24.76,25.27,974300,24350610.0,3458
20240614,2972,9.32,9.2,9.4,9.19,9.32,1790020,16692528.2,4761
20240614,2973,9.19,9.08,9.32,9.0,9.21,2217900,20297725.0,5853
20240614,2975,30.91,30.8,30.81,30.01,30.3,1811179,54818108.7,6813
20240614,2976,22.34,22.43,22.43,21.91,22.38,944120,20980510.4,3587
20240614,2977,32.08,32.06,34.09,31.5,33.21,12023884,390535187.44,30821
20240614,2978,30.32,30.09,30.32,29.6,29.78,1443500,42995864.0,7385
20240614,2979,19.73,19.71,19.73,19.28,19.59,7763863,151333316.22,22530
20240614,2980,22.76,22.66,22.97,22.57,22.86,651600,14836830.0,3184
20240614,2981,18.94,18.94,18.94,18.0,18.47,2658260,49263490.0,8168
20240614,2982,16.33,16.35,16.44,15.62,16.18,4072197,64887911.22,9267
20240614,2983,21.48,21.47,21.97,21.0,21.53,2750860,58983251.1,9335
20240614,2984,25.17,25.07,25.43,24.79,25.29,20399712,510788537.92,51609
20240614,2985,24.67,24.58,24.58,23.88,24.09,4320931,103971429.65,11736
20240614,2986,13.35,13.34,13.41,13.1,13.23,719737,9577112.06,1783
20240614,2987,11.0,10.95,11.28,10.89,11.25,9074729,101189561.94,14293
20240614,2988,16.56,16.56,16.66,16.26,16.57,1831400,30201581.0,7228
20240614,2989,16.5,16.5,16.59,16.18,16.59,1440714,23709796.28,3875
20240614,2990,20.57,20.55,20.62,20.28,20.52,1923600,39296046.0,8574
20240614,2991,66.68,66.61,68.72,66.01,68.43,920422,61872112.52,4597
20240614,2992,57.51,56.78,57.68,56.48,57.2,901730,51553907.4,4381
20240614,2993,35.08,34.78,35.64,34.75,35.63,3867220,136709219.7,15919
20240614,2995,13.92,13.79,13.99,13.75,13.95,2198820,30551231.0,8045
20240614,2996,6.26,6.24,6.28,6.16,6.22,2921180,18192467.6,7416
20240614,2997,31.01,30.55,31.07,30.32,31.0,8687554,266899584.46,25919
20240614,2998,5.71,5.71,5.74,5.62,5.69,3592600,20398213.0,6774
20240614,2999,5.8,5.81,5.84,5.77,5.84,2412100,14008357.0,1704
20240614,3000,12.49,12.55,12.58,12.27,12.57,4279370,53198593.1,12361
20240614,3001,14.23,14.19,14.64,13.91,14.51,3066734,44158450.18,5422
20240614,3002,11.11,11.07,11.18,10.95,11.18,1367300,15215013.0,2255
20240614,3003,8.24,8.25,8.31,8.0,8.14,2643200,21483760.0,5414
20240614,3004,23.52,23.23,23.68,23.08,23.58,1123588,26392343.04,2858
20240614,3005,21.96,22.12,22.19,21.78,22.13,1106100,24346882.0,3807
20240614,3006,23.45,23.39,23.59,23.2,23.45,2029540,47462327.2,8763
20240614,3007,26.2,26.04,26.54,25.87,26.46,1270930,33449236.3,4786
20240614,3008,19.4,19.45,20.68,18.52,18.68,14666007,285554567.87,28495
20240614,3009,39.81,39.69,40.15,39.51,40.14,1141290,45606351.6,4692
20240614,3010,11.13,11.18,11.2,10.91,11.06,1766966,19562254.9,4782
20240614,3011,14.22,14.15,14.24,13.95,14.1,957720,13516015.6,2713
20240614,3012,6.4,6.41,6.46,6.28,6.39,5577200,35544983.0,9029
20240614,3013,14.82,14.8,15.1,14.71,15.06,2453000,36689736.0,3883
20240614,3015,9.4,9.44,9.5,9.32,9.49,6225028,58753791.16,13470
20240614,3016,6.52,6.61,6.64,6.42,6.61,1639536,10737491.86,3265
20240614,3017,16.69,16.69,16.76,16.2,16.59,868260,14345209.6,2671
20240614,3018,7.95,7.94,7.98,7.84,7.95,879000,6959790.0,2152
20240614,3019,25.68,25.34,27.48,25.28,26.8,6596349,174459716.14,21737
20240614,3020,20.19,19.9,20.34,19.89,19.99,717520,14377772.2,1934
20240614,3021,54.41,52.0,52.85,51.1,52.37,6183155,321636403.18,24161
20240614,3022,15.55,15.55,15.56,15.22,15.41,3028970,46482899.8,10465
20240614,3023,16.07,16.14,16.26,15.95,16.22,1172775,18905791.0,4084
20240614,3025,12.62,12.65,12.68,12.41,12.48,3277048,40942261.45,8678
20240614,3026,33.6,32.64,32.94,31.9,32.39,10263046,331339760.44,28595
20240614,3027,13.03,13.0,13.15,12.8,13.03,1206600,15718373.0,3052
20240614,3028,38.0,38.0,38.0,37.28,37.95,404500,15247678.0,2178
20240614,3029,19.7,19.69,19.69,19.08,19.29,6439100,124091687.0,18431
20240614,3030,15.35,15.34,15.43,15.16,15.4,404100,6199178.0,1940
20240614,3031,46.88,46.39,49.0,46.24,47.5,6564246,314257386.58,25231
20240614,3032,9.23,9.2,9.38,9.17,9.24,9035511,83834638.42,11108
20240614,3033,23.66,23.68,23.78,23.18,23.78,476029,11216300.37,2075
20240614,3035,4.72,4.72,4.74,4.65,4.69,24769881,116154963.7,22729
20240614,3036,8.34,8.34,8.38,8.12,8.31,1216200,10077441.0,3841
20240614,3037,5.92,5.92,6.03,5.87,5.97,3816900,22742509.0,6582
20240614,3038,16.05,16.02,16.08,15.82,16.05,1727140,27599097.52,6079
20240614,3039,13.34,13.41,13.48,13.24,13.28,2383000,31777081.0,7360
20240614,3040,12.09,12.09,12.16,11.89,12.13,6656052,80185740.72,15197
20240614,3041,12.73,12.63,12.9,12.54,12.75,833500,10559555.36,2335
20240614,3042,12.54,12.43,12.59,12.42,12.55,990750,12403033.0,1917
20240614,3043,41.96,41.3,41.45,40.2,40.72,2287002,93124642.24,6460
20240614,3816,4.52,4.52,4.52,4.31,4.37,181755448,801553787.31,98174
20240614,300001,21.65,22.02,22.21,21.51,21.75,23299360,510068451.61,34954
20240614,300002,9.24,9.19,9.38,9.06,9.2,174851500,1609204005.85,114268
20240614,300003,16.51,16.4,16.47,16.04,16.1,18834519,303963791.67,35763
20240614,300004,4.46,4.45,4.55,4.4,4.48,6159213,27702066.15,7622
20240614,300005,5.35,5.39,5.46,5.26,5.41,9580529,51666770.7,18784
20240614,300006,2.45,2.46,2.46,2.4,2.46,6629907,16163650.94,6020
20240614,300007,14.24,14.22,14.23,13.79,13.94,10326202,143828608.84,10539
20240614,300008,4.15,4.15,4.19,4.08,4.13,70015631,288898651.22,20747
20240614,300009,9.07,9.01,9.1,8.88,9.06,20326415,182593390.15,24595
20240614,300010,2.93,2.9,3.08,2.88,2.94,34790620,103903180.78,7173
20240614,300011,5.08,5.07,5.13,4.99,5.11,4925400,25112222.0,10130
20240614,300012,11.16,11.1,11.28,10.95,11.19,21986630,244356399.74,28073
20240614,300013,1.66,1.66,1.97,1.64,1.84,21120600,38456891.0,3502
20240614,300014,40.32,40.37,40.86,39.41,40.5,24457933,981952102.6,62012
20240614,300015,11.73,11.71,11.71,11.46,11.65,64659074,749109295.48,54753
20240614,300016,4.58,4.6,4.6,4.47,4.55,4764068,21565285.0,9859
20240614,300017,9.06,9.04,9.29,8.97,8.97,169293508,1547392044.29,103600
20240614,300018,4.65,4.67,4.86,4.61,4.75,10846154,51763844.04,8871
20240614,300019,13.21,13.22,13.88,13.12,13.67,10217463,138950446.47,10201
20240614,300020,1.91,1.91,1.93,1.87,1.88,34632787,65791553.3,4710
20240614,300021,3.46,3.42,3.57,3.4,3.45,20606002,71806172.4,15557
20240614,300022,3.61,3.61,3.64,3.55,3.62,3820100,13762127.0,3462
20240614,300024,10.52,10.57,10.57,10.2,10.31,30416035,313022258.41,31709
20240614,300025,9.9,9.83,10.01,9.73,9.85,9442700,93480681.0,8484
20240614,300026,3.28,3.28,3.3,3.2,3.27,54586164,177894052.26,22662
20240614,300027,1.78,1.79,1.81,1.77,1.81,24320516,43644616.35,5363
20240614,300029,3.95,3.94,3.95,3.81,3.86,1445001,5590550.86,599
20240614,300030,3.9,3.95,3.95,3.8,3.89,4738000,18282494.0,7529
20240614,300031,14.39,14.43,14.72,14.31,14.64,15337552,222831677.64,25254
20240614,300032,3.28,3.28,3.28,3.2,3.25,10114500,32840823.0,11424
20240614,300033,112.9,112.66,116.81,112.66,115.8,7561067,868304462.94,29363
20240614,300034,16.2,16.13,16.13,15.77,16.07,14840595,237286730.25,24772
20240614,300035,9.26,9.24,9.24,8.93,9.22,11605234,105396458.14,21162
20240614,300036,14.01,13.98,14.2,13.86,14.12,6907449,97016092.03,10271
20240614,300037,30.9,30.9,30.99,30.09,30.83,5945790,182100087.56,21118
20240614,300039,5.66,5.65,5.7,5.6,5.67,7825132,44192795.12,11616
20240614,300040,7.23,7.1,7.8,7.0,7.0,123460794,911911336.39,82456
20240614,300041,8.8,8.7,8.88,8.56,8.86,13821812,120500766.56,8934
20240614,300042,24.6,24.09,24.49,23.4,24.07,9844600,235458633.0,24551
20240614,300043,2.29,2.29,2.32,2.27,2.31,14881700,34203498.0,4428
20240614,300044,3.87,3.87,3.94,3.8,3.92,23220204,90504166.2,12591
20240614,300045,18.25,18.24,18.41,18.0,18.11,26894300,489280417.5,33592
20240614,300046,19.0,18.5,20.37,18.3,19.55,65131229,1273804330.03,101912
20240614,300047,6.66,6.63,6.74,6.58,6.73,9450530,63105952.02,13636
20240614,300048,4.93,4.95,4.99,4.86,4.9,8765980,42969329.2,12916
20240614,300049,55.04,55.03,55.55,54.18,54.6,5898460,323294775.8,20688
20240614,300050,2.7,2.69,2.73,2.65,2.71,11809500,31782306.0,10043
20240614,300051,7.98,7.95,8.14,7.85,8.13,4272670,34044756.3,3399
20240614,300052,12.68,12.83,13.1,12.71,12.87,5458500,70512614.0,5824
20240614,300053,9.76,9.66,9.69,9.45,9.6,19491440,186490449.42,17562
20240614,300054,23.4,23.28,23.48,22.74,23.08,26352093,607277528.14,53351
20240614,300055,4.37,4.33,4.4,4.28,4.34,4537400,19649027.0,8551
20240614,300056,8.9,8.98,8.99,8.65,8.72,7575488,66669822.23,6525
20240614,300057,4.39,4.37,4.42,4.32,4.38,6626798,28989372.74,5789
20240614,300058,5.85,5.85,5.9,5.81,5.87,30111109,176364044.97,22277
20240614,300059,12.17,12.14,12.41,12.03,12.34,233772054,2860798564.52,114352
20240614,300061,3.59,3.58,3.69,3.52,3.66,10331000,37156544.0,12578
20240614,300062,4.77,4.73,5.49,4.7,5.11,38109937,197613410.13,28254
20240614,300063,4.03,4.03,4.07,4.01,4.05,16404500,66382948.0,11222
20240614,300065,6.61,6.67,6.67,6.47,6.61,11358417,74424466.86,17954
20240614,300066,3.0,3.0,3.05,2.97,3.03,8265622,24931714.44,8551
20240614,300067,4.28,4.23,4.28,4.14,4.18,45775927,191462025.95,22257
20240614,300068,9.32,9.31,9.37,9.15,9.36,9874325,91592398.25,16829
20240614,300069,10.93,10.9,11.83,10.68,11.18,8495100,96153842.25,10527
20240614,300070,4.5,4.49,4.52,4.42,4.47,18098615,80890923.08,14057
20240614,300071,2.17,2.17,2.2,2.12,2.15,10820660,23282143.0,9003
20240614,300072,2.04,2.04,2.08,2.02,2.06,15929263,32693411.6,9904
20240614,300073,37.08,36.91,37.0,36.0,36.89,15250893,556248829.73,41975
20240614,300074,3.42,3.4,3.48,3.37,3.44,7327100,25174231.0,3503
20240614,300075,14.57,14.51,14.77,14.4,14.73,9807420,143064893.17,13390
20240614,300076,3.31,3.35,3.35,3.23,3.3,7166002,23573863.54,5990
20240614,300077,9.31,9.4,9.42,9.12,9.24,8765800,80773494.0,12951
20240614,300078,2.34,2.32,2.35,2.25,2.31,12718860,29115072.0,5475
20240614,300079,4.14,4.16,4.21,4.11,4.18,20322446,84470775.83,16865
20240614,300080,3.3,3.31,3.34,3.25,3.31,9629520,31629450.2,12777
20240614,300081,4.48,4.49,4.52,4.35,4.44,22918907,101589392.59,23553
20240614,300082,4.64,4.67,4.68,4.52,4.63,5680143,26188554.28,9650
20240614,300083,6.69,6.65,6.69,6.42,6.56,57263500,372449118.0,29356
20240614,300084,5.41,5.41,5.41,5.31,5.38,1541902,8267046.7,1878
20240614,300085,8.64,8.63,8.8,8.47,8.77,7969154,68916767.38,12910
20240614,300086,3.69,3.71,3.71,3.63,3.69,5224400,19149447.0,4612
20240614,300087,6.66,6.66,6.74,6.6,6.74,6136064,40941523.72,8450
20240614,300088,4.71,4.67,4.75,4.65,4.73,24717096,116149348.18,22885
20240614,300091,1.4,1.39,1.41,1.36,1.37,15892900,21907983.0,6077
20240614,300092,11.21,11.26,11.44,11.15,11.26,7472000,84339518.84,9297
20240614,300093,15.13,14.99,15.63,14.72,14.95,18237100,275987186.0,21873
20240614,300094,2.76,2.78,2.79,2.74,2.75,18760080,51710499.68,11932
20240614,300095,5.68,5.7,5.7,5.51,5.57,2997250,16762186.0,5543
20240614,300096,2.22,2.2,2.3,2.19,2.23,13641600,30706599.0,2236
20240614,300097,5.65,5.71,5.73,5.52,5.65,5423880,30498704.75,8325
20240614,300098,3.73,3.68,3.95,3.63,3.95,153602187,584650608.5,43643
20240614,300099,4.73,4.7,4.75,4.65,4.71,5264800,24771056.0,6596
20240614,300100,10.64,10.54,10.6,10.29,10.44,7696400,80088991.0,17011
20240614,300101,15.98,15.96,16.1,15.62,15.82,16420719,260917590.24,22901
20240614,300102,6.41,6.41,6.42,6.3,6.32,10066900,63854973.0,14639
20240614,300103,4.1,4.08,4.26,4.0,4.16,16643951,69145986.6,9388
20240614,300105,6.81,6.75,7.02,6.7,6.93,15356600,105980459.0,15955
20240614,300106,6.18,6.27,6.57,6.27,6.32,9807100,62524623.0,6017
20240614,300107,8.97,9.03,9.08,8.72,8.82,26089499,229990933.16,34004
20240614,300109,12.59,12.59,12.59,12.31,12.55,5244100,65256635.17,6894
20240614,300110,3.17,3.17,3.18,3.12,3.17,9338820,29447561.2,10468
20240614,300111,2.05,2.05,2.06,2.02,2.03,6702400,13638394.0,5196
20240614,300112,7.03,7.04,7.12,6.86,7.03,3192200,22445437.0,5636
20240614,300113,10.64,10.64,10.8,10.59,10.75,8105177,86742260.35,16489
20240614,300115,11.07,11.08,11.28,10.98,11.26,59746129,667911758.49,75113
20240614,300118,13.4,13.21,13.53,13.01,13.12,36650597,484405252.88,35157
20240614,300119,14.5,14.45,14.59,14.19,14.37,4235900,60909025.0,10348
20240614,300120,5.06,5.03,5.15,4.98,5.13,6591805,33622261.63,10617
20240614,300121,8.05,8.01,8.13,7.95,8.12,2969620,23984435.0,3762
20240614,300122,30.9,30.79,30.89,30.31,30.44,15546355,473832812.9,43230
20240614,300123,4.64,4.62,4.63,4.48,4.58,17360400,79088674.0,20797
20240614,300124,54.25,54.5,55.82,53.61,55.26,27535028,1512276533.38,79740
20240614,300125,2.21,2.15,2.19,2.05,2.07,30916676,65252993.75,6428
20240614,300126,4.52,4.55,4.55,4.4,4.49,2858200,12790276.0,5630
20240614,300127,14.97,15.0,15.19,14.84,15.19,2030000,30583390.0,3181
20240614,300128,3.29,3.25,3.28,3.16,3.23,11553398,37070039.26,3646
20240614,300129,7.29,7.29,7.45,7.24,7.42,12320937,91055033.14,9417
20240614,300130,19.61,19.53,19.97,19.47,19.91,10549737,208731744.43,20540
20240614,300131,4.57,4.54,4.58,4.47,4.56,21149300,95698580.0,18763
20240614,300132,3.64,3.64,3.66,3.56,3.6,4359131,15718658.47,6835
20240614,300133,6.59,6.56,6.75,6.54,6.62,65095736,431305388.09,39880
20240614,300134,6.94,6.89,7.04,6.84,7.0,5326405,36981750.77,13714
20240614,300135,2.81,2.79,2.82,2.77,2.8,15680800,43824342.0,4033
20240614,300136,18.03,17.96,18.27,17.86,18.22,17836353,322853408.99,33040
20240614,300137,4.17,4.19,4.46,4.12,4.44,18881239,81888118.37,15677
20240614,300138,8.86,8.86,9.09,8.78,9.0,8274350,74125910.5,7209
20240614,300139,11.91,11.8,12.09,11.65,12.08,29304899,349080475.26,31081
20240614,300140,6.55,6.73,6.82,6.35,6.35,12778200,83291827.0,21050
20240614,300141,7.24,7.2,8.51,7.18,7.81,20370638,164448001.25,17646
20240614,300142,12.79,12.78,12.79,12.34,12.47,24339965,302932585.7,34142
20240614,300143,7.42,7.34,7.44,7.25,7.38,3125800,22925073.0,7940
20240614,300144,9.14,9.23,9.23,8.99,9.1,38806984,352667517.41,33578
20240614,300145,2.69,2.68,2.76,2.64,2.74,25666236,69798001.64,17585
20240614,300146,14.45,14.4,14.65,14.27,14.58,8731584,126004376.96,15998
20240614,300147,3.35,3.35,3.37,3.28,3.35,5760164,19220687.76,4652
20240614,300148,2.41,2.41,2.46,2.38,2.42,12580261,30412604.01,7838
20240614,300149,4.42,4.43,4.43,4.3,4.36,4067011,17692535.74,7139
20240614,300150,2.69,2.7,2.71,2.63,2.67,5763750,15398347.0,7342
20240614,300151,16.88,16.84,16.94,16.17,16.34,5975416,97672371.64,11197
20240614,300152,1.61,1.61,1.63,1.56,1.58,17861900,28307485.0,7925
20240614,300153,5.9,5.94,6.35,5.79,6.11,10050200,61524464.0,14007
20240614,300154,5.54,5.53,5.61,5.45,5.51,3142800,17392939.0,6220
20240614,300155,3.84,3.84,4.08,3.74,3.93,31561250,123654102.0,26605
20240614,300157,2.0,2.0,2.01,1.94,1.97,6965300,13773489.0,3603
20240614,300158,4.08,4.07,4.1,4.0,4.04,19393102,78397147.1,24222
20240614,300159,2.21,2.19,2.2,2.15,2.19,51704600,112303456.0,15252
20240614,300160,4.9,4.91,4.95,4.85,4.9,5401321,26465255.27,3816
20240614,300161,24.53,24.56,24.7,24.09,24.56,1778701,43446862.32,4950
20240614,300162,8.89,8.65,8.84,8.31,8.39,52868335,451448104.62,43843
20240614,300163,1.43,1.41,1.41,1.35,1.37,25112812,34574502.44,3189
20240614,300164,3.64,3.62,3.78,3.59,3.71,26631920,98477767.2,7272
20240614,300165,2.32,2.35,2.38,2.27,2.36,18298200,42514611.0,11086
20240614,300166,6.34,6.34,6.43,6.29,6.4,12790900,81368194.0,14415
20240614,300167,1.48,1.46,1.5,1.43,1.48,11757241,17212938.17,1646
20240614,300168,5.05,5.06,5.08,4.95,5.04,9383600,47095054.0,7154
20240614,300169,4.61,4.64,5.29,4.52,5.04,39268218,194832441.6,27732
20240614,300170,6.19,6.19,6.29,6.1,6.28,14129929,87813515.06,19019
20240614,300171,13.22,13.2,13.2,12.69,12.92,13476418,172779326.06,17060
20240614,300172,4.68,4.67,4.71,4.62,4.71,13615744,63580600.36,5598
20240614,300173,3.64,3.64,3.67,3.59,3.65,9233300,33476570.0,10524
20240614,300174,14.64,14.52,14.66,14.4,14.47,1578654,22876483.95,4325
20240614,300175,7.25,7.33,8.35,7.14,8.1,89921429,696199396.61,67113
20240614,300176,4.54,4.6,4.6,4.4,4.42,5570400,24828420.0,9501
20240614,300177,5.66,5.63,5.74,5.46,5.59,41701772,232331090.08,40643
20240614,300179,7.28,7.25,7.32,7.14,7.27,2215442,16094914.34,3548
20240614,300180,3.66,3.64,3.92,3.56,3.83,99092491,376348376.55,31963
20240614,300181,15.27,15.24,15.55,15.0,15.42,13761727,211347723.94,33187
20240614,300182,3.88,3.87,3.91,3.85,3.89,46010671,178601199.19,32062
20240614,300183,11.95,11.95,12.1,11.72,12.07,5107533,61098630.23,9836
20240614,300184,4.8,4.76,4.83,4.71,4.8,31377755,149458914.65,19664
20240614,300185,1.9,1.9,1.93,1.89,1.92,23189019,44389112.29,7819
20240614,300187,4.6,4.65,4.74,4.58,4.66,7586000,35280410.0,4126
20240614,300188,11.87,11.81,11.89,11.67,11.85,7338797,86555566.56,15484
20240614,300189,1.86,1.85,1.88,1.83,1.86,11246300,20860391.0,4678
20240614,300190,2.88,2.9,2.9,2.84,2.86,3571712,10238770.12,4207
20240614,300191,14.12,14.16,14.35,14.01,14.3,2769600,39380493.0,3459
20240614,300192,10.47,10.5,10.67,10.39,10.47,6318500,66353805.0,9143
20240614,300193,7.52,7.47,7.59,7.4,7.45,7385380,55178065.0,13642
20240614,300194,3.89,3.89,3.92,3.85,3.9,15432000,59950493.0,19311
20240614,300195,4.24,4.21,4.25,4.13,4.19,5498700,23030432.0,6924
20240614,300196,10.92,10.9,10.98,10.74,10.95,2101000,22783895.0,5373
20240614,300197,1.48,1.47,1.5,1.46,1.49,18415990,27312800.98,2128
20240614,300198,1.18,1.16,1.25,1.16,1.19,41391791,49849351.47,13881
20240614,300199,10.73,10.7,10.91,10.64,10.81,12961100,139414910.0,11600
20240614,300200,8.2,8.11,8.25,7.98,8.09,14421376,116431605.48,18643
20240614,300201,3.58,3.58,3.7,3.58,3.65,10688182,38996117.3,5216
20240614,300203,11.21,11.21,11.38,11.1,11.35,4450342,50059192.94,13214
20240614,300204,5.99,5.99,6.03,5.9,5.96,2466047,14677779.17,5079
20240614,300205,6.94,6.94,7.07,6.85,6.94,3708100,25849001.0,1331
20240614,300206,9.19,9.13,9.24,9.07,9.18,3168750,29010646.5,8066
20240614,300207,14.8,14.83,15.35,14.6,15.28,33205255,500174744.01,49621
20240614,300208,1.55,1.53,1.63,1.51,1.56,15688800,24742453.0,2334
20240614,300209,2.16,2.16,2.17,2.06,2.13,3650255,7732106.05,685
20240614,300210,9.1,9.18,9.24,8.89,9.21,12114200,109922874.0,9289
20240614,300211,5.44,5.32,5.47,5.28,5.43,2455600,13277590.0,6168
20240614,300212,17.88,17.87,18.05,17.59,17.92,10129192,180441476.88,24934
20240614,300213,5.73,5.73,5.78,5.65,5.76,6083625,34859979.5,8496
20240614,300214,5.06,5.06,5.15,5.01,5.13,2498900,12744711.0,1970
20240614,300215,7.03,6.96,7.41,6.74,6.74,81396752,575720243.46,55087
20240614,300217,4.02,3.96,4.09,3.92,4.03,41278116,166229381.1,13769
20240614,300218,15.81,15.8,15.95,15.5,15.85,2368600,37146510.98,7407
20240614,300219,5.89,5.87,5.91,5.81,5.9,8307639,48697244.71,9344
20240614,300220,8.84,8.7,8.8,8.01,8.25,10879373,89770628.29,8718
20240614,300221,5.05,5.05,5.07,4.96,5.01,6536800,32746335.0,5687
20240614,300222,5.46,5.43,5.58,5.4,5.52,7835700,43200663.0,7909
20240614,300223,60.08,59.41,61.35,59.07,60.77,11865993,716448772.65,32520
20240614,300224,9.71,9.67,9.83,9.62,9.81,3121870,30400983.5,6947
20240614,300225,5.02,5.03,5.05,4.94,4.97,4605300,22945259.0,6299
20240614,300226,18.04,18.04,18.18,17.78,18.08,4669368,83998427.24,13627
20240614,300227,5.32,5.35,5.35,5.24,5.32,8121940,43025365.8,12837
20240614,300228,5.57,5.56,5.63,5.49,5.61,10363800,57734405.0,10847
20240614,300229,13.82,13.76,14.09,13.68,14.03,14291755,199577819.05,22044
20240614,300230,3.45,3.43,3.44,3.38,3.42,10320000,35219903.0,9318
20240614,300231,7.56,7.58,7.7,7.46,7.65,5390317,40961325.01,8692
20240614,300232,5.31,5.28,5.35,5.25,5.34,13555203,71720061.02,14558
20240614,300233,15.61,15.57,15.71,15.37,15.66,3361800,52261394.0,10668
20240614,300234,3.99,3.98,4.03,3.93,4.01,4135300,16488410.0,4473
20240614,300235,7.94,7.99,8.02,7.85,8.02,2585372,20578023.68,5825
20240614,300236,34.26,34.06,34.36,33.59,34.13,7970083,271413155.58,18772
20240614,300237,1.23,1.19,1.21,1.15,1.16,46402061,54430535.76,9235
20240614,300238,9.45,9.45,9.58,9.32,9.48,3197500,30123945.0,5770
20240614,300239,4.79,4.83,4.95,4.8,4.88,4206000,20505236.0,4713
20240614,300240,4.9,4.87,4.92,4.82,4.89,2442100,11905365.0,3581
20240614,300241,4.08,4.09,4.09,4.0,4.03,13521300,54566880.0,19775
20240614,300242,1.85,1.85,1.88,1.81,1.83,16345200,30022839.0,7688
20240614,300243,9.75,9.75,9.85,9.6,9.64,6595255,63872517.56,10467
20240614,300244,12.89,12.88,13.22,12.49,13.13,30976908,397543948.34,44076
20240614,300245,5.16,5.16,5.24,5.04,5.2,4129600,21262988.0,7559
20240614,300246,6.28,6.29,6.3,6.15,6.27,2045780,12775161.4,3240
20240614,300247,2.56,2.57,2.58,2.51,2.55,7854100,20013727.0,8287
20240614,300248,6.51,6.53,6.59,6.45,6.56,2871865,18761941.0,5755
20240614,300249,6.64,6.68,6.71,6.56,6.67,8556779,56971447.93,11729
20240614,300250,10.78,10.7,10.93,10.62,10.89,3647664,39404007.64,10001
20240614,300251,9.19,9.15,9.38,9.11,9.34,30004047,277568827.34,32148
20240614,300252,6.54,6.54,6.62,6.47,6.59,9649100,63326184.0,7226
20240614,300253,6.2,6.2,6.25,6.1,6.22,21626538,133655725.08,24899
20240614,300254,8.37,8.4,8.46,8.28,8.43,5698040,47844041.0,7469
20240614,300255,9.8,9.8,9.95,9.72,9.91,11068900,108802506.0,12745
20240614,300256,1.87,1.88,1.89,1.85,1.89,13990450,26182822.0,5260
20240614,300257,11.38,11.35,11.54,11.05,11.41,10674418,120737491.15,18901
20240614,300258,8.91,8.87,8.95,8.7,8.78,5682050,49772252.0,9811
20240614,300259,2.64,2.66,2.68,2.61,2.65,6054200,16061433.0,7559
20240614,300260,24.53,24.17,24.4,23.27,23.71,15883650,375688020.22,38549
20240614,300261,5.73,5.75,5.77,5.57,5.67,9374000,52878386.0,6739
20240614,300263,6.02,5.98,6.02,5.88,5.96,9598419,57099488.62,10660
20240614,300264,3.95,3.97,3.99,3.87,3.89,10985400,42890379.0,10457
20240614,300265,7.38,7.27,7.65,7.22,7.34,42859814,318933039.62,27800
20240614,300266,1.26,1.25,1.26,1.2,1.22,20196800,24742130.0,6774
20240614,300267,2.25,2.23,2.26,2.21,2.25,9955800,22303383.0,9425
20240614,300268,6.36,6.36,6.45,6.23,6.37,633800,4021717.0,493
20240614,300269,2.73,2.77,2.78,2.63,2.67,24662348,65731640.16,14411
20240614,300270,5.9,5.94,6.15,5.69,5.96,26769100,157821643.8,17254
20240614,300271,5.07,5.07,5.1,4.98,5.04,14737991,74216122.58,20156
20240614,300272,5.17,5.17,5.21,5.11,5.2,9956700,51465933.0,11938
20240614,300274,68.84,68.35,68.79,65.75,66.59,37828986,2524187561.23,118618
20240614,300275,10.12,10.12,10.19,9.98,10.16,3109804,31371924.28,5795
20240614,300276,3.38,3.39,3.42,3.33,3.41,13183408,44582666.04,8112
20240614,300277,6.55,6.57,6.64,6.41,6.56,2683688,17596413.52,2575
20240614,300278,3.06,3.09,3.1,3.02,3.08,9934700,30562182.0,6220
20240614,300279,4.21,4.2,4.22,4.12,4.19,6410899,26825797.8,10982
20240614,300280,14.7,14.83,14.91,14.37,14.56,8991900,130635684.0,25353
20240614,300281,4.29,4.31,4.32,4.13,4.18,16700350,70157931.5,12657
20240614,300283,4.7,4.63,4.88,4.55,4.69,14560400,68924578.0,9736
20240614,300284,6.93,6.89,7.0,6.83,6.97,26751363,185743297.05,30367
20240614,300285,18.11,18.06,18.52,17.88,18.38,11901768,216528915.6,31146
20240614,300286,23.42,23.37,24.08,23.08,23.53,4654501,110071653.44,10499
20240614,300287,1.79,1.78,1.81,1.75,1.8,36815600,65564377.0,17879
20240614,300288,11.12,11.15,11.25,11.01,11.22,3483745,38818505.9,6666
20240614,300289,4.07,4.03,4.09,3.99,4.05,3140950,12699289.0,6421
20240614,300290,11.49,11.3,11.93,11.04,11.46,80308650,916115990.5,62389
20240614,300291,4.54,4.53,4.58,4.48,4.51,9411439,42543427.89,9158
20240614,300292,3.6,3.58,3.71,3.56,3.62,53076100,193201539.0,31474
20240614,300293,15.76,15.47,15.78,15.08,15.6,27719252,428409812.76,40254
20240614,300294,32.23,32.0,32.26,31.53,31.99,4895080,155992563.69,17473
20240614,300295,9.45,9.47,9.84,9.29,9.56,19106600,182705550.0,16318
20240614,300296,4.72,4.7,4.74,4.63,4.72,20852125,97816148.27,20463
20240614,300298,26.83,26.85,27.06,26.51,26.65,2068016,55300130.8,8912
20240614,300299,3.66,3.64,3.7,3.6,3.66,8449740,30796502.2,8712
20240614,300300,1.35,1.35,1.39,1.32,1.36,20212522,27539957.99,1763
20240614,300301,1.27,1.27,1.28,1.25,1.27,2885050,3654082.5,352
20240614,300302,10.28,10.24,10.37,10.04,10.21,13441100,137101669.0,16785
20240614,300303,4.95,4.95,5.0,4.9,4.99,20531969,101837462.82,21742
20240614,300304,6.42,6.37,6.62,6.32,6.58,12952080,84303083.4,16126
20240614,300305,6.38,6.26,6.38,6.18,6.2,8557300,53501274.0,6576
20240614,300306,10.22,9.86,10.07,9.82,9.98,13478409,133890436.87,11850
20240614,300307,5.97,5.9,6.03,5.82,6.02,11507532,68723566.56,17890
20240614,300308,123.7,125.01,140.48,124.08,138.3,58687383,7839639212.24,181519
20240614,300310,3.88,3.87,3.9,3.8,3.88,18783540,72232595.2,9110
20240614,300311,3.37,3.4,3.42,3.3,3.41,8299037,27893968.8,8923
20240614,300313,6.37,6.36,6.44,6.25,6.37,3966300,25119958.0,2221
20240614,300314,11.12,11.05,11.17,10.86,10.97,2177900,23839253.0,6769
20240614,300315,4.54,4.51,4.59,4.51,4.57,38460398,175514146.96,14448
20240614,300316,33.65,33.35,33.7,32.78,33.63,20267391,673244815.59,47804
20240614,300317,3.98,3.95,4.07,3.91,3.99,19193450,76933581.5,7215
20240614,300318,5.13,5.13,5.13,5.02,5.08,3580800,18165105.0,5864
20240614,300319,8.08,8.02,8.16,7.93,8.14,23098670,186424106.73,23306
20240614,300320,9.49,9.4,9.74,9.07,9.19,19942154,187712096.26,25223
20240614,300321,18.86,18.9,18.9,17.69,18.86,1225128,22793618.4,2078
20240614,300322,8.25,8.23,8.35,8.1,8.31,11623312,95836923.84,16600
20240614,300323,4.67,4.67,4.68,4.56,4.57,15856977,72900089.05,22039
20240614,300324,2.05,2.04,2.07,2.02,2.05,20877991,42589525.53,13186
20240614,300326,4.15,4.14,4.17,4.09,4.13,5821502,24046854.26,6387
20240614,300327,21.41,21.28,21.31,20.83,21.16,10633048,223885891.65,15567
20240614,300328,4.37,4.36,4.4,4.27,4.31,6859250,29633104.5,11507
20240614,300329,3.77,3.78,3.79,3.68,3.73,3016200,11263236.0,4152
20240614,300331,16.81,16.82,17.09,16.46,16.98,5100600,85722176.0,12242
20240614,300332,5.46,5.47,5.5,5.39,5.46,5556100,30306814.0,8122
20240614,300333,3.98,3.99,4.0,3.85,3.97,5472900,21552716.0,7478
20240614,300334,4.7,4.7,4.72,4.56,4.68,2415200,11264047.0,5580
20240614,300335,4.01,4.01,4.08,3.92,4.03,7222708,29110997.0,5434
20240614,300337,6.9,6.89,7.5,6.89,7.36,62413026,455735142.42,40317
20240614,300338,1.28,1.3,1.38,1.26,1.31,21753800,28852270.0,2794
20240614,300339,21.42,21.2,21.77,21.17,21.68,24132327,520790750.8,31753
20240614,300340,6.95,6.96,7.09,6.75,7.03,3883880,27092708.8,8124
20240614,300341,9.26,9.2,9.46,9.17,9.31,6003877,55987468.87,11221
20240614,300342,15.54,15.31,15.67,15.13,15.45,35925995,551502447.9,48082
20240614,300343,5.03,5.05,5.05,4.92,4.99,12374729,61509952.52,7204
20240614,300344,3.18,3.18,3.21,3.1,3.19,8983319,28487015.45,13284
20240614,300345,6.19,6.22,6.23,6.09,6.15,1759500,10838208.0,1307
20240614,300346,31.21,31.18,31.74,29.8,30.57,51118752,1560477705.74,91082
20240614,300347,57.22,57.1,57.38,49.36,53.8,30885036,1605690744.74,82603
20240614,300348,7.02,7.1,7.15,6.9,7.09,12461616,88000459.28,21111
20240614,300349,12.49,12.33,12.65,12.33,12.51,4508245,56392139.95,11427
20240614,300350,4.6,4.56,4.66,4.52,4.63,10746879,49684750.56,6145
20240614,300351,15.78,15.58,16.35,15.55,16.26,11907284,192559003.2,17026
20240614,300352,3.91,3.92,3.95,3.86,3.93,11461000,44861716.5,9110
20240614,300353,7.28,7.25,7.29,7.12,7.24,8555900,61583898.0,6611
20240614,300354,35.93,35.6,35.7,33.77,34.11,3665428,125829725.57,10454
20240614,300355,2.33,2.32,2.35,2.3,2.33,15410560,35880465.8,7729
20240614,300357,22.8,22.76,22.89,20.85,21.95,15825310,341495737.33,37444
20240614,300358,7.7,7.69,7.7,7.57,7.58,4479817,34130205.71,4118
20240614,300359,4.01,4.01,4.14,3.99,4.1,9571800,38887858.0,4864
20240614,300360,14.23,14.22,14.5,14.12,14.37,5880763,84456716.9,6280
20240614,300363,13.57,13.51,13.57,12.89,13.17,22652094,296477473.73,35796
20240614,300364,20.41,20.64,20.82,20.36,20.68,36042049,742296989.43,50346
20240614,300365,4.93,4.94,5.03,4.87,5.0,11433200,57034681.0,5061
20240614,300366,7.5,7.48,7.56,7.39,7.54,10841789,81085776.72,14769
20240614,300368,2.39,2.39,2.53,2.34,2.46,29849844,72532992.88,6202
20240614,300369,5.43,5.44,5.45,5.28,5.39,12348007,66154917.96,20526
20240614,300370,1.61,1.6,1.62,1.56,1.59,12233600,19375561.0,3166
20240614,300371,8.45,8.46,8.53,8.08,8.49,1104400,9319295.2,2718
20240614,300373,38.9,38.9,39.4,38.36,39.22,10078716,392957946.68,22370
20240614,300374,14.43,14.34,14.67,14.25,14.55,8401960,122225734.0,7900
20240614,300375,3.93,3.93,3.96,3.87,3.94,7732600,30320078.0,9203
20240614,300376,4.31,4.33,4.42,4.25,4.35,17532097,76222289.98,13990
20240614,300377,5.27,5.27,5.4,5.19,5.36,13478075,71484306.61,18456
20240614,300378,16.9,16.9,17.18,16.74,17.08,4362714,74239162.44,11131
20240614,300379,9.04,9.0,9.09,8.91,9.02,9524900,85748325.2,18589
20240614,300380,14.98,14.97,15.84,14.71,15.53,4572400,70198969.0,12253
20240614,300381,6.46,6.5,6.55,6.36,6.46,8077700,52026838.0,15203
20240614,300382,6.63,6.63,6.68,6.5,6.61,3739020,24589583.63,6885
20240614,300383,8.52,8.53,8.71,8.48,8.69,17068269,146847960.23,23998
20240614,300384,13.91,13.97,14.06,13.75,13.85,1409668,19565503.49,5763
20240614,300385,3.57,3.57,3.62,3.48,3.54,2717856,9653053.76,3944
20240614,300386,6.5,6.58,6.58,6.37,6.54,2759700,17893522.0,7483
20240614,300387,6.1,6.1,6.14,5.98,6.11,6610840,40164746.4,11402
20240614,300388,5.79,5.78,5.83,5.72,5.76,2457300,14164721.0,5089
20240614,300389,13.09,13.09,13.17,12.9,13.0,3625951,47156451.92,11094
20240614,300390,18.96,18.96,19.24,18.55,19.08,10051820,189671205.01,23290
20240614,300391,2.72,2.77,2.78,2.58,2.69,7435576,19955153.68,7533
20240614,300393,6.64,6.57,6.64,6.46,6.54,14507632,94885081.89,13360
20240614,300394,89.59,89.83,101.11,89.1,98.0,47135669,4545264432.64,158486
20240614,300395,34.29,34.07,34.13,33.0,33.25,7445566,248856574.0,18094
20240614,300396,23.04,23.07,23.38,22.78,23.01,1610325,37121561.25,7613
20240614,300397,9.6,9.61,9.65,9.38,9.61,11919827,113282915.48,17613
20240614,300398,13.89,13.98,14.29,13.67,13.76,47206734,656388024.3,68717
20240614,300399,8.45,8.43,8.58,8.28,8.53,2597200,21977900.4,5727
20240614,300400,11.54,11.5,11.54,11.2,11.34,5201000,58810357.0,10318
20240614,300401,11.19,11.18,11.81,11.05,11.74,25619842,293508304.08,34955
20240614,300402,14.69,14.58,14.95,14.56,14.72,2678529,39508360.71,2841
20240614,300403,7.43,7.39,7.42,7.26,7.38,10659282,78287175.24,15173
20240614,300404,7.29,7.48,7.48,7.0,7.08,10245646,73023092.8,20318
20240614,300405,3.81,3.84,3.84,3.72,3.79,8105955,30667314.05,6999
20240614,300406,17.11,17.07,17.22,16.45,16.45,12162763,203430902.35,21403
20240614,300407,7.38,7.38,7.81,7.29,7.66,9914814,75702951.06,15388
20240614,300408,30.2,30.15,30.5,30.05,30.46,9674356,293704122.4,24761
20240614,300409,8.99,8.99,9.11,8.85,9.09,10161460,91302504.21,19278
20240614,300410,5.07,5.04,5.16,4.9,5.15,10734592,54423204.9,14140
20240614,300411,12.67,12.86,12.88,12.4,12.45,16136140,202213325.6,18245
20240614,300412,2.95,2.95,2.97,2.88,2.91,7426010,21658252.0,9464
20240614,300413,22.43,22.35,22.58,22.23,22.51,9244470,207135814.4,15947
20240614,300414,6.53,6.54,6.62,6.41,6.57,3447684,22562625.88,6951
20240614,300415,21.33,21.22,21.34,20.8,21.15,6525699,137295816.15,19767
20240614,300416,14.32,14.28,14.36,14.07,14.26,10617470,150897844.54,16925
20240614,300417,7.98,7.88,7.98,7.51,7.69,8952030,68858415.5,9168
20240614,300418,34.52,34.2,35.0,34.1,34.1,57310369,1975882036.07,78589
20240614,300419,4.99,4.98,5.08,4.89,5.05,16214300,81128876.0,14733
20240614,300420,2.18,2.18,2.2,2.16,2.18,7748950,16884547.0,6608
20240614,300421,11.23,10.6,10.66,9.99,10.33,46634592,481124789.87,26689
20240614,300422,4.58,4.62,4.63,4.51,4.53,5881943,26799892.79,7682
20240614,300423,6.67,6.5,7.45,6.45,6.85,59744565,415183792.61,39091
20240614,300424,12.96,12.88,12.94,12.67,12.79,9609443,122765997.54,21176
20240614,300425,4.17,4.17,4.2,4.12,4.15,6012100,24948425.0,2402
20240614,300426,7.35,7.3,7.42,7.25,7.35,3234000,23725616.0,7064
20240614,300427,4.86,4.84,4.86,4.69,4.78,8954542,42615190.11,1540
20240614,300428,19.32,19.13,19.46,18.9,19.4,4714100,90448383.0,15504
20240614,300429,12.48,12.47,13.29,12.24,12.87,78597725,1005207608.22,90029
20240614,300430,14.68,14.61,14.75,13.89,13.98,11925893,168622400.3,17058
20240614,300432,6.96,6.88,7.02,6.84,6.99,8713750,60449618.0,15382
20240614,300433,15.87,15.74,16.3,15.7,16.15,45372303,731005079.23,55766
20240614,300434,7.92,7.95,7.98,7.73,7.86,3720700,29195780.0,7196
20240614,300435,12.4,12.4,12.47,12.25,12.37,1680600,20780037.0,4440
20240614,300436,16.38,16.42,16.46,16.04,16.11,948000,15348686.0,3663
20240614,300437,8.48,8.58,8.58,8.31,8.4,2092200,17546213.0,3782
20240614,300438,20.38,20.29,20.6,19.75,20.35,19059535,382923513.31,38424
20240614,300439,9.38,9.42,9.47,9.3,9.3,2642463,24723507.9,6949
20240614,300440,5.28,5.27,5.34,5.19,5.34,3693300,19505459.0,7680
20240614,300441,6.04,6.0,6.09,5.91,6.01,4975520,29872570.6,12123
20240614,300442,28.89,28.97,29.77,28.1,28.36,52182998,1502367655.47,73517
20240614,300443,17.0,17.0,17.08,16.77,17.06,3182926,53945271.3,8092
20240614,300444,7.24,7.19,7.5,7.09,7.16,62897382,458205878.08,34682
20240614,300445,17.14,17.19,17.2,16.75,16.88,2326000,39348625.0,5397
20240614,300446,15.1,15.03,15.19,14.53,14.85,13281775,196083034.55,25772
20240614,300447,13.62,13.61,13.64,13.28,13.36,5990760,80067309.82,9667
20240614,300448,3.88,3.88,3.9,3.79,3.87,4932800,19063819.0,7995
20240614,300449,4.01,4.01,4.04,3.92,3.98,3142519,12509117.82,4228
20240614,300450,19.35,19.29,19.39,18.9,19.38,16763424,320766023.09,27282
20240614,300451,3.72,3.71,3.82,3.64,3.8,53880158,200899820.53,38307
20240614,300452,12.13,12.13,12.18,11.97,12.18,1666990,20115854.1,3472
20240614,300453,6.85,6.79,6.97,6.79,6.9,3427777,23537727.84,9210
20240614,300454,52.85,52.76,53.08,51.58,52.28,4419874,230964448.87,17133
20240614,300455,12.66,12.56,12.82,12.29,12.5,39078428,488392035.68,53781
20240614,300456,17.1,17.08,17.17,16.77,16.96,15349671,259963915.88,27321
20240614,300457,16.82,16.82,18.17,16.67,18.02,40820319,722888816.5,46356
20240614,300458,20.65,20.41,20.75,20.31,20.73,26390113,542977050.97,55644
20240614,300459,3.5,3.5,3.55,3.48,3.54,64960959,228725460.43,28422
20240614,300460,8.5,8.47,8.88,8.32,8.82,17059413,148443807.38,20005
20240614,300461,12.99,13.01,13.14,12.67,12.83,1465900,18777043.0,4586
20240614,300462,7.51,7.51,7.75,7.22,7.61,12319900,92265813.0,13881
20240614,300463,12.17,12.15,12.21,11.97,12.17,5459062,66008088.58,15911
20240614,300464,3.67,3.67,3.7,3.57,3.59,10418600,37592982.0,6813
20240614,300465,6.54,6.55,6.89,6.44,6.67,10403100,69350373.8,13608
20240614,300466,6.04,6.02,6.07,5.95,6.01,6369400,38223833.0,6420
20240614,300467,13.98,14.01,14.34,14.01,14.13,3692500,52363952.0,4430
20240614,300468,8.49,8.46,8.99,8.41,8.89,40954529,359078523.5,30431
20240614,300469,9.57,9.66,9.74,9.42,9.58,9599500,91852164.88,15497
20240614,300470,36.0,35.75,36.14,35.65,35.99,743675,26661145.5,3996
20240614,300471,8.5,8.49,8.55,8.33,8.43,2749700,23217270.0,3558
20240614,300472,4.6,4.54,4.6,4.44,4.55,4429200,20084186.0,8093
20240614,300473,13.55,13.59,13.65,13.27,13.62,1812500,24484648.0,4745
20240614,300474,68.62,68.68,69.59,67.02,69.5,10139846,694886269.26,34003
20240614,300475,33.27,33.08,35.05,31.8,34.44,22722416,765365792.1,45622
20240614,300476,30.87,30.84,34.2,30.55,33.02,67216393,2208384002.72,104451
20240614,300477,2.46,2.46,2.49,2.41,2.41,20106900,49028470.0,8187
20240614,300478,7.83,7.87,7.89,7.61,7.86,1346600,10493851.6,2353
20240614,300479,14.07,14.18,14.45,13.89,14.39,2928700,41731229.0,5344
20240614,300480,17.61,17.52,17.85,17.39,17.62,6866202,121426598.86,9832
20240614,300481,16.34,16.09,16.19,15.76,16.18,10371277,165711163.69,13447
20240614,300482,27.44,27.39,27.45,26.66,27.34,5993138,161397214.76,25020
20240614,300483,8.0,8.01,8.14,7.91,7.98,2313626,18530994.92,2353
20240614,300484,14.25,14.18,14.33,13.99,14.24,9837913,139110424.73,16805
20240614,300485,6.48,6.43,6.5,6.34,6.44,2477000,15900722.0,5228
20240614,300486,4.84,4.8,4.83,4.69,4.75,12524410,59338968.6,11851
20240614,300487,46.38,46.25,46.49,45.12,45.7,3048172,138878177.32,11600
20240614,300488,21.27,21.44,21.44,21.0,21.16,516700,10926076.0,2319
20240614,300489,19.28,19.29,19.8,18.81,18.92,1618350,31244687.5,2142
20240614,300490,7.45,7.4,7.63,7.32,7.53,7949483,59545640.15,7131
20240614,300491,14.97,15.02,15.91,14.79,15.26,6223000,95716955.1,15563
20240614,300492,103.51,103.51,104.27,102.72,103.52,290500,30113176.0,1940
20240614,300493,8.1,8.05,8.13,7.86,8.07,8950800,71534352.0,13297
20240614,300494,10.64,10.58,11.19,10.58,10.98,22091440,241026448.58,25775
20240614,300496,54.11,53.64,54.15,52.65,53.61,18113620,967567707.53,50114
20240614,300497,10.26,10.29,10.33,9.91,10.04,12014224,120837775.48,19383
20240614,300498,20.45,20.46,20.84,20.02,20.84,62156582,1266733518.57,103732
20240614,300499,11.37,11.33,12.05,11.13,11.85,12722251,148732818.91,19303
20240614,300500,9.75,9.78,10.55,9.61,10.28,11577270,117842105.63,14752
20240614,300501,10.97,10.96,11.1,10.83,11.06,1168142,12850881.37,3152
20240614,300502,95.68,95.49,113.33,95.2,108.5,56262873,5886386820.68,165259
20240614,300503,13.38,13.38,13.4,12.92,13.01,9844740,128137339.4,14359
20240614,300504,12.29,12.25,12.41,12.11,12.4,1727300,21262804.0,5095
20240614,300505,13.12,13.19,13.21,12.88,12.97,8499100,110355554.45,16083
20240614,300506,1.85,1.83,1.87,1.79,1.81,10304809,18752606.11,1606
20240614,300507,4.88,4.89,4.98,4.78,4.97,11550977,56660881.52,7617
20240614,300508,18.63,18.82,18.82,18.4,18.68,1068300,19846330.0,4683
20240614,300509,4.66,4.64,4.68,4.53,4.62,2937900,13569418.0,5317
20240614,300510,3.57,3.56,4.07,3.52,3.83,36737868,140128537.43,21103
20240614,300511,2.82,2.81,2.82,2.63,2.65,36836585,99357509.09,25647
20240614,300512,5.9,5.88,5.96,5.77,5.87,1367700,7983470.0,3388
20240614,300513,8.48,8.48,8.81,8.4,8.53,11751821,101141346.76,12154
20240614,300514,14.59,14.7,15.38,14.51,15.16,12944400,196104903.0,26658
20240614,300515,10.31,10.31,10.46,10.16,10.39,2051400,21274557.0,6685
20240614,300516,28.57,28.37,29.02,28.16,28.93,2275265,65286326.7,6174
20240614,300517,8.73,8.72,9.23,8.41,9.21,7790120,69976091.2,9349
20240614,300518,8.04,8.0,8.04,7.8,7.91,2693460,21359955.48,4145
20240614,300519,11.23,11.23,11.36,11.06,11.25,1261000,14178231.0,4391
20240614,300520,17.38,17.28,17.33,17.07,17.15,5962682,102459219.67,11431
20240614,300521,9.89,9.9,9.97,9.71,9.86,1115300,10989621.0,2295
20240614,300522,11.54,11.46,11.54,11.03,11.14,4264250,47602662.5,9926
20240614,300523,16.4,16.31,16.41,16.05,16.13,1433900,23178199.0,2962
20240614,300525,12.5,12.49,12.52,12.27,12.36,5198793,64232866.53,7377
20240614,300527,6.56,6.51,6.65,6.47,6.65,11508018,75633586.62,10785
20240614,300528,6.59,6.66,6.71,6.58,6.66,3052600,20308060.0,4748
20240614,300529,27.72,27.6,27.76,26.52,27.11,10306075,277414444.99,32894
20240614,300530,16.92,16.88,17.16,16.47,16.97,1557992,26305294.96,4126
20240614,300531,9.86,9.87,10.1,9.65,9.96,9186035,90670156.15,12360
20240614,300532,12.88,12.81,13.01,12.76,12.97,3518800,45495202.0,7067
20240614,300533,15.39,15.4,15.55,15.3,15.51,3277100,50626825.0,7833
20240614,300534,7.27,7.24,7.34,7.16,7.25,4567200,33136893.0,7680
20240614,300535,12.15,12.03,12.13,11.83,12.01,1641800,19677610.0,4326
20240614,300536,8.82,8.82,8.82,8.42,8.54,3793100,32402021.0,1812
20240614,300537,17.83,17.6,18.33,17.44,18.23,21953060,394520397.55,34138
20240614,300538,16.61,16.21,16.57,15.8,15.84,22301880,358246446.0,34983
20240614,300539,8.3,8.29,8.29,8.04,8.17,3988395,32593021.15,7735
20240614,300540,22.36,22.35,22.42,22.03,22.2,1001901,22270823.25,1834
20240614,300541,8.46,8.42,8.64,8.38,8.61,7143276,60945460.08,7706
20240614,300542,13.18,13.08,13.45,12.83,13.37,19385136,255265577.0,28464
20240614,300543,8.04,7.98,8.12,7.82,7.94,13352928,105972646.64,22065
20240614,300545,24.84,24.8,24.96,24.15,24.79,4448120,109586502.0,12018
20240614,300546,9.53,9.52,9.64,9.29,9.53,3906160,37057786.0,9072
20240614,300547,17.02,17.2,17.25,16.74,16.9,4836600,81685920.62,13613
20240614,300548,20.28,20.19,21.25,20.1,21.02,16827248,351676119.78,29505
20240614,300549,14.11,14.0,14.06,13.71,13.82,1478900,20414024.0,3278
20240614,300550,10.04,10.04,10.13,9.8,10.05,1202456,11970524.85,3742
20240614,300551,6.37,6.39,6.51,6.25,6.4,14250237,90843208.53,19605
20240614,300552,35.47,35.21,40.55,35.01,38.82,40714560,1520723715.6,78055
20240614,300553,24.6,24.64,24.79,23.72,23.79,1440480,34617938.0,3958
20240614,300554,26.01,25.89,26.23,25.23,25.55,8473850,216265006.0,20444
20240614,300555,5.93,5.97,5.99,5.87,5.99,299950,1782673.5,241
20240614,300556,16.93,16.85,17.22,16.66,17.17,3937600,66919282.0,9726
20240614,300557,20.97,20.95,23.68,20.73,23.0,3779490,85366275.2,7812
20240614,300558,38.31,38.16,38.2,37.18,37.83,4712722,177286055.17,16378
20240614,300559,10.14,10.23,10.28,9.94,9.97,8287357,83361189.29,15054
20240614,300560,10.76,10.76,10.92,10.58,10.9,3742210,40371984.2,9354
20240614,300561,7.59,7.58,7.75,7.44,7.66,3031719,23027796.01,6919
20240614,300562,8.42,8.44,8.48,8.26,8.35,3650200,30537088.0,11211
20240614,300563,25.58,25.67,27.48,25.3,27.06,31498000,841309881.4,70960
20240614,300564,8.72,8.75,8.85,8.42,8.79,1122500,9806520.0,2417
20240614,300565,10.12,10.18,10.27,9.95,10.22,3427170,34645264.8,6845
20240614,300566,14.53,14.55,14.55,14.22,14.5,3134850,45120603.0,10280
20240614,300567,60.31,60.2,61.09,58.51,59.31,9678056,576442594.2,29903
20240614,300568,8.96,8.93,9.17,8.82,9.14,22674554,204485873.36,22349
20240614,300569,4.5,4.49,4.55,4.44,4.52,7580996,34185988.96,6684
20240614,300570,33.93,34.24,35.87,33.4,35.39,18936640,661574854.4,40090
20240614,300571,21.82,22.02,22.08,21.45,21.87,1229787,26826005.56,5653
20240614,300572,11.88,11.98,12.06,11.69,11.92,5001000,59377555.0,7248
20240614,300573,194.7,194.0,195.68,183.5,185.0,7006355,1319113134.75,34240
20240614,300575,5.98,6.0,6.08,5.93,6.0,3186580,19157630.1,3319
20240614,300576,38.55,37.99,39.58,37.62,39.22,29844428,1153874878.59,61237
20240614,300577,21.25,21.02,21.44,20.78,21.24,811253,17158889.56,4286
20240614,300578,12.44,12.4,12.7,12.19,12.65,3386900,42391592.0,7127
20240614,300579,18.19,18.15,18.5,17.93,18.36,1829291,33272304.62,6030
20240614,300580,18.46,17.8,17.95,16.88,17.4,16625805,288457711.37,26528
20240614,300581,8.61,8.56,8.62,8.26,8.45,16604860,139505926.74,15478
20240614,300582,9.17,9.08,9.14,8.95,8.98,4065630,36757076.7,9227
20240614,300583,12.44,12.38,12.38,12.2,12.35,1435100,17646378.2,3173
20240614,300584,16.02,16.06,16.06,15.71,15.85,1033550,16379517.5,4175
20240614,300585,10.24,10.26,10.29,10.0,10.25,2892000,29471958.0,6702
20240614,300586,6.67,6.66,6.73,6.52,6.72,4263394,28303820.9,3243
20240614,300587,4.3,4.4,4.4,4.18,4.21,14063833,59400343.9,22199
20240614,300588,7.17,7.21,7.38,6.87,7.35,4277400,30924185.0,6589
20240614,300589,12.5,12.44,12.44,12.0,12.13,15688647,190945261.33,20252
20240614,300590,10.6,10.68,10.83,10.42,10.8,7561120,80850586.5,13874
20240614,300591,3.36,3.35,3.35,3.25,3.31,4807990,15898826.6,6138
20240614,300592,13.18,13.08,13.16,12.87,13.06,3179620,41335198.8,5269
20240614,300593,12.15,11.96,12.06,11.6,11.95,19410525,229700421.18,21524
20240614,300594,15.1,15.22,15.22,14.7,14.79,1791100,26592770.0,2580
20240614,300595,17.25,17.2,17.5,16.97,17.48,10932080,188449410.22,30399
20240614,300596,28.91,28.85,29.48,28.2,28.6,2757152,78477979.75,11752
20240614,300597,6.7,6.7,6.78,6.56,6.75,3215500,21557518.0,3752
20240614,300598,29.9,29.6,30.1,29.1,30.1,6637490,196948519.54,14780
20240614,300599,5.16,5.16,5.22,4.96,5.11,1333296,6833538.52,2732
20240614,300600,5.85,5.82,5.84,5.74,5.78,4279352,24699466.56,1661
20240614,300601,17.1,17.15,17.19,16.7,16.73,12435165,209274229.11,25593
20240614,300602,15.06,14.9,15.25,14.72,15.21,14463569,218116930.8,26976
20240614,300603,7.04,7.03,7.12,6.96,7.1,3537500,24985843.0,4199
20240614,300604,31.52,31.3,31.45,30.5,31.22,21045944,654004261.36,44195
20240614,300605,8.94,8.9,9.05,8.71,8.96,1646450,14651543.0,4132
20240614,300606,16.58,16.75,17.0,16.25,16.71,4234200,70876947.5,10073
20240614,300607,12.13,12.13,12.14,11.88,12.12,3988900,47938465.0,7657
20240614,300608,9.58,9.64,9.66,9.45,9.62,6027828,57723617.76,11590
20240614,300609,18.14,17.99,18.32,17.8,18.22,3952400,71514708.0,7504
20240614,300610,9.03,9.09,9.12,8.9,9.07,1889120,17076836.2,5437
20240614,300611,7.82,7.84,7.91,7.65,7.76,3986208,30974671.68,8261
20240614,300612,13.81,13.81,14.01,13.52,13.58,3699100,50590594.0,6054
20240614,300613,36.05,35.41,37.15,34.94,36.78,10466349,374563961.22,24857
20240614,300614,9.74,9.74,9.82,9.5,9.55,1928129,18596896.04,5293
20240614,300615,9.37,9.37,9.58,9.12,9.53,1661450,15681318.5,4557
20240614,300616,11.36,11.37,11.69,11.2,11.59,2332500,26800928.0,3525
20240614,300617,26.67,26.65,28.0,26.27,27.44,3820903,104928547.09,7861
20240614,300618,26.98,27.0,27.16,26.58,27.14,4514632,121168670.24,13470
20240614,300619,28.1,28.24,28.49,27.28,27.6,501556,13857968.72,1451
20240614,300620,38.78,38.66,40.89,38.35,40.38,11968646,479855332.32,34135
20240614,300621,7.52,7.52,7.68,7.35,7.55,1549900,11706429.94,2255
20240614,300622,13.42,13.56,13.56,13.21,13.46,1140664,15298067.84,3351
20240614,300623,17.6,17.65,17.99,17.51,17.9,17736356,315661732.16,27293
20240614,300624,55.31,56.7,57.14,55.76,56.37,7806269,440161478.32,26530
20240614,300625,10.69,10.67,10.83,10.54,10.72,1510300,16152688.0,4330
20240614,300626,7.29,7.25,7.34,7.13,7.27,3083100,22348598.0,7080
20240614,300627,28.18,28.18,29.42,27.93,29.35,9023551,261577992.79,21236
20240614,300628,37.69,37.59,38.96,37.01,38.67,7377408,282501257.94,23470
20240614,300629,19.47,19.57,19.7,18.65,19.16,10812780,205258592.16,14779
20240614,300631,19.64,19.88,19.88,19.38,19.62,1017300,19989262.0,2811
20240614,300632,10.15,10.1,10.17,9.88,10.08,3876300,38966767.1,5167
20240614,300633,43.2,43.16,43.39,41.99,42.81,2891600,123190545.0,10889
20240614,300634,17.6,17.61,17.87,17.45,17.83,7721700,136219333.0,14251
20240614,300635,7.58,7.7,7.76,7.4,7.55,2018828,15197350.16,4943
20240614,300636,10.65,10.64,10.66,10.43,10.6,3707736,39080215.9,7111
20240614,300637,11.89,11.39,11.68,10.87,11.18,49355216,557094341.11,55747
20240614,300638,16.9,16.87,17.2,16.63,17.02,17435420,294910021.39,33938
20240614,300639,5.08,5.11,5.11,4.97,5.03,11117358,55797803.31,16009
20240614,300640,4.08,4.1,4.13,3.98,4.1,2885700,11744901.0,3713
20240614,300641,27.26,27.0,28.88,24.86,28.21,105737802,2810224539.67,154953
20240614,300642,12.26,12.22,12.4,12.02,12.18,944000,11461955.4,3408
20240614,300643,12.37,12.25,13.18,11.76,12.79,26822364,331780433.45,26212
20240614,300644,21.05,21.06,21.31,20.55,21.11,7819354,163111721.22,19015
20240614,300645,11.11,11.16,11.19,10.81,11.1,1857300,20530842.0,5502
20240614,300647,5.71,5.63,5.66,5.39,5.46,55419150,303092114.5,36937
20240614,300648,17.95,18.05,18.68,17.7,18.33,2928828,53499076.14,5505
20240614,300649,10.41,10.41,10.57,10.2,10.5,2051108,21414412.0,4969
20240614,300650,11.43,11.15,11.18,10.76,11.0,22556526,246915573.88,28291
20240614,300651,12.99,12.98,13.09,12.75,13.08,1664000,21602977.0,3832
20240614,300652,20.73,20.69,20.93,20.22,20.69,944651,19521778.4,3995
20240614,300653,22.03,22.02,22.4,21.62,22.18,2575174,56846909.13,6483
20240614,300654,8.86,8.92,9.1,8.83,8.88,9745850,87180059.5,11786
20240614,300655,8.38,8.22,8.29,7.99,8.08,49090585,398040968.87,36707
20240614,300656,22.47,21.1,21.9,21.1,21.61,10909389,235030399.68,18390
20240614,300657,15.44,15.88,15.98,15.54,15.75,14146639,223200916.42,24780
20240614,300658,4.36,4.36,4.38,4.24,4.33,3746430,16179330.9,6357
20240614,300659,13.13,13.24,13.4,12.96,13.27,2742300,36126967.0,8385
20240614,300660,27.56,27.56,27.6,26.7,27.23,5784780,156508976.6,13931
20240614,300661,78.69,79.92,80.22,77.3,80.0,5251867,413147762.34,26074
20240614,300662,19.6,19.58,19.64,19.11,19.36,2651645,51290204.2,11136
20240614,300663,10.06,10.05,10.18,9.86,10.07,10314460,103298623.48,14390
20240614,300664,4.57,4.57,4.63,4.52,4.62,5324350,24495121.0,5909
20240614,300665,5.15,5.15,5.17,5.02,5.09,4175664,21275799.12,4675
20240614,300666,50.61,50.2,50.65,49.5,49.95,9151317,456498010.56,22252
20240614,300667,11.92,11.8,12.04,11.68,11.92,2437550,28955696.0,6035
20240614,300668,15.0,14.9,15.11,14.8,15.0,356400,5323849.0,820
20240614,300669,13.9,14.02,14.02,13.7,13.97,638300,8867323.0,1468
20240614,300670,5.96,6.01,6.37,5.9,6.26,27971611,173834696.48,16966
20240614,300671,27.18,27.0,27.0,26.0,26.27,9463838,249497014.96,21243
20240614,300672,60.39,59.0,59.6,57.21,58.63,16846826,982319562.06,51457
20240614,300673,13.63,13.49,13.8,13.45,13.75,2277200,31197841.0,8519
20240614,300674,11.42,11.42,11.63,11.29,11.59,7216868,82843550.6,14996
20240614,300675,11.56,11.52,12.45,11.36,12.11,6612700,79565454.0,6642
20240614,300676,38.12,37.9,38.13,37.33,37.82,2004040,75408703.25,8042
20240614,300677,24.75,24.64,25.19,24.52,25.03,8082110,201221248.02,30338
20240614,300678,25.38,25.48,25.91,25.21,25.88,8666750,222889420.0,19285
20240614,300679,40.0,39.8,40.8,39.57,40.49,4425209,178478383.82,20457
20240614,300680,19.21,19.15,19.85,18.75,19.78,16526203,322903856.36,20737
20240614,300681,14.32,14.36,14.8,14.04,14.46,5426737,77953610.82,12693
20240614,300682,9.68,9.69,9.95,9.58,9.85,20957514,205019335.43,26331
20240614,300683,22.87,22.87,22.93,22.2,22.42,965100,21720410.0,3482
20240614,300684,17.67,17.53,17.83,17.02,17.35,23050781,399594670.51,51145
20240614,300685,18.61,18.54,18.7,18.25,18.44,4528630,83508428.0,14360
20240614,300686,6.99,6.9,7.03,6.82,6.93,6289760,43503211.4,12987
20240614,300687,15.06,15.0,15.27,14.84,15.19,5332810,80315618.45,13450
20240614,300688,23.6,23.5,24.62,23.36,24.45,5195600,125483608.0,9860
20240614,300689,13.49,13.59,13.59,13.1,13.42,1339940,17893508.8,3695
20240614,300690,19.55,19.52,19.67,19.33,19.64,4062600,79221031.5,10182
20240614,300691,15.16,15.12,15.23,14.86,15.2,2769800,41688207.0,7547
20240614,300692,4.65,4.65,4.68,4.56,4.66,2222390,10293560.5,4430
20240614,300693,24.08,24.06,24.75,23.8,24.56,8134421,199303177.54,17333
20240614,300694,8.82,8.76,8.88,8.64,8.87,2014900,17754077.0,5206
20240614,300695,37.9,37.71,38.12,37.03,37.67,294900,11051836.0,955
20240614,300696,15.03,14.85,15.11,14.36,14.54,11138243,162518461.94,14467
20240614,300697,11.5,11.4,11.52,11.26,11.51,6452020,73685264.2,5973
20240614,300698,35.48,35.47,36.3,35.07,36.18,1987200,71200865.0,4927
20240614,300699,25.9,25.83,25.9,25.34,25.69,6488260,165849188.42,15535
20240614,300700,8.92,8.75,8.86,8.6,8.65,16242169,140964203.95,9615
20240614,300701,7.91,7.99,8.01,7.77,7.97,2456562,19463746.52,5328
20240614,300702,18.83,18.67,19.04,18.4,19.0,2450000,45846184.0,10130
20240614,300703,8.26,8.23,8.33,8.16,8.21,2215400,18231409.0,4818
20240614,300705,26.19,26.18,26.3,25.61,26.05,4891331,127169100.4,18269
20240614,300706,21.21,20.66,20.85,20.25,20.35,8020099,164208198.93,11360
20240614,300707,13.61,13.6,13.6,13.28,13.41,3233763,43344935.46,10542
20240614,300708,9.43,9.4,9.51,9.33,9.43,14377360,135339381.0,19237
20240614,300709,25.81,25.71,26.49,25.34,26.26,5740017,149141763.06,17442
20240614,300710,15.32,15.49,15.55,15.08,15.55,1938525,29810876.0,5224
20240614,300711,16.0,15.96,16.3,15.8,16.24,6867871,110682933.23,14095
20240614,300712,24.05,24.25,24.44,23.61,24.11,1006722,24262201.0,2418
20240614,300713,10.77,10.59,12.92,10.4,12.92,9852329,121852569.79,7139
20240614,300715,8.19,8.07,8.11,7.84,8.0,972936,7771973.36,2586
20240614,300716,6.51,6.41,6.5,6.11,6.19,9133900,57142057.0,11390
20240614,300717,15.52,15.54,16.0,15.15,15.95,5464760,85706597.0,5733
20240614,300718,14.66,14.64,14.74,14.43,14.63,4532810,66250755.6,11202
20240614,300719,18.05,18.08,18.1,17.57,17.71,14117770,250126846.2,30163
20240614,300720,14.46,14.36,14.65,14.24,14.43,2947690,42746799.5,5356
20240614,300721,13.96,13.86,13.96,13.15,13.64,12873870,173416382.3,16114
20240614,300722,26.85,26.86,28.97,26.06,28.65,18875067,524878511.8,29055
20240614,300723,22.27,22.28,22.39,21.91,22.26,1580693,34954391.35,3616
20240614,300724,62.06,62.08,62.87,61.43,62.02,4991038,309290107.68,21200
20240614,300725,29.91,29.94,30.07,28.87,29.63,6652208,195273814.95,19250
20240614,300726,25.8,25.56,25.76,24.81,25.55,12874967,324263315.82,23483
20240614,300727,23.34,23.56,23.6,23.02,23.45,2446800,57029530.0,6956
20240614,300729,15.53,15.46,15.8,15.41,15.7,2521260,39363490.42,4247
20240614,300730,8.39,8.39,8.53,8.24,8.52,3335050,28175061.0,7298
20240614,300731,14.72,14.87,14.96,14.54,14.92,2590940,38339675.2,4852
20240614,300732,7.27,7.26,7.26,7.03,7.14,11722120,83565295.6,7010
20240614,300733,11.54,11.35,11.68,10.89,11.35,7140306,80636517.26,6981
20240614,300735,20.9,20.71,21.49,20.5,21.45,33679878,711486053.94,60665
20240614,300736,16.62,16.59,17.38,16.25,17.3,7155876,120578848.68,6470
20240614,300737,4.65,4.66,4.91,4.56,4.83,25344540,120800489.4,32298
20240614,300738,10.61,10.6,10.89,10.52,10.83,37324502,402026609.35,32961
20240614,300739,13.9,13.6,15.27,13.35,14.63,31884882,456305423.77,37618
20240614,300740,16.39,16.36,16.45,15.97,16.06,3197070,51602673.77,7386
20240614,300741,16.57,16.55,16.55,16.08,16.43,1928800,31458941.0,5927
20240614,300743,12.17,12.18,12.38,12.02,12.34,3206464,39268440.15,10464
20240614,300745,16.19,15.89,15.99,15.41,15.6,11672328,182869725.12,20582
20240614,300746,6.22,6.22,6.45,6.08,6.36,3562400,22494572.0,6238
20240614,300747,19.04,19.06,19.06,18.78,18.94,5054672,95678178.79,15672
20240614,300748,13.95,13.94,14.03,13.68,14.01,7166727,99512290.11,14677
20240614,300749,5.37,5.37,5.43,5.25,5.38,2599400,13965875.2,3661
20240614,300750,185.18,186.1,186.58,178.58,184.89,37184949,6764196086.13,162673
20240614,300751,144.12,143.0,143.99,135.81,136.55,3894142,536963992.87,21386
20240614,300752,13.86,13.87,13.97,13.58,13.78,4835392,66647558.96,13245
20240614,300753,10.85,10.88,10.9,10.63,10.85,1621399,17523484.15,4078
20240614,300755,15.45,15.33,15.58,14.82,15.27,2845639,42995700.15,9786
20240614,300756,14.3,14.21,14.7,14.14,14.41,2933900,42431339.0,3288
20240614,300757,85.68,86.3,91.96,85.16,90.63,11584372,1036299466.06,38351
20240614,300758,11.6,11.5,11.79,11.31,11.51,18835732,215763479.48,43848
20240614,300759,20.75,20.68,20.83,19.78,20.13,21399733,430490532.22,37793
20240614,300760,296.16,296.61,299.1,288.71,299.1,7976039,2339100531.17,50176
20240614,300761,23.86,23.92,24.4,23.41,23.84,7681022,183203176.62,18474
20240614,300762,16.75,16.69,16.7,16.07,16.49,21602324,353049701.24,31614
20240614,300763,51.43,51.21,51.5,49.5,50.87,12085035,604597037.98,33907
20240614,300765,30.72,30.64,31.83,29.5,29.7,25142160,766203672.51,44730
20240614,300766,10.3,10.26,10.46,10.12,10.39,6973648,71775801.72,10841
20240614,300767,9.58,9.53,9.65,9.31,9.49,5196544,49230441.58,14190
20240614,300768,12.3,12.32,12.35,12.13,12.24,3253300,39760058.0,9272
20240614,300769,32.4,32.44,32.45,31.76,32.1,6212859,199222788.16,17598
20240614,300770,36.06,35.92,36.27,35.9,36.24,1736461,62706421.1,5966
20240614,300771,8.57,8.61,8.71,8.43,8.65,3109650,26804819.0,8856
20240614,300772,10.08,10.06,10.15,9.97,10.09,4980584,50181676.66,10899
20240614,300773,13.07,13.08,13.35,12.88,13.3,8506974,111902061.62,14725
20240614,300774,7.09,7.16,7.16,6.97,7.01,1657748,11656277.2,4585
20240614,300775,30.18,30.29,30.38,29.42,29.78,13195436,391333033.24,34767
20240614,300776,53.39,53.07,53.18,50.88,51.26,8157537,420416752.37,24269
20240614,300777,23.93,23.9,23.9,23.12,23.63,11806200,275372209.0,19301
20240614,300778,9.44,9.44,9.68,9.21,9.56,3765795,35891560.01,4353
20240614,300779,46.0,46.1,47.69,45.3,46.5,5096434,235502295.88,16103
20240614,300780,13.31,13.37,13.4,12.92,13.16,3098700,40613124.0,9526
20240614,300781,44.5,44.4,45.27,44.15,44.87,5767930,257644356.6,16778
20240614,300782,92.29,91.51,91.83,89.72,90.39,9958543,902316064.48,36922
20240614,300783,23.16,23.18,23.99,23.18,23.92,5793856,136687340.6,23801
20240614,300785,18.18,18.0,18.18,17.83,18.06,3156000,56767239.0,5097
20240614,300786,13.27,13.09,13.22,12.66,12.75,11798600,151446566.8,18125
20240614,300787,14.1,14.06,14.83,13.36,14.6,26973126,381185495.1,35793
20240614,300788,25.81,25.91,26.16,25.65,25.75,2055500,53185322.0,4277
20240614,300789,13.03,12.97,13.18,12.77,13.15,1238626,16203312.08,2708
20240614,300790,13.31,13.38,13.51,13.16,13.48,5147800,68743098.5,15158
20240614,300791,37.13,37.13,37.18,35.93,36.42,1173000,42674768.0,5276
20240614,300792,16.59,16.43,16.5,16.2,16.33,3659449,59828791.9,8634
20240614,300793,13.15,13.06,13.19,12.82,13.06,9461900,123074923.0,14320
20240614,300795,20.35,20.25,20.36,19.9,20.18,1302050,26137183.5,3740
20240614,300796,14.96,15.08,15.08,14.83,14.98,3458866,51675149.22,3392
20240614,300797,10.05,10.03,10.05,9.88,10.0,2404350,23926787.0,6456
20240614,300798,6.63,6.62,6.66,6.49,6.63,3236900,21351129.0,5768
20240614,300800,10.05,9.9,10.12,9.87,10.02,950740,9536386.4,3841
20240614,300801,16.17,16.08,16.15,15.78,15.84,2525399,40087480.13,5657
20240614,300802,16.07,15.91,16.1,15.78,16.01,1564046,24898591.78,4669
20240614,300803,42.2,41.97,43.94,41.68,43.43,15306073,654758226.02,42633
20240614,300805,6.6,6.59,6.63,6.51,6.6,3168600,20800939.0,6429
20240614,300806,11.88,11.45,11.46,10.9,10.95,37900911,421802990.81,39289
20240614,300807,21.5,21.5,22.39,21.02,22.24,2439068,53520033.6,4732
20240614,300808,15.46,15.49,15.84,15.17,15.81,1220300,19035901.0,3192
20240614,300809,20.63,20.65,20.65,20.18,20.27,2177914,44245984.38,6463
20240614,300810,16.06,16.05,16.06,15.69,15.9,1953500,30948095.0,6031
20240614,300811,41.33,40.95,41.69,40.27,41.33,2693751,110827817.47,8771
20240614,300812,23.31,23.02,23.82,22.48,23.36,7611395,176178459.9,15929
20240614,300813,18.13,18.25,18.33,17.6,17.92,1337546,23985741.52,4553
20240614,300814,31.53,30.91,31.51,29.53,31.03,9592316,292732048.62,19145
20240614,300815,12.36,12.36,12.39,12.2,12.38,2016480,24792945.4,6155
20240614,300816,23.85,23.87,24.0,23.43,23.91,369100,8795758.0,1254
20240614,300817,13.16,12.4,12.54,11.91,12.45,21699057,266560756.52,26546
20240614,300818,26.55,26.49,27.08,26.36,26.69,960910,25670623.4,3694
20240614,300819,12.72,12.79,12.79,12.41,12.6,1571100,19858501.5,2946
20240614,300820,44.71,45.13,45.55,44.06,44.75,3707928,165941634.11,11561
20240614,300821,7.54,7.59,7.59,7.36,7.52,5209900,38789427.0,12219
20240614,300822,15.53,14.63,14.91,14.01,14.56,36626487,530224114.64,48912
20240614,300823,11.81,11.81,11.85,11.48,11.57,3444211,40068101.18,7224
20240614,300824,7.74,7.72,7.86,7.66,7.83,2965300,23116632.0,3227
20240614,300825,10.18,10.18,10.19,9.92,10.17,7622450,76531315.0,8404
20240614,300826,11.06,10.91,11.25,10.88,11.11,2088800,23190793.0,5169
20240614,300827,25.25,25.25,25.31,23.21,24.29,14091631,338075183.18,24907
20240614,300828,11.22,11.18,11.25,10.78,11.23,1371950,15324998.0,4586
20240614,300829,15.67,15.64,15.69,15.39,15.44,1830872,28339738.08,5041
20240614,300830,5.49,5.47,5.67,5.39,5.58,7291000,40672503.0,8050
20240614,300831,12.12,11.98,12.34,11.79,12.25,9088200,110303839.0,8425
20240614,300832,75.8,75.58,77.11,69.8,70.54,19159680,1388497899.93,67023
20240614,300833,51.7,51.7,52.38,51.18,52.27,325550,16914627.0,1854
20240614,300834,17.37,17.35,17.46,17.18,17.44,260768,4517300.05,851
20240614,300835,23.45,23.45,23.65,23.14,23.56,992100,23221700.0,4710
20240614,300836,34.94,35.04,35.23,34.13,34.66,1272180,44129127.5,4591
20240614,300837,21.42,21.41,21.6,21.12,21.41,594700,12724081.0,2688
20240614,300838,10.33,10.21,10.35,10.02,10.3,855968,8756310.96,1913
20240614,300839,6.78,5.91,6.0,5.42,5.43,18455775,104355099.01,10520
20240614,300840,10.9,11.03,11.03,10.49,10.64,7997700,85108685.0,15761
20240614,300841,55.4,55.52,55.92,54.4,55.92,1560804,85945629.69,8765
20240614,300842,46.82,46.91,47.45,45.91,46.65,3600253,167951699.3,12637
20240614,300843,28.27,28.51,29.28,28.07,29.12,12886412,372798241.79,30188
20240614,300844,24.88,24.66,25.16,24.05,24.83,1360400,33567828.0,4162
20240614,300845,10.25,10.23,10.4,10.16,10.4,4336100,44498805.8,6029
20240614,300846,9.49,9.51,9.6,9.34,9.58,5380810,51138537.0,9815
20240614,300847,14.97,14.95,15.1,14.85,15.04,3368134,50489477.86,3907
20240614,300848,16.34,16.3,16.98,16.0,16.69,2843070,46932825.52,5488
20240614,300849,12.69,12.66,12.7,12.58,12.69,884150,11191717.5,1113
20240614,300850,17.32,17.29,17.48,17.01,17.18,5869729,101223049.57,15632
20240614,300851,23.11,23.1,23.39,22.86,23.25,293899,6816941.08,849
20240614,300852,25.0,24.6,25.67,23.97,25.37,5494881,136605530.06,9216
20240614,300853,14.97,14.95,15.18,14.71,14.84,1650100,24565054.0,4609
20240614,300854,10.48,10.56,10.58,10.29,10.43,1573600,16443122.91,3793
20240614,300855,27.87,27.68,27.7,27.32,27.44,2075705,56995945.55,6134
20240614,300856,36.68,36.51,36.9,35.01,35.31,5904397,211175123.16,18520
20240614,300857,56.99,57.2,60.33,57.1,59.65,9548712,564912903.54,30525
20240614,300858,14.74,14.7,15.14,14.52,15.11,1443209,21594594.61,4667
20240614,300859,30.0,29.99,30.38,28.88,29.3,5266457,156066053.84,8813
20240614,300860,22.5,22.41,22.7,22.24,22.29,1179180,26446613.0,3093
20240614,300861,21.48,21.4,21.61,21.12,21.57,2544929,54409554.05,9343
20240614,300862,24.23,24.23,25.44,23.78,25.0,4865237,120002726.48,6750
20240614,300863,35.22,35.0,35.36,33.58,33.67,2389258,81313154.51,4887
20240614,300864,21.75,21.72,22.05,21.5,21.98,1380511,30100601.1,3426
20240614,300865,15.79,15.79,15.9,15.21,15.73,541200,8507285.0,1917
20240614,300866,73.3,73.29,73.74,71.69,72.78,4089043,297506256.73,21468
20240614,300867,11.49,11.45,11.63,11.37,11.42,1855200,21269441.0,4996
20240614,300868,20.3,20.77,21.98,18.6,19.02,24289124,487580336.78,46614
20240614,300869,14.31,14.19,14.3,13.96,14.0,2405540,33845395.19,6139
20240614,300870,46.3,45.91,46.99,45.48,46.55,2614753,121176829.35,9541
20240614,300871,10.26,10.24,10.26,10.01,10.18,2092756,21175115.07,5754
20240614,300872,12.66,12.74,13.18,12.52,13.09,8903046,115591342.2,19329
20240614,300873,15.52,15.5,15.65,15.35,15.55,1313031,20309593.07,3991
20240614,300875,23.24,23.21,23.23,22.75,23.0,1785980,40967851.8,4719
20240614,300876,17.73,17.59,18.08,17.38,17.92,748355,13303615.5,1986
20240614,300877,11.06,11.06,11.06,10.74,11.01,988482,10786866.82,2269
20240614,300878,15.25,15.16,15.25,14.86,15.04,782040,11745183.2,3312
20240614,300879,13.01,13.0,13.59,12.87,13.12,2863100,37851250.0,7023
20240614,300880,19.3,19.3,20.9,19.09,20.44,14287827,290473494.72,24367
20240614,300881,25.41,25.58,26.03,25.28,25.92,1526720,39442733.2,4784
20240614,300882,18.11,17.95,19.19,17.66,17.67,18659848,343796476.14,25296
20240614,300883,4.35,4.36,4.39,4.28,4.35,3639666,15804684.1,5398
20240614,300884,8.39,8.38,8.8,8.28,8.54,6425050,54797482.2,11561
20240614,300885,7.63,7.63,7.75,7.47,7.63,3712517,28370746.23,8561
20240614,300886,16.68,16.71,16.82,16.25,16.53,739360,12205249.8,2597
20240614,300887,8.14,8.03,8.14,7.95,8.04,7300430,58626841.86,13244
20240614,300888,27.93,27.87,27.87,26.79,27.42,4748823,129137230.37,14292
20240614,300889,10.01,10.01,10.09,9.72,10.07,1763200,17606010.0,4178
20240614,300890,27.16,27.1,27.8,26.72,27.48,4309282,117398410.1,8313
20240614,300891,8.32,8.24,8.32,8.18,8.28,3309200,27335670.0,7686
20240614,300892,14.66,14.69,15.32,14.41,14.66,1628100,24093128.0,4782
20240614,300893,30.37,30.27,30.3,29.61,29.7,1186967,35369597.88,6558
20240614,300894,14.29,14.25,14.66,14.12,14.6,7615170,109828648.28,11639
20240614,300895,24.81,24.87,25.25,24.5,25.17,2229009,55660773.85,5020
20240614,300896,188.91,188.8,188.8,181.81,185.89,4379368,808964695.27,27461
20240614,300897,18.41,18.26,18.47,17.99,18.38,463152,8489691.72,1690
20240614,300898,17.79,18.43,19.0,18.09,18.09,3422156,63088814.28,7291
20240614,300899,18.73,18.79,18.87,18.23,18.76,1428300,26580657.0,4085
20240614,300900,26.71,26.71,26.73,26.16,26.38,6045900,159434132.0,14909
20240614,300901,7.48,7.54,7.7,7.2,7.67,5209600,39046538.0,5258
20240614,300902,19.15,19.14,19.14,18.69,18.81,1677414,31604324.62,3990
20240614,300903,7.14,7.0,7.4,6.9,7.25,35514571,255198084.08,24849
20240614,300905,31.66,31.73,32.18,31.03,31.48,6664900,209580388.0,24686
20240614,300906,23.93,23.6,25.08,23.2,24.29,5587548,135726273.16,9812
20240614,300907,19.46,19.1,19.34,18.92,19.13,1666364,31811531.4,5078
20240614,300908,29.99,29.8,30.56,29.8,30.41,928505,28036988.0,3354
20240614,300909,23.8,23.19,23.99,22.85,23.35,4549150,105645537.5,13271
20240614,300910,46.46,46.89,46.89,46.22,46.44,633300,29425967.22,3255
20240614,300911,25.57,25.65,25.77,25.3,25.57,817840,20867098.5,2132
20240614,300912,9.5,9.73,9.73,9.28,9.35,1764300,16601267.0,3514
20240614,300913,35.08,34.8,36.65,34.8,36.29,12413289,447657946.46,24782
20240614,300915,27.62,27.92,28.2,27.6,28.2,376550,10513702.5,1685
20240614,300916,26.63,26.41,26.5,25.32,25.66,4650257,119177426.88,12853
20240614,300917,38.0,37.82,41.5,37.0,39.5,23399246,915896868.55,55159
20240614,300918,11.29,11.13,11.18,10.72,10.85,18224240,198820829.92,15247
20240614,300919,35.82,35.76,35.82,34.93,35.23,5832979,205317842.87,21479
20240614,300920,14.98,14.96,15.05,14.51,14.91,1367500,20351457.0,4412
20240614,300921,16.86,17.11,17.28,16.7,17.22,1691154,28854240.7,5390
20240614,300922,13.41,13.33,13.5,13.21,13.45,4157420,55698050.2,7394
20240614,300923,16.33,16.27,16.6,16.04,16.37,668700,10922064.0,1820
20240614,300925,10.45,10.36,10.63,10.2,10.57,18841001,196702855.43,24577
20240614,300926,18.93,19.0,19.14,18.7,18.96,2726811,51436322.93,8170
20240614,300927,15.94,15.76,16.08,15.6,15.64,3998664,63032378.88,5715
20240614,300928,36.37,36.02,37.08,35.27,36.5,1484500,53403192.33,4785
20240614,300929,7.73,7.68,7.72,7.5,7.63,1104499,8441725.57,2118
20240614,300930,16.71,16.52,16.84,16.4,16.77,487358,8121436.06,1289
20240614,300931,5.49,5.49,5.56,5.35,5.5,2639028,14479057.2,3213
20240614,300932,9.4,9.47,10.32,9.35,9.66,9668661,94421950.13,13522
20240614,300933,5.95,6.06,7.14,6.03,7.14,36599903,255505680.58,9694
20240614,300935,15.62,15.59,15.77,15.18,15.57,1024540,15894193.0,3134
20240614,300936,36.23,36.02,37.48,34.85,37.37,5684543,207032544.24,12092
20240614,300937,21.59,21.59,21.77,21.4,21.66,575700,12453019.0,1315
20240614,300938,22.33,22.4,22.4,21.89,22.12,900148,19864634.69,2284
20240614,300939,27.66,27.66,30.4,27.26,29.19,6914163,202549763.26,17427
20240614,300940,13.05,13.22,13.22,12.81,12.85,1888020,24400786.4,5542
20240614,300941,16.91,16.88,17.45,16.72,17.21,5148450,88184185.54,10930
20240614,300942,6.56,6.63,6.63,6.37,6.39,3266200,21053319.0,7512
20240614,300943,10.85,10.85,11.12,10.54,10.87,4266452,46583002.45,4806
20240614,300945,9.17,9.17,9.23,9.04,9.21,5391731,49386823.6,6250
20240614,300946,23.22,23.38,23.38,22.54,22.97,651020,14912113.47,2669
20240614,300947,15.07,15.09,16.45,14.98,16.06,18801405,294342626.95,30930
20240614,300948,8.83,8.95,8.95,8.56,8.83,1204790,10592369.6,1744
20240614,300949,30.85,30.61,31.16,30.22,31.03,754900,23251181.0,3330
20240614,300950,15.53,15.52,15.75,15.44,15.67,2199050,34362762.0,6487
20240614,300951,30.43,30.5,30.56,29.42,29.94,4107990,122420818.86,14881
20240614,300952,18.31,18.18,18.25,17.71,17.83,1576800,28137429.0,4530
20240614,300953,57.29,57.9,57.9,56.16,56.89,997752,56582278.76,6751
20240614,300955,13.43,13.32,13.46,13.11,13.35,471800,6290421.0,1671
20240614,300956,26.88,26.73,28.0,24.66,26.2,31911757,835401737.05,59283
20240614,300957,52.26,52.09,52.45,51.0,51.4,2503038,129007164.46,10297
20240614,300958,10.97,10.9,11.04,10.82,10.96,1420700,15534388.0,2449
20240614,300959,24.03,24.02,24.3,23.72,24.13,412400,9931454.0,1435
20240614,300960,15.23,15.37,15.46,14.87,15.34,967901,14815114.39,2307
20240614,300961,7.86,7.86,7.91,7.73,7.9,1476800,11600206.0,2288
20240614,300962,13.32,13.39,13.42,13.19,13.39,944676,12560725.84,1674
20240614,300963,10.3,10.25,10.41,10.1,10.34,2074165,21347754.46,4332
20240614,300964,32.1,31.85,32.85,31.04,32.73,3040725,97681327.07,8180
20240614,300965,28.97,28.66,28.98,28.42,28.69,491178,14057518.88,717
20240614,300966,17.59,17.54,17.6,17.25,17.48,2130485,37078221.9,6482
20240614,300967,9.92,9.92,9.93,9.6,9.86,5799243,56615694.52,6770
20240614,300968,9.1,9.04,9.11,8.82,9.03,7999900,71741574.0,15178
20240614,300969,81.7,82.0,82.31,79.9,80.35,496580,40105546.0,3107
20240614,300970,12.17,12.06,12.21,11.97,12.09,1722703,20816359.66,3698
20240614,300971,17.59,17.48,17.6,17.14,17.27,1611845,27901329.95,3946
20240614,300972,22.33,22.12,22.4,21.98,22.2,941725,20872223.45,3832
20240614,300973,31.88,31.62,32.37,31.45,32.29,1208149,38495957.73,6320
20240614,300975,9.53,9.54,9.59,9.39,9.55,18965233,180080139.47,19943
20240614,300976,46.02,44.88,44.98,43.64,44.05,2383354,105006240.56,8276
20240614,300977,13.85,13.95,14.17,13.57,14.12,1660262,23229546.96,3373
20240614,300978,9.78,9.72,9.84,9.58,9.77,2273486,22105011.16,7445
20240614,300979,67.1,66.84,67.9,66.52,67.63,1587309,106973758.74,9194
20240614,300980,16.34,16.35,16.35,15.97,16.29,730850,11826199.0,2574
20240614,300981,10.65,10.72,10.72,10.49,10.62,1725228,18299591.84,6748
20240614,300982,20.33,20.35,21.08,20.11,20.85,6361337,132241619.95,10273
20240614,300983,15.25,15.08,15.44,15.0,15.39,296895,4529001.46,668
20240614,300984,23.44,24.44,24.69,22.02,23.15,1920811,44247962.5,4892
20240614,300985,17.14,16.99,17.3,16.9,17.08,1649620,28301633.4,4886
20240614,300986,7.09,7.54,7.63,6.88,6.99,4589560,32218620.65,10248
20240614,300987,12.61,12.61,12.83,12.52,12.8,1882972,23977479.2,3826
20240614,300988,19.12,19.0,20.39,18.59,19.85,15855198,309678781.7,34159
20240614,300989,12.43,12.38,12.68,12.32,12.51,4583555,57328296.9,7143
20240614,300990,32.66,32.47,33.0,32.13,32.3,1709164,55570689.84,5562
20240614,300991,16.5,16.58,16.84,16.12,16.75,12541205,207991486.35,19260
20240614,300992,15.85,16.77,17.8,15.71,15.83,2654800,43635128.63,6133
20240614,300993,9.63,9.52,9.72,9.45,9.5,13969541,133278734.12,12250
20240614,300994,10.63,10.55,10.75,10.46,10.69,1831689,19497138.18,4449
20240614,300995,15.71,15.61,15.75,15.32,15.55,1182191,18397704.52,3573
20240614,300996,14.28,14.3,14.48,14.02,14.2,1803500,25522210.8,5793
20240614,300997,12.94,12.83,12.98,12.59,12.87,2003400,25615534.0,7531
20240614,300998,23.4,23.15,24.0,23.15,23.67,1457653,34430606.55,1767
20240614,300999,28.69,28.68,29.02,28.3,28.99,7119248,203895037.6,20580
20240614,301000,20.12,20.18,20.31,19.64,19.87,4504239,89670353.02,9217
20240614,301001,17.86,17.84,17.95,17.22,17.31,3004000,52367556.0,6049
20240614,301002,14.33,14.33,14.62,14.02,14.46,1240648,17856966.12,4470
20240614,301003,22.37,22.37,22.41,21.69,22.33,529180,11754837.4,2535
20240614,301004,83.0,83.0,87.15,82.19,86.08,990800,84859920.0,5365
20240614,301005,25.94,25.94,25.94,24.91,25.0,5024140,126444604.48,13106
20240614,301006,12.13,12.34,12.34,11.94,12.07,577600,6964864.0,1391
20240614,301007,11.94,11.88,11.94,11.48,11.77,6127406,71422991.62,13530
20240614,301008,26.41,26.41,26.9,26.2,26.82,1445360,38561118.4,3741
20240614,301009,7.78,7.74,7.83,7.59,7.81,1952679,15129249.46,4479
20240614,301010,11.96,11.96,11.99,11.62,11.89,1045091,12367980.35,3082
20240614,301011,15.73,15.63,15.83,15.42,15.54,1028958,16028739.36,4521
20240614,301012,25.5,25.07,26.44,25.07,25.38,10982698,283664346.54,27279
20240614,301013,10.41,10.4,10.6,10.12,10.54,7051100,73840886.5,13372
20240614,301015,29.29,29.21,29.27,28.6,28.77,1416152,40741231.24,7406
20240614,301016,17.11,17.0,17.44,16.8,17.16,1820275,31246471.25,4098
20240614,301017,11.41,11.3,11.46,10.9,11.08,3244200,36028267.0,5350
20240614,301018,20.42,20.47,20.85,20.1,20.64,3383051,69821700.46,10522
20240614,301019,19.98,19.92,20.05,19.71,19.87,487600,9700761.0,1225
20240614,301020,16.42,16.42,16.5,16.1,16.33,662100,10776765.0,2763
20240614,301021,16.57,16.57,16.57,16.01,16.29,1757603,28562468.87,5299
20240614,301022,20.71,20.52,20.62,20.03,20.48,1100060,22425960.8,3821
20240614,301023,30.49,30.29,30.6,29.61,30.09,522900,15794163.0,1785
20240614,301024,19.48,19.47,19.85,19.4,19.5,842000,16496328.0,2383
20240614,301025,9.92,9.97,10.1,9.76,9.86,8014803,79186737.58,12487
20240614,301026,24.18,24.47,24.54,23.5,23.71,1575526,37513330.02,3732
20240614,301027,7.04,7.03,7.08,6.9,6.98,2284986,15936938.86,3404
20240614,301028,9.02,9.0,9.1,8.87,9.02,2814473,25387817.9,8488
20240614,301029,21.71,21.67,21.67,21.13,21.23,3636554,77494501.58,10177
20240614,301030,30.57,30.54,30.79,29.52,29.8,4345189,130539090.8,16607
20240614,301031,88.29,87.15,88.4,85.48,86.17,720099,62442140.31,4225
20240614,301032,6.83,6.84,6.84,6.6,6.74,2197913,14826478.49,6025
20240614,301033,39.88,40.0,40.0,39.0,39.39,344300,13571369.0,2003
20240614,301035,49.1,49.0,49.1,47.8,48.41,917930,44249020.9,4065
20240614,301036,32.86,31.84,33.11,30.39,32.63,22099096,707154811.64,58710
20240614,301037,9.05,9.13,9.18,8.65,8.95,2013900,17935563.8,4869
20240614,301038,13.76,13.9,14.09,13.55,14.05,1824946,25512383.84,4220
20240614,301039,9.39,9.35,9.45,9.17,9.29,12748500,118180303.0,10843
20240614,301040,10.51,10.51,10.54,10.22,10.38,1178541,12286368.45,3004
20240614,301041,25.88,25.44,27.29,24.62,26.95,15372752,402258094.83,29115
20240614,301042,35.13,34.78,35.66,34.18,35.65,1665735,58435129.86,3807
20240614,301043,24.24,24.2,24.34,23.53,24.14,610700,14702029.0,2086
20240614,301045,19.24,19.12,19.36,18.73,19.34,1383687,26496965.75,3828
20240614,301046,20.41,20.31,21.09,20.24,20.72,1905700,39512181.0,3919
20240614,301047,62.08,61.97,61.97,59.98,61.08,1793700,108742926.2,8247
20240614,301048,8.9,8.87,8.87,8.65,8.74,4772400,41656768.0,3500
20240614,301049,19.7,19.69,19.73,19.24,19.35,1783089,34574929.42,6032
20240614,301050,50.53,50.19,50.19,48.87,49.52,4053789,200027197.75,13417
20240614,301051,26.32,26.32,26.56,25.62,25.77,1374530,35462997.1,4814
20240614,301052,21.54,21.6,21.9,21.41,21.8,3249779,70426732.96,8666
20240614,301053,19.58,19.58,19.58,19.08,19.51,549350,10659404.2,2336
20240614,301055,11.22,11.16,11.31,10.91,11.18,818359,9121913.48,3082
20240614,301056,8.03,7.97,8.15,7.89,8.01,3066144,24601130.68,8799
20240614,301057,11.77,11.69,11.7,11.45,11.59,1369318,15827864.08,2857
20240614,301058,9.42,9.41,9.74,9.36,9.59,6516100,62375744.0,4837
20240614,301059,9.26,9.3,9.32,9.06,9.14,1162180,10643087.1,3530
20240614,301060,9.22,8.72,9.18,8.72,8.98,5321291,47789462.02,14479
20240614,301061,47.35,46.9,49.19,46.85,49.08,1708165,82846602.7,9321
20240614,301062,10.33,10.36,10.64,10.25,10.59,2106400,21991116.0,4148
20240614,301063,14.68,14.66,14.93,14.45,14.73,1332253,19657580.57,2953
20240614,301065,16.65,16.7,16.78,16.41,16.6,577800,9592666.5,2457
20240614,301066,8.69,8.74,8.77,8.46,8.66,2522522,21770276.52,6741
20240614,301067,18.68,18.75,18.79,18.3,18.67,1500495,27826654.72,4957
20240614,301068,23.0,23.08,23.08,22.48,22.49,189567,4299519.23,665
20240614,301069,14.32,14.36,14.48,13.99,14.09,3270265,46170370.14,8663
20240614,301070,44.4,43.52,43.55,41.03,41.13,1236376,52061382.47,3725
20240614,301071,29.83,29.69,29.9,29.4,29.75,1806898,53536445.97,6902
20240614,301072,19.22,19.4,19.4,18.67,19.22,808781,15426953.58,2372
20240614,301073,18.81,18.9,19.77,18.51,19.47,8920381,172823689.72,21618
20240614,301075,16.57,16.58,16.58,16.0,16.33,996434,16196993.58,3163
20240614,301076,20.15,20.1,20.19,19.65,19.86,2310929,45765593.72,5578
20240614,301077,18.41,18.57,18.59,18.15,18.43,1139500,20868356.0,3803
20240614,301078,5.53,5.54,5.58,5.4,5.56,9623026,52869654.7,12475
20240614,301079,11.39,11.37,11.88,11.12,11.59,5080599,58288152.34,6856
20240614,301080,38.73,38.62,38.65,37.17,37.54,1714100,64518060.2,6960
20240614,301081,7.72,7.76,7.76,7.52,7.68,1909124,14656185.48,5191
20240614,301082,11.52,12.18,13.82,12.1,13.45,51537916,690373015.57,41937
20240614,301083,13.45,13.46,13.6,13.1,13.5,5207830,69603328.25,11410
20240614,301085,43.67,43.15,45.4,43.01,45.09,2466688,110091781.44,9308
20240614,301086,35.58,36.16,41.22,36.02,38.4,4825150,185495541.0,14924
20240614,301087,34.9,34.9,34.99,34.46,34.9,488535,16978409.45,2766
20240614,301088,11.51,11.53,11.65,11.36,11.61,655538,7557894.1,2039
20240614,301089,33.12,33.13,33.25,32.61,33.06,1776700,58503326.0,5316
20240614,301090,7.41,7.41,7.42,7.25,7.32,4436364,32451904.93,9253
20240614,301091,25.23,25.07,25.64,24.71,25.53,10328354,260020370.01,22107
20240614,301092,24.3,24.5,24.5,23.77,24.11,771123,18621272.37,3049
20240614,301093,21.18,21.05,21.09,20.81,20.94,736300,15420835.0,1583
20240614,301095,47.86,47.35,47.39,46.01,46.97,5775030,269474693.68,21002
20240614,301096,61.33,61.15,61.15,59.42,60.46,622105,37430488.69,3256
20240614,301097,39.96,40.6,40.6,39.49,39.76,88249,3510219.24,445
20240614,301098,7.72,7.72,7.77,7.5,7.72,1125250,8655625.0,2299
20240614,301099,46.0,46.3,46.92,45.48,46.69,7056127,326733517.36,21898
20240614,301100,13.71,13.71,13.73,13.47,13.63,759484,10323834.56,3309
20240614,301101,24.06,24.06,24.2,23.27,23.38,1397313,32909598.57,4372
20240614,301102,12.82,12.8,12.89,12.61,12.7,1816390,23131056.2,5564
20240614,301103,23.11,23.11,23.17,22.69,22.9,667107,15279446.93,1780
20240614,301105,25.05,25.15,25.3,24.75,25.2,415200,10392278.0,2013
20240614,301106,30.6,30.88,32.18,29.6,31.76,5379880,168010742.27,11736
20240614,301107,26.2,26.0,26.78,25.64,26.13,1858900,48776543.0,4513
20240614,301108,25.9,25.9,26.03,25.61,26.03,119922,3104023.74,414
20240614,301109,16.22,16.11,16.29,16.04,16.24,1568131,25335300.46,5194
20240614,301110,28.41,28.12,28.5,28.05,28.34,595680,16823945.0,2359
20240614,301111,14.6,14.46,14.75,14.38,14.56,1786179,26023750.56,5272
20240614,301112,19.31,19.15,19.39,18.85,19.16,686599,13087601.88,2805
20240614,301113,19.61,19.41,19.75,18.93,19.71,727000,14205333.0,2267
20240614,301115,14.92,14.92,14.99,14.77,14.89,426420,6337349.85,841
20240614,301116,9.54,9.45,9.63,9.38,9.59,2357412,22429491.46,6485
20240614,301117,27.18,27.09,27.38,26.52,26.96,1588800,42584994.0,5272
20240614,301118,15.28,15.28,15.36,14.82,15.09,1306551,19680414.61,3268
20240614,301119,18.85,18.65,18.82,18.25,18.67,1496230,27734470.6,5317
20240614,301120,9.45,9.3,9.96,9.27,9.68,10455358,101332634.78,9019
20240614,301121,37.62,37.3,38.99,36.45,38.55,2987215,112361380.93,6868
20240614,301122,20.36,20.3,20.3,19.92,20.09,1050100,21072977.7,4106
20240614,301123,18.5,18.4,18.96,18.3,18.86,9163279,171548448.46,24700
20240614,301125,12.54,12.43,12.53,12.23,12.43,1271297,15788005.02,3155
20240614,301126,9.18,9.11,9.18,8.98,9.04,2698524,24438982.2,5505
20240614,301127,11.68,11.73,11.94,11.63,11.91,4277555,50689413.0,6301
20240614,301128,38.75,38.22,39.37,38.09,39.13,1972700,76591866.9,7083
20240614,301129,19.82,19.22,19.56,18.74,19.35,7933418,151988888.91,14923
20240614,301130,23.93,23.99,24.07,23.5,23.92,265100,6298437.0,959
20240614,301131,36.79,36.88,36.88,36.3,36.79,819090,29985969.2,2785
20240614,301132,22.82,22.5,24.49,21.61,24.41,12755800,296515549.06,19972
20240614,301133,21.21,21.22,21.22,20.61,21.12,982086,20568945.22,4690
20240614,301135,19.25,18.97,19.41,18.97,19.13,1565938,30002391.8,4251
20240614,301136,9.95,9.9,10.18,9.74,10.09,9254100,92551249.0,11224
20240614,301137,14.53,14.42,14.55,14.26,14.42,2020373,29094019.55,3873
20240614,301138,22.67,22.61,22.92,22.02,22.19,1355085,30155765.6,5497
20240614,301139,21.24,21.18,21.7,20.92,21.64,2319766,49593273.24,7962
20240614,301141,29.98,29.72,30.74,29.51,30.56,3539093,107082241.08,7352
20240614,301148,16.65,16.65,16.79,16.32,16.72,498500,8304369.0,1533
20240614,301149,9.81,9.86,9.86,9.47,9.7,4957466,47725327.65,12895
20240614,301150,17.96,17.81,17.99,17.61,17.84,1353115,24087577.8,3635
20240614,301151,14.5,14.52,14.72,14.3,14.59,1668900,24328395.0,4283
20240614,301152,22.07,22.1,22.37,21.73,22.01,1060201,23371135.59,2924
20240614,301153,27.19,27.4,27.83,26.47,27.31,3858768,104482172.47,13119
20240614,301155,45.93,45.49,46.3,45.32,45.99,1012193,46411478.07,5067
20240614,301156,14.45,14.41,15.5,14.27,15.43,9611251,144814773.71,14414
20240614,301157,33.27,32.92,34.18,32.92,33.63,703380,23601175.09,2973
20240614,301158,12.99,13.08,13.09,12.92,12.98,898800,11679363.0,1936
20240614,301159,26.5,26.4,27.03,25.91,26.77,1660030,43934904.1,6646
20240614,301160,41.36,41.75,41.75,40.0,40.9,1396200,56628268.0,5260
20240614,301161,15.41,15.44,15.57,15.18,15.3,991300,15211442.0,3529
20240614,301162,49.38,49.0,51.5,48.51,49.71,3509660,175991900.4,10154
20240614,301163,20.46,20.71,20.85,20.3,20.36,1203654,24663973.92,2994
20240614,301165,31.91,31.98,32.95,31.3,32.7,6130753,198356023.78,22710
20240614,301166,27.74,27.59,27.78,27.3,27.5,409353,11254216.33,1208
20240614,301167,11.67,11.65,11.78,11.44,11.73,1169780,13668690.0,1992
20240614,301168,30.3,30.29,31.11,29.71,30.5,1746400,53387168.0,4833
20240614,301169,27.76,27.88,28.1,27.28,27.89,1300200,36021270.0,5781
20240614,301171,15.2,15.2,15.36,15.03,15.26,7651833,116196802.91,16812
20240614,301175,4.6,4.61,4.61,4.53,4.58,6852370,31337395.3,7149
20240614,301176,23.79,24.0,26.88,22.9,26.41,25930577,656824625.29,51745
20240614,301177,21.04,20.85,21.16,20.8,21.02,999612,20938086.44,5628
20240614,301178,18.93,18.9,19.16,18.38,19.06,1241000,23522023.0,3140
20240614,301179,20.01,19.67,21.09,19.37,19.42,14530706,294074100.0,19244
20240614,301180,14.06,14.31,14.35,13.77,13.88,5241300,73023381.23,14631
20240614,301181,19.28,19.13,19.3,18.54,19.2,962240,18311691.6,3660
20240614,301182,15.89,15.89,16.3,15.21,15.98,2212616,35070296.72,6040
20240614,301183,38.12,37.91,45.74,37.26,45.74,11482994,505176320.59,23898
20240614,301185,14.75,14.74,14.91,14.49,14.89,1828500,27024682.0,5282
20240614,301186,32.07,31.7,32.16,31.26,32.03,568100,18069644.0,2260
20240614,301187,21.17,21.08,21.47,20.89,21.29,2032102,43039611.34,8327
20240614,301188,15.92,15.8,16.19,15.7,15.96,1578326,25215398.76,6388
20240614,301189,21.17,20.95,21.2,20.75,20.89,884446,18458939.72,2925
20240614,301190,15.64,15.86,15.86,15.51,15.53,422831,6595523.43,745
20240614,301191,72.13,71.83,75.11,70.49,73.78,3126475,228502752.85,11014
20240614,301192,17.33,17.3,17.55,16.62,17.55,1345732,23331514.78,3411
20240614,301193,17.75,17.64,17.84,17.36,17.54,1218200,21314871.0,5139
20240614,301195,32.29,31.9,32.39,31.74,32.28,831350,26603884.5,3595
20240614,301196,28.8,28.53,28.71,28.34,28.56,382430,10900993.95,1310
20240614,301197,12.32,12.32,12.4,12.04,12.37,1160262,14265682.37,3539
20240614,301198,7.98,7.91,7.99,7.75,7.91,1793906,14088278.4,3988
20240614,301199,24.04,24.06,24.18,23.48,23.89,2165000,51658419.0,7014
20240614,301200,33.77,33.76,33.84,33.18,33.48,1124129,37640985.19,7228
20240614,301201,19.37,19.45,19.45,18.85,19.0,1218818,23176662.62,4152
20240614,301205,67.61,67.49,74.6,66.86,72.56,6844493,488945440.38,30517
20240614,301206,25.77,25.77,26.09,25.52,25.82,833445,21469996.85,4422
20240614,301207,18.27,18.27,18.5,18.14,18.44,3543132,65079664.16,11376
20240614,301208,25.78,25.57,30.94,25.57,30.94,15005229,434532432.36,24079
20240614,301209,23.24,23.39,23.44,22.72,23.11,1925700,44436881.0,7536
20240614,301211,15.55,15.67,15.67,15.41,15.55,1164920,18078483.2,3243
20240614,301212,22.2,22.21,22.35,21.79,22.03,1040555,22873026.94,3443
20240614,301213,26.9,26.72,27.58,26.46,27.44,1530400,41329338.0,5263
20240614,301215,5.02,4.99,5.15,4.93,5.09,15333800,77161598.0,6919
20240614,301216,11.49,11.47,11.59,11.37,11.55,1488150,17094697.0,3714
20240614,301217,10.28,10.26,10.6,10.14,10.48,6024418,62820237.78,12015
20240614,301218,19.94,19.99,20.35,19.5,20.28,2064500,41478250.0,7806
20240614,301219,40.5,40.28,40.97,39.9,40.77,2531406,102476197.15,11940
20240614,301220,26.02,25.8,26.22,25.62,25.82,501785,12995544.0,1788
20240614,301221,33.65,33.69,40.38,32.8,39.49,10181045,390725692.5,21328
20240614,301222,23.91,23.78,24.36,23.6,23.71,974400,23278668.0,4045
20240614,301223,14.55,14.64,14.68,14.36,14.68,581962,8436820.86,1744
20240614,301226,15.61,15.64,15.89,15.35,15.73,1220163,19160370.45,2871
20240614,301227,20.37,20.5,20.7,19.82,20.6,589186,12067968.76,1480
20240614,301228,9.85,9.81,9.88,9.5,9.85,2027201,19753300.84,5527
20240614,301229,27.4,26.1,26.5,24.42,24.89,10707496,267630594.94,18193
20240614,301230,31.38,31.29,31.31,30.6,31.0,2237569,69036827.36,6169
20240614,301231,18.35,18.17,18.81,17.46,17.51,10117218,181172192.36,16209
20240614,301233,37.37,37.28,37.59,36.77,37.37,894900,33364818.42,2182
20240614,301234,22.01,22.01,22.15,21.63,21.91,544604,11921935.96,1940
20240614,301235,18.48,18.39,18.39,18.03,18.19,501900,9117003.0,1254
20240614,301236,40.92,40.68,42.23,40.5,41.46,56414135,2339462944.71,105950
20240614,301237,21.1,21.0,21.0,20.55,20.67,404500,8386393.0,1346
20240614,301238,16.26,16.27,16.35,16.0,16.3,4262463,68978013.34,9347
20240614,301239,41.04,41.06,41.1,40.1,40.49,1319475,53391563.09,6005
20240614,301246,14.48,14.55,14.55,14.21,14.32,2658407,38094177.45,7940
20240614,301248,13.19,13.2,13.43,13.0,13.37,3609390,47965187.14,6215
20240614,301255,37.01,36.01,36.49,35.03,35.18,4699500,168339897.62,10783
20240614,301256,6.41,6.4,6.45,6.3,6.35,1700500,10811756.0,4000
20240614,301257,31.16,31.04,31.37,30.12,30.48,772870,23598793.9,3499
20240614,301258,26.66,27.0,27.1,26.34,26.78,2711900,72370788.0,8511
20240614,301259,21.5,21.52,22.11,21.46,21.69,1082930,23549243.62,2256
20240614,301260,14.55,14.49,14.57,14.2,14.25,3070657,43989106.67,9492
20240614,301263,13.06,13.12,13.12,12.79,12.91,1351740,17429314.4,3788
20240614,301265,8.09,8.02,8.1,7.98,8.08,739300,5957856.62,980
20240614,301266,34.49,34.25,35.84,34.25,35.21,3476400,122568181.32,6783
20240614,301267,24.96,24.81,25.65,24.12,24.48,15893073,393727751.44,41787
20240614,301268,17.07,16.78,17.17,16.71,16.96,1024862,17323022.21,4293
20240614,301269,84.69,84.2,84.98,82.4,84.55,4136779,347350627.51,20327
20240614,301270,23.71,23.75,25.25,23.37,24.84,3903930,95552046.7,10734
20240614,301273,15.92,15.94,16.0,15.19,15.77,659925,10365621.49,2591
20240614,301276,21.75,22.0,22.0,21.65,21.9,422792,9210154.88,1671
20240614,301277,13.96,13.97,13.98,13.76,13.94,3576597,49591049.57,9240
20240614,301278,36.52,36.33,37.2,35.86,36.47,1009638,36942771.12,2961
20240614,301279,17.02,16.72,16.99,16.6,16.84,632596,10633658.44,2028
20240614,301280,39.88,39.92,40.5,39.38,40.37,1165525,46500832.4,5677
20240614,301282,19.03,19.0,20.05,18.29,19.69,11483331,221463591.75,15633
20240614,301283,30.85,30.69,30.77,30.33,30.65,541999,16559080.34,2371
20240614,301285,24.92,24.89,25.48,24.67,25.4,4649701,117287064.25,10761
20240614,301286,30.4,30.84,30.87,29.74,30.21,701600,21153768.0,3559
20240614,301288,11.52,11.55,11.59,11.17,11.35,759500,8650183.0,2073
20240614,301289,40.08,40.17,41.65,40.17,40.8,1593200,65153876.0,4345
20240614,301290,20.22,20.17,20.36,20.04,20.26,538462,10889543.34,2493
20240614,301296,8.05,8.08,8.09,7.94,8.0,1960752,15701635.22,5232
20240614,301297,23.23,22.9,23.45,22.46,23.33,15533713,357968243.02,23907
20240614,301298,12.74,12.74,12.79,12.52,12.71,977400,12381088.0,4034
20240614,301299,44.41,44.06,45.95,43.88,45.79,2499833,112647577.81,10299
20240614,301300,21.94,21.6,21.89,21.52,21.72,521872,11334903.3,1930
20240614,301301,13.52,13.52,14.16,13.42,13.84,91999320,1277692943.89,118567
20240614,301302,17.91,17.99,18.02,17.7,17.91,1700444,30389653.46,5328
20240614,301303,12.43,12.4,12.47,12.2,12.35,1785115,22046363.84,3899
20240614,301306,46.7,44.4,45.47,42.54,43.0,11362346,494781353.14,32212
20240614,301308,94.0,93.0,95.87,92.45,94.31,7325957,690138496.65,31237
20240614,301309,26.76,27.03,27.07,26.31,26.52,463671,12291052.14,2512
20240614,301311,18.88,18.88,19.15,18.61,19.09,4394820,83076122.59,9674
20240614,301312,38.29,37.51,37.51,36.4,37.0,2017380,74389331.0,6481
20240614,301313,20.14,21.78,24.0,21.21,21.65,8905551,198470230.57,22105
20240614,301314,29.71,29.69,30.26,29.12,30.08,564120,16850192.1,1854
20240614,301316,15.83,15.83,15.88,15.52,15.8,5765401,90475487.97,17667
20240614,301317,16.68,16.35,16.82,16.26,16.43,340894,5627915.9,1189
20240614,301318,28.77,30.09,30.98,27.75,27.86,5727157,163698962.94,20763
20240614,301319,31.68,31.4,31.76,31.01,31.63,1098793,34486027.48,4038
20240614,301321,12.0,12.09,12.13,11.7,12.02,2257470,27030127.1,5885
20240614,301322,20.36,20.42,20.46,20.02,20.42,825330,16693546.0,2490
20240614,301326,26.51,26.46,26.52,25.65,26.11,1291748,33685447.31,4470
20240614,301327,61.75,61.75,61.75,60.88,60.96,343197,21008792.82,2554
20240614,301328,43.21,42.36,42.4,40.74,41.23,2965338,124125715.04,6762
20240614,301330,23.0,22.89,23.1,22.62,22.99,1005605,22978865.47,4152
20240614,301331,24.38,24.25,25.06,24.05,24.94,908284,22496048.36,2468
20240614,301333,41.64,41.6,41.6,39.62,39.73,1211700,48541307.0,4455
20240614,301335,16.9,16.74,16.93,16.18,16.58,1211254,19967416.44,2933
20240614,301336,30.02,30.03,30.2,29.52,29.9,323460,9670867.2,1313
20240614,301338,30.35,29.92,30.12,29.5,29.86,1334200,39802145.8,5603
20240614,301339,19.42,19.31,20.11,19.02,19.8,10308561,201515700.71,19133
20240614,301345,63.11,62.98,63.49,61.26,62.78,792680,49455252.8,4589
20240614,301349,30.1,30.0,30.27,29.3,29.66,720024,21345040.35,2579
20240614,301356,14.24,14.31,14.31,13.96,14.07,463105,6504758.75,1474
20240614,301358,40.66,40.68,42.3,39.11,40.33,28224633,1148620887.92,51047
20240614,301359,20.95,20.66,22.54,20.26,21.65,6014541,129245156.07,9491
20240614,301361,30.82,29.5,34.08,29.35,30.21,17905751,567570617.62,40667
20240614,301363,27.41,27.43,28.14,26.9,26.9,5023483,138199964.06,17386
20240614,301365,10.28,10.46,10.46,9.91,10.24,822290,8387234.4,2995
20240614,301366,31.4,31.6,33.25,30.5,32.92,7598465,244990487.03,16291
20240614,301367,65.88,65.8,66.8,64.11,66.0,1441867,94673792.93,6719
20240614,301368,50.45,49.02,49.39,47.2,47.9,10752667,514879250.98,31382
20240614,301369,47.11,46.51,46.53,44.6,46.38,3152990,143460052.58,9406
20240614,301373,24.45,24.31,24.72,23.9,24.2,678321,16392174.66,2702
20240614,301377,16.19,16.19,17.09,15.8,16.49,5420100,89241266.0,17575
20240614,301378,30.15,30.0,30.29,29.45,30.02,555751,16597219.04,2589
20240614,301379,25.89,25.8,26.29,25.34,26.2,3897200,100850300.83,6876
20240614,301380,31.93,31.88,32.25,31.64,32.2,579884,18579407.45,2583
20240614,301386,21.02,20.87,21.44,20.71,20.93,1747979,36999231.33,3465
20240614,301388,20.28,20.28,20.99,19.95,20.74,1592820,32902073.4,2938
20240614,301389,16.38,16.37,16.38,15.9,16.12,11366469,182954598.81,23067
20240614,301391,49.18,49.15,49.28,48.58,49.05,963526,47164513.2,5533
20240614,301396,18.88,18.98,19.1,18.35,19.05,1261160,23797952.0,3896
20240614,301398,43.0,43.32,43.37,42.0,42.46,901000,38167693.0,4258
20240614,301408,11.24,11.2,11.28,11.02,11.12,1522179,16909103.69,5483
20240614,301419,24.8,24.71,25.41,24.52,25.24,1469906,36972616.26,4034
20240614,301439,12.8,12.78,13.18,12.61,13.17,4671994,61114074.24,8037
20240614,302132,39.66,39.51,39.79,39.16,39.72,3205205,126433601.3,8997
20240614,600000,8.13,8.1,8.18,7.99,8.14,44463016,359834402.0,44073
20240614,600004,9.9,9.84,10.1,9.84,10.06,15670278,156611051.0,18283
20240614,600006,6.46,6.45,6.55,6.4,6.54,21051700,136190500.0,16661
20240614,600007,24.79,24.99,24.99,23.88,23.96,2838990,68662060.0,10945
20240614,600008,2.74,2.74,2.77,2.73,2.76,45948035,126718154.0,24004
20240614,600009,33.19,33.1,33.49,32.96,33.38,7815655,259610160.0,19091
20240614,600010,1.42,1.42,1.44,1.42,1.43,117547580,168262147.0,13901
20240614,600011,9.4,9.38,9.55,9.22,9.25,78974785,743332181.0,62034
20240614,600012,13.57,13.6,13.73,13.46,13.49,5367819,72829300.0,12782
20240614,600015,6.6,6.61,6.68,6.57,6.64,29172803,193274723.0,32679
20240614,600016,3.77,3.77,3.79,3.74,3.77,218629840,824119069.0,49188
20240614,600017,2.64,2.66,2.67,2.64,2.66,21600669,57392625.0,11808
20240614,600018,5.63,5.59,5.69,5.57,5.59,33361548,187340530.0,40333
20240614,600019,6.65,6.65,6.81,6.63,6.8,83678411,563206757.0,58559
20240614,600020,3.44,3.44,3.51,3.42,3.49,10889754,37809627.0,7101
20240614,600021,10.32,10.27,10.4,10.15,10.18,37331814,382754426.0,40745
20240614,600022,1.15,1.23,1.27,1.22,1.25,176613068,219446585.0,28756
20240614,600023,7.01,6.97,7.05,6.82,6.88,65219597,453329971.0,42247
20240614,600025,10.74,10.72,10.74,10.44,10.51,37939836,401488994.0,46639
20240614,600026,16.96,16.93,17.32,16.25,16.37,62943263,1044411504.0,70622
20240614,600027,7.27,7.29,7.42,6.98,7.02,187885124,1345201282.0,101301
20240614,600028,6.14,6.13,6.16,6.08,6.15,287543436,1757203515.0,98463
20240614,600029,5.8,5.77,5.8,5.73,5.78,29801618,171728245.0,24118
20240614,600030,18.26,18.24,18.77,18.2,18.63,121165400,2242525169.0,97781
20240614,600031,15.57,15.51,15.75,15.46,15.68,37437772,586026374.0,55423
20240614,600032,8.18,8.17,8.5,8.01,8.02,41100300,337404464.0,52827
20240614,600033,3.38,3.39,3.44,3.37,3.42,44220980,151156207.0,23071
20240614,600035,4.18,4.17,4.31,4.16,4.28,13976552,59193181.0,11840
20240614,600036,32.82,32.82,34.02,32.82,33.81,99167429,3324856785.0,135414
20240614,600037,6.35,6.31,6.41,6.3,6.38,7608811,48342137.0,13064
20240614,600038,40.71,40.62,40.9,40.27,40.78,5748041,233236312.0,21521
20240614,600039,8.37,8.34,8.5,7.95,8.03,91480587,746528522.0,67461
20240614,600048,9.86,9.81,10.18,9.74,10.0,83224294,830796375.0,66997
20240614,600050,4.43,4.42,4.51,4.41,4.51,178882259,801007377.0,69210
20240614,600051,5.44,5.42,5.49,5.41,5.48,1337400,7290323.0,1992
20240614,600052,4.53,4.53,4.98,4.53,4.69,51972838,247070620.0,38714
20240614,600053,12.94,12.75,13.49,12.75,13.46,9057600,120010347.0,17522
20240614,600054,11.8,11.8,12.05,11.77,11.99,5657900,67818424.0,6223
20240614,600055,13.63,13.64,13.7,13.45,13.58,3327900,45122106.0,7416
20240614,600056,10.64,10.62,10.7,10.57,10.69,6004990,63884894.0,8817
20240614,600057,7.64,7.63,7.88,7.58,7.71,21038302,163244386.0,20105
20240614,600058,7.14,7.13,7.21,7.09,7.19,3048711,21817382.0,3705
20240614,600059,8.09,8.08,8.15,8.03,8.14,4328600,35018712.0,5746
20240614,600060,27.33,27.2,27.69,27.13,27.28,4887462,134371854.0,16155
20240614,600061,5.93,5.93,5.99,5.69,5.97,52147426,304942652.0,27413
20240614,600062,20.95,20.96,21.49,20.77,21.37,8088082,171267211.0,21852
20240614,600063,3.75,3.75,3.76,3.61,3.66,22099586,81085806.0,20144
20240614,600064,6.08,6.07,6.16,6.06,6.14,14421182,88154422.0,16788
20240614,600066,24.5,24.39,24.78,24.26,24.5,17419415,426762526.0,52956
20240614,600067,1.78,1.81,1.96,1.78,1.96,35432302,68071864.0,7055
20240614,600071,17.41,17.4,17.59,17.19,17.44,1664200,28919424.0,4226
20240614,600072,14.32,14.21,14.24,13.95,14.09,9293323,130859990.0,14414
20240614,600073,5.93,5.92,6.01,5.89,6.01,6601937,39313231.0,9425
20240614,600075,3.7,3.65,3.69,3.62,3.66,6408444,23413922.0,5919
20240614,600076,1.51,1.51,1.53,1.48,1.49,6844500,10266562.0,2915
20240614,600078,7.17,7.17,7.28,6.95,7.0,4726501,33452928.0,2264
20240614,600079,18.9,18.87,18.92,18.55,18.68,9402721,175623170.0,23690
20240614,600080,6.23,6.28,6.28,6.16,6.21,1250000,7764386.0,2422
20240614,600081,8.82,8.85,8.85,8.73,8.84,1706674,14993290.0,4095
20240614,600082,2.12,2.12,2.15,2.07,2.13,7924214,16849646.0,5135
20240614,600084,4.69,4.72,4.74,4.58,4.73,4493006,20915682.0,8063
20240614,600085,42.65,42.37,42.74,41.67,42.35,13252750,558020664.0,32786
20240614,600088,17.01,17.11,17.19,17.01,17.11,4236208,72376862.0,8466
20240614,600089,14.24,14.22,14.45,14.11,14.36,33745214,484652766.0,38731
20240614,600094,3.94,3.94,3.98,3.81,3.94,42452306,165786677.0,21303
20240614,600095,6.32,6.33,6.48,6.26,6.43,19107551,121693573.0,18964
20240614,600096,20.0,19.85,20.15,19.85,20.0,17563994,351404237.0,37216
20240614,600097,8.19,8.19,8.26,8.09,8.19,2066600,16869462.0,5976
20240614,600098,6.73,6.72,6.98,6.61,6.71,58399871,395995870.0,53415
20240614,600099,7.0,6.99,7.12,6.92,7.07,1741100,12247969.0,3451
20240614,600100,5.41,5.41,5.44,5.33,5.41,22370467,120428847.0,22965
20240614,600101,15.03,14.91,15.48,14.65,14.67,75282592,1129316315.0,99507
20240614,600103,1.87,1.87,1.89,1.85,1.89,9802403,18417594.0,2272
20240614,600104,13.97,13.9,14.36,13.86,14.3,28177548,400091413.0,40443
20240614,600105,3.78,3.81,3.91,3.74,3.91,24718355,95232957.0,23940
20240614,600106,5.05,5.05,5.09,4.96,5.03,12526867,62890075.0,8205
20240614,600107,3.48,3.48,3.49,3.31,3.44,3605000,12354384.0,4155
20240614,600108,2.41,2.4,2.44,2.38,2.43,11521368,27787193.0,5900
20240614,600109,7.89,7.88,8.14,7.86,8.11,33617335,269233750.0,24739
20240614,600110,3.42,3.44,3.45,3.34,3.42,29425077,99546337.0,21822
20240614,600111,18.0,17.91,18.07,17.74,17.97,39490992,707634080.0,55044
20240614,600113,7.86,7.85,7.9,7.77,7.89,2458140,19253654.0,2621
20240614,600114,14.34,14.33,14.48,14.06,14.44,9888610,141466513.0,19567
20240614,600115,3.94,3.92,3.96,3.89,3.95,44619945,175478861.0,18777
20240614,600116,7.18,7.18,7.27,7.12,7.22,11836730,85527940.0,15919
20240614,600117,2.14,2.14,2.15,2.09,2.13,1779800,3778072.0,392
20240614,600118,23.79,23.72,23.75,23.18,23.27,11670746,272101504.0,22037
20240614,600119,6.47,6.51,7.05,6.41,6.72,35644367,238440787.0,27913
20240614,600120,3.35,3.36,3.42,3.34,3.4,13450192,45445499.0,9293
20240614,600121,3.5,3.52,3.63,3.52,3.56,21000440,75057197.0,7984
20240614,600123,9.8,9.8,9.86,9.68,9.76,14921120,146134045.0,20702
20240614,600125,6.06,6.08,6.11,6.01,6.06,12054601,73054172.0,18504
20240614,600126,4.28,4.28,4.4,4.27,4.36,17779528,77386377.0,23002
20240614,600127,6.35,6.37,6.51,6.35,6.45,13163124,85155425.0,8094
20240614,600128,6.46,6.4,6.49,6.32,6.46,2732000,17557573.0,4144
20240614,600129,36.2,35.87,36.04,34.9,35.56,9849537,350428975.0,23982
20240614,600130,3.15,3.15,3.2,3.13,3.19,9139200,29013895.0,8143
20240614,600131,19.8,19.71,20.47,19.4,19.49,25888544,513871187.0,35678
20240614,600132,68.14,68.16,68.66,66.83,68.66,3940300,266194350.0,14743
20240614,600133,9.9,9.92,9.96,9.76,9.94,23414500,231207215.0,17654
20240614,600135,5.18,5.19,5.22,5.1,5.14,3870200,19942389.0,5418
20240614,600136,1.6,1.61,1.64,1.61,1.63,3034300,4939065.0,394
20240614,600137,12.5,12.48,12.51,12.14,12.47,799900,9902163.0,2179
20240614,600138,10.05,10.06,10.13,10.01,10.09,10202895,102997101.0,8817
20240614,600141,21.09,21.08,21.27,20.87,21.17,7947757,167396718.0,23447
20240614,600143,6.87,6.87,6.95,6.81,6.92,12764752,87873341.0,20520
20240614,600148,11.84,11.86,11.93,11.66,11.91,699300,8282179.0,1628
20240614,600149,3.51,3.5,3.54,3.42,3.46,4731100,16488716.0,2864
20240614,600150,38.8,38.65,38.85,37.76,38.14,38644301,1478882851.0,77363
20240614,600151,4.76,4.74,4.85,4.67,4.84,12179317,57981382.0,12764
20240614,600152,5.08,5.09,5.12,4.98,5.09,4943095,25000918.0,9332
20240614,600153,9.28,9.28,9.32,9.11,9.26,21249127,196046179.0,24287
20240614,600155,6.39,6.39,6.61,6.34,6.52,38104414,246753724.0,27823
20240614,600156,3.25,3.24,3.27,3.18,3.25,3615500,11720376.0,3551
20240614,600157,1.2,1.2,1.23,1.2,1.22,254205840,309981853.0,19082
20240614,600158,8.61,8.65,8.7,8.27,8.27,30323189,255792074.0,27539
20240614,600159,2.29,2.27,2.38,2.26,2.35,20749000,48397815.0,8076
20240614,600160,22.79,22.77,22.8,22.15,22.62,38860824,873707449.0,68351
20240614,600161,32.06,31.99,32.22,30.73,30.73,50809228,1595228925.0,103653
20240614,600162,1.36,1.36,1.41,1.35,1.39,25258400,35024681.0,6877
20240614,600163,4.88,4.88,4.91,4.73,4.85,10572440,51283166.0,14808
20240614,600165,1.27,1.32,1.33,1.3,1.33,30185303,39974447.0,2557
20240614,600166,2.4,2.4,2.42,2.39,2.41,29534120,71021886.0,10147
20240614,600167,5.53,5.52,5.55,5.48,5.49,14995451,82646264.0,24359
20240614,600168,6.02,6.05,6.11,6.01,6.06,4716601,28594358.0,5693
20240614,600169,1.89,1.9,1.93,1.88,1.92,17762816,33883186.0,8882
20240614,600170,2.22,2.22,2.26,2.21,2.24,89728821,200821495.0,21328
20240614,600171,19.05,18.1,18.77,17.88,18.52,119167212,2190977298.0,165025
20240614,600172,2.28,2.28,2.3,2.23,2.27,17846153,40549988.0,13717
20240614,600173,3.92,3.9,4.09,3.88,4.01,11885003,47609059.0,6232
20240614,600176,11.08,10.99,11.18,10.97,11.13,17181396,190892137.0,26246
20240614,600177,7.23,7.23,7.37,7.2,7.33,19214687,140167520.0,27684
20240614,600178,9.11,9.12,9.16,8.96,9.14,6177900,55945876.0,10331
20240614,600179,2.32,2.55,2.55,2.55,2.55,14133991,36041677.0,1427
20240614,600180,3.98,3.98,4.01,3.94,3.99,4197876,16682855.0,5319
20240614,600182,13.96,13.95,14.08,13.87,14.04,624921,8724904.0,769
20240614,600183,20.31,20.3,21.77,20.16,21.48,45236513,959243929.0,73739
20240614,600184,9.13,9.11,9.16,8.88,9.09,5682063,51163594.0,11850
20240614,600185,4.74,4.68,4.85,4.62,4.84,16713300,79415442.0,11418
20240614,600186,3.67,3.65,3.72,3.63,3.71,22304450,82064303.0,14323
20240614,600187,1.68,1.65,1.73,1.62,1.64,70774148,117099132.0,15461
20240614,600188,24.2,24.35,24.36,23.66,23.82,20702753,495284782.0,38418
20240614,600189,7.09,7.09,7.2,6.97,7.15,5878760,41628077.0,6042
20240614,600190,1.66,1.58,1.61,1.58,1.58,112246351,178133051.0,12986
20240614,600191,4.63,4.59,4.66,4.56,4.65,1976900,9136436.0,2127
20240614,600192,4.39,4.83,4.83,4.83,4.83,4686190,22634298.0,1356
20240614,600193,3.53,3.52,3.61,3.5,3.54,2233500,7951193.0,2153
20240614,600195,8.18,8.16,8.27,8.1,8.17,9258470,75677548.0,14455
20240614,600196,23.3,23.28,23.29,22.77,23.18,13635301,313958621.0,28791
20240614,600197,19.25,19.17,19.44,18.87,19.39,4918296,94093055.0,10894
20240614,600198,5.17,5.21,5.21,5.11,5.21,4111700,21260369.0,6410
20240614,600199,12.95,12.91,13.01,12.63,12.94,9260948,118833780.0,12620
20240614,600200,9.73,9.67,9.83,9.59,9.82,9308261,90735386.0,10823
20240614,600201,7.65,7.65,7.65,7.49,7.56,17048883,128793823.0,24148
20240614,600202,3.69,3.71,3.76,3.61,3.73,5074500,18876998.0,5087
20240614,600203,6.53,6.47,6.48,6.27,6.38,27241300,173529892.0,19986
20240614,600206,9.79,9.73,9.75,9.59,9.71,10839500,104741627.0,15260
20240614,600207,4.44,4.44,4.45,4.26,4.29,46021677,198987063.0,41763
20240614,600208,2.01,2.0,2.05,1.99,2.03,65114517,131478383.0,26275
20240614,600210,5.44,5.43,5.46,5.35,5.46,24759068,133882295.0,23735
20240614,600211,36.47,36.45,36.48,35.61,36.06,2674996,96209652.0,8159
20240614,600212,5.43,5.42,5.65,5.37,5.61,11213001,62231324.0,12496
20240614,600215,7.57,7.55,7.61,7.45,7.55,4132400,31105327.0,6130
20240614,600216,9.55,9.57,9.65,9.47,9.62,6201301,59333822.0,15145
20240614,600217,4.02,3.98,4.07,3.97,4.07,6193101,24975696.0,6881
20240614,600218,6.89,6.94,6.96,6.82,6.91,2287110,15766208.0,3971
20240614,600219,3.7,3.69,3.76,3.66,3.74,79767106,297162382.0,43486
20240614,600221,1.26,1.26,1.27,1.25,1.26,64037892,80627637.0,7500
20240614,600222,4.41,4.42,4.44,4.35,4.39,6117900,26873123.0,10113
20240614,600223,7.67,7.69,7.73,7.58,7.72,5237170,40073127.0,10270
20240614,600226,2.12,2.11,2.14,2.1,2.13,9154442,19414660.0,4826
20240614,600227,1.38,1.38,1.39,1.33,1.36,15861000,21537027.0,7993
20240614,600228,5.33,5.33,5.34,5.23,5.29,4545600,24074612.0,9440
20240614,600229,7.31,7.26,7.45,7.26,7.43,5851300,43310685.0,9156
20240614,600230,11.07,11.07,11.08,10.86,11.0,3444643,37806459.0,3223
20240614,600231,1.35,1.35,1.39,1.33,1.39,11033621,15091837.0,3341
20240614,600232,4.35,4.34,4.4,4.26,4.35,2401900,10381629.0,3937
20240614,600233,15.62,15.46,15.63,15.11,15.59,20565509,316021853.0,57354
20240614,600234,2.14,2.19,2.25,2.15,2.25,3497980,7750666.0,767
20240614,600235,4.66,4.66,4.72,4.55,4.68,3994650,18618214.0,6918
20240614,600236,7.35,6.99,7.25,6.88,7.0,62830933,443668612.0,53687
20240614,600237,5.4,5.4,5.48,5.33,5.43,15587295,84496444.0,18601
20240614,600238,6.88,6.83,7.05,6.8,7.02,2978117,20643051.0,3756
20240614,600239,1.95,1.95,2.0,1.92,1.98,13766163,27124935.0,3158
20240614,600241,5.82,5.82,5.86,5.71,5.82,1536200,8919032.0,1756
20240614,600243,2.81,2.86,2.86,2.73,2.81,6870200,19148314.0,5802
20240614,600246,9.57,9.5,9.95,9.33,9.9,62379358,600478242.0,42114
20240614,600248,3.75,3.74,3.78,3.72,3.78,12602600,47271666.0,7668
20240614,600249,3.9,3.9,3.93,3.86,3.91,3885611,15118501.0,5389
20240614,600250,7.72,7.72,8.1,7.56,7.82,15103400,118963271.0,11610
20240614,600251,7.73,7.73,7.84,7.67,7.83,4610300,35856828.0,5481
20240614,600252,2.25,2.25,2.27,2.23,2.25,21501472,48395197.0,13457
20240614,600255,1.7,1.7,1.73,1.68,1.71,13999500,23914393.0,6163
20240614,600256,7.76,7.76,7.79,7.69,7.73,42014448,324970564.0,32694
20240614,600257,4.74,4.76,4.77,4.67,4.73,9807600,46222191.0,7983
20240614,600258,13.72,13.7,14.11,13.67,14.01,13033345,181822004.0,17673
20240614,600259,26.89,26.8,27.29,26.59,27.18,2224110,59900843.0,5816
20240614,600261,2.85,2.84,2.88,2.82,2.84,6767322,19237580.0,6902
20240614,600262,17.44,17.42,17.56,17.3,17.43,1874300,32594232.0,7093
20240614,600265,15.09,15.09,15.09,14.65,14.72,794002,11732429.0,1235
20240614,600266,4.33,4.33,4.57,4.29,4.48,55385703,246541406.0,41574
20240614,600267,7.51,7.5,7.58,7.43,7.55,7020000,52755037.0,11488
20240614,600268,7.22,7.2,7.5,7.16,7.44,41050664,303789395.0,34677
20240614,600269,4.86,4.82,4.93,4.82,4.89,29709123,145304791.0,28169
20240614,600271,7.75,7.76,7.76,7.6,7.69,12969510,99485991.0,16323
20240614,600272,8.84,8.8,8.93,8.66,8.9,2787100,24642773.0,6787
20240614,600273,7.27,7.26,7.3,7.19,7.27,8062903,58442056.0,9766
20240614,600276,42.06,41.9,42.1,41.08,41.9,41537240,1729630309.0,96590
20240614,600278,5.5,5.5,5.54,5.42,5.5,2885746,15832425.0,5892
20240614,600279,3.73,3.7,3.79,3.7,3.77,2682900,10087417.0,2626
20240614,600280,2.42,2.41,2.44,2.39,2.42,7152600,17275107.0,3766
20240614,600281,2.73,2.7,2.78,2.67,2.76,4182300,11467425.0,3017
20240614,600282,4.99,4.97,5.08,4.89,5.04,60995298,304917308.0,49884
20240614,600283,12.4,12.4,12.7,12.26,12.58,3602100,45213525.0,5352
20240614,600284,5.6,5.61,5.62,5.51,5.56,14545993,80978469.0,21492
20240614,600285,24.65,24.6,25.18,24.6,25.09,6238500,155690410.0,20966
20240614,600287,3.74,3.73,3.77,3.68,3.71,7299245,27144379.0,6558
20240614,600288,6.94,6.95,6.96,6.81,6.95,3581100,24650878.0,7086
20240614,600289,1.37,1.35,1.39,1.35,1.38,1512800,2075004.0,198
20240614,600292,5.0,4.99,5.07,4.96,5.04,5251100,26385309.0,8063
20240614,600293,2.61,2.6,2.64,2.57,2.63,7174700,18766525.0,5586
20240614,600295,10.86,10.86,11.03,10.76,10.99,9596032,104887216.0,17926
20240614,600298,29.19,29.1,29.74,29.07,29.7,6260192,184160828.0,16524
20240614,600299,9.78,9.63,9.82,9.52,9.73,10050922,96990385.0,23545
20240614,600300,2.53,2.48,2.55,2.44,2.47,36863921,91761963.0,15938
20240614,600301,18.42,18.06,18.48,17.64,18.1,20894992,376495892.0,34604
20240614,600302,3.64,3.64,3.67,3.55,3.65,4491500,16265349.0,4468
20240614,600303,2.8,2.8,2.94,2.76,2.89,7111600,20505365.0,1615
20240614,600305,7.61,7.61,7.68,7.56,7.65,4008201,30563792.0,7686
20240614,600307,1.17,1.18,1.24,1.18,1.23,42830027,51996343.0,5576
20240614,600308,3.29,3.29,3.32,3.26,3.3,6059610,19958764.0,8169
20240614,600309,85.76,85.53,87.15,83.92,86.47,15434196,1318115955.0,63726
20240614,600310,3.87,3.81,3.92,3.76,3.82,46430589,177432459.0,27363
20240614,600312,16.17,16.22,17.22,16.15,16.84,62153926,1043428132.0,85434
20240614,600313,5.86,5.86,5.94,5.82,5.94,8476800,49966735.0,8106
20240614,600315,18.92,18.82,19.08,18.7,19.0,3601946,67937993.0,13281
20240614,600316,18.0,17.95,17.95,17.4,17.54,7090840,124380688.0,18353
20240614,600318,6.39,6.33,6.68,6.33,6.58,42064006,274843249.0,21051
20240614,600319,3.43,3.42,3.46,3.36,3.45,3278000,11238520.0,3828
20240614,600320,3.45,3.45,3.51,3.43,3.46,23287595,80679567.0,24100
20240614,600322,1.52,1.51,1.57,1.5,1.56,24660940,38173774.0,4065
20240614,600323,20.52,20.57,20.6,19.87,20.05,7543358,152516426.0,18551
20240614,600325,7.09,7.07,7.29,7.03,7.17,31519135,226021855.0,24046
20240614,600326,3.96,3.96,4.01,3.91,3.91,23430968,92418012.0,16034
20240614,600327,3.51,3.51,3.54,3.47,3.54,7343200,25766235.0,8268
20240614,600328,7.14,7.16,7.2,7.05,7.19,6657880,47496357.0,9187
20240614,600329,35.47,35.4,35.64,34.6,35.24,7161897,251266846.0,22788
20240614,600330,6.89,6.9,6.96,6.83,6.94,13686698,94516900.0,15338
20240614,600331,6.22,6.24,6.31,6.13,6.28,18227401,113463870.0,10005
20240614,600332,30.67,30.6,31.04,30.51,30.95,7193857,221402815.0,23777
20240614,600333,3.76,3.76,3.8,3.73,3.77,3403400,12838243.0,4882
20240614,600335,6.08,6.1,6.13,5.97,6.11,10177788,61592688.0,13213
20240614,600336,4.56,4.53,4.59,4.41,4.57,7382838,33378374.0,7924
20240614,600337,2.03,1.95,2.08,1.95,2.04,20419756,41549762.0,5231
20240614,600338,9.18,9.19,9.3,9.08,9.28,11174033,102779088.0,10828
20240614,600339,3.1,3.1,3.13,3.08,3.12,24439934,75989842.0,18106
20240614,600340,1.14,1.14,1.17,1.12,1.17,40811349,47227389.0,5223
20240614,600343,8.26,8.26,8.27,7.96,8.08,8872411,71562671.0,10894
20240614,600345,16.79,17.0,18.47,16.68,18.47,5662411,100128937.0,7722
20240614,600346,13.99,13.96,14.1,13.89,14.02,10848500,151707899.0,27606
20240614,600348,11.06,11.03,11.07,10.82,10.85,26036547,284946152.0,40637
20240614,600350,8.8,8.79,8.83,8.65,8.67,15110334,131818181.0,23382
20240614,600351,5.89,5.89,5.9,5.82,5.9,6389163,37437782.0,8665
20240614,600352,8.5,8.48,8.52,8.37,8.44,12297581,103819792.0,19195
20240614,600353,6.48,6.48,6.8,6.33,6.61,31042286,204115128.0,31919
20240614,600354,4.91,4.9,5.0,4.89,4.99,7181650,35655036.0,6459
20240614,600355,3.04,3.09,3.34,3.09,3.34,82558652,271925684.0,38131
20240614,600356,6.01,6.01,6.1,5.97,6.06,1696631,10252934.0,2588
20240614,600358,2.62,2.64,2.65,2.56,2.59,7527000,19509521.0,6561
20240614,600359,5.8,5.79,5.83,5.74,5.82,2663700,15432341.0,4427
20240614,600360,2.84,2.79,2.93,2.7,2.79,74779250,210384089.0,21534
20240614,600361,3.77,3.78,3.83,3.7,3.74,49791690,186781903.0,36616
20240614,600362,24.4,24.18,24.47,24.12,24.35,16561139,403075354.0,43255
20240614,600363,28.68,28.5,29.68,28.47,29.58,5695404,165888312.0,10993
20240614,600365,2.61,2.58,2.65,2.57,2.63,2043000,5332628.0,694
20240614,600366,5.43,5.42,5.46,5.32,5.42,7777260,41850756.0,14164
20240614,600367,10.61,10.69,10.69,10.5,10.6,4965938,52531928.0,10860
20240614,600368,4.9,4.91,4.93,4.83,4.86,13164233,64186934.0,9397
20240614,600369,3.68,3.67,3.77,3.66,3.75,39409103,146448273.0,18756
20240614,600370,1.49,1.5,1.51,1.46,1.49,9225900,13684526.0,5895
20240614,600371,7.32,7.41,7.48,7.31,7.4,2367250,17524459.0,5929
20240614,600372,12.23,12.22,12.37,12.16,12.34,45155621,555760520.0,43820
20240614,600373,15.81,15.81,16.45,15.76,16.06,13623535,220840803.0,24378
20240614,600375,4.36,4.38,4.42,4.33,4.39,1619093,7091040.0,486
20240614,600376,2.32,2.34,2.38,2.3,2.32,20198800,47172128.0,11076
20240614,600377,11.88,11.88,12.0,11.68,11.68,7794671,91993147.0,19102
20240614,600378,29.5,29.64,29.64,28.88,29.02,1316851,38421941.0,5817
20240614,600379,8.35,8.34,8.66,8.25,8.48,4973374,42285018.0,8304
20240614,600380,12.31,12.25,12.54,12.24,12.43,15483596,191864424.0,34595
20240614,600381,2.15,2.14,2.18,2.05,2.06,19896662,41630469.0,4247
20240614,600382,4.06,4.06,4.09,4.03,4.07,2011360,8152142.0,1977
20240614,600383,3.98,3.94,4.16,3.92,4.03,207188100,836422203.0,56137
20240614,600386,2.87,2.89,2.91,2.83,2.86,6798541,19487006.0,8193
20240614,600387,2.52,2.5,2.58,2.46,2.49,6646301,16722737.0,1521
20240614,600388,11.3,11.27,11.29,11.1,11.24,3091205,34570164.0,5914
20240614,600389,14.91,14.96,14.99,14.57,14.9,5511015,81096490.0,12574
20240614,600390,4.24,4.24,4.34,4.22,4.33,34017251,145580665.0,18000
20240614,600391,16.3,16.28,16.28,15.9,16.16,4578296,73438009.0,10927
20240614,600392,8.93,8.9,9.05,8.82,9.01,12937862,115734476.0,19571
20240614,600395,6.37,6.38,6.45,6.31,6.45,19001089,121565513.0,20351
20240614,600396,2.96,2.94,3.03,2.89,2.9,35667900,104971426.0,13485
20240614,600397,1.95,1.94,1.99,1.92,1.97,11743900,23093108.0,5135
20240614,600398,9.3,9.3,9.49,9.25,9.43,21089517,198174297.0,31309
20240614,600399,6.2,6.2,6.2,6.0,6.15,50535524,306915087.0,48852
20240614,600400,2.35,2.33,2.37,2.32,2.36,8104401,18986830.0,5819
20240614,600403,3.0,2.98,2.98,2.87,2.9,20864900,60685713.0,15301
20240614,600405,3.59,3.59,3.95,3.55,3.88,27998705,108540445.0,17979
20240614,600406,23.6,23.7,24.23,23.42,23.9,41701110,997616761.0,66546
20240614,600408,1.7,1.69,1.73,1.68,1.7,5992000,10240661.0,4234
20240614,600409,5.12,5.12,5.19,5.03,5.17,25454700,129974889.0,28708
20240614,600410,4.09,4.11,4.13,4.05,4.11,8451109,34546024.0,9010
20240614,600415,8.42,8.43,8.43,8.11,8.11,102746201,849465668.0,69915
20240614,600416,10.99,10.92,11.0,10.85,10.98,7726450,84415905.0,15526
20240614,600418,15.22,15.22,15.85,15.07,15.82,75232287,1162819407.0,72075
20240614,600419,8.92,8.95,8.97,8.79,8.93,1766300,15690300.0,2059
20240614,600420,10.81,10.8,10.99,10.76,10.93,16919168,184414469.0,34982
20240614,600421,5.47,5.45,5.64,5.43,5.56,3680894,20454898.0,4311
20240614,600422,19.04,18.95,19.4,18.71,19.29,12135626,232724187.0,26428
20240614,600423,2.48,2.47,2.5,2.42,2.44,4367200,10677810.0,4977
20240614,600425,3.25,3.24,3.28,3.21,3.27,8412302,27394058.0,3412
20240614,600426,27.84,27.77,27.85,27.31,27.79,13640184,376345545.0,33268
20240614,600428,6.17,6.19,6.28,6.15,6.19,34558382,214446448.0,35305
20240614,600429,3.89,3.89,3.93,3.86,3.93,4216000,16451081.0,7566
20240614,600433,2.83,2.83,2.85,2.79,2.81,5367446,15131961.0,6722
20240614,600435,10.06,9.96,10.12,9.72,9.85,26431400,261311734.0,31808
20240614,600436,222.39,223.0,223.5,219.59,222.5,2173890,481478886.0,13729
20240614,600438,20.73,20.91,20.97,20.28,20.97,26760862,556349702.0,41211
20240614,600439,2.25,2.24,2.25,2.2,2.23,13892930,30880937.0,4337
20240614,600444,12.2,12.12,12.84,12.02,12.74,4190800,52814497.0,6059
20240614,600446,10.29,10.29,10.61,10.21,10.5,10843611,112823676.0,10885
20240614,600448,2.08,2.08,2.11,2.04,2.08,10840575,22591263.0,7112
20240614,600449,11.94,11.91,12.11,11.79,12.07,4079300,48911377.0,10383
20240614,600452,14.27,14.26,14.58,14.19,14.33,6069657,87315895.0,10272
20240614,600455,15.32,15.27,15.38,15.01,15.3,951292,14461733.0,3173
20240614,600456,26.93,27.0,27.06,26.59,26.93,3711235,99400907.0,10838
20240614,600458,10.57,10.52,10.57,10.37,10.49,4986700,52170286.0,14193
20240614,600459,14.13,14.02,14.2,14.0,14.17,4940112,69662907.0,14279
20240614,600460,18.51,18.51,18.62,18.3,18.3,30754628,566174468.0,53162
20240614,600461,12.15,12.16,12.28,11.8,11.8,20499935,246015936.0,23562
20240614,600462,1.04,0.99,1.09,0.99,1.09,22776650,23700523.0,1374
20240614,600463,7.97,7.92,8.56,7.91,8.32,6301600,52109027.0,7339
20240614,600467,1.63,1.62,1.64,1.61,1.63,14755000,24018848.0,4970
20240614,600468,4.45,4.46,4.54,4.4,4.48,12921199,57903913.0,12360
20240614,600469,5.8,5.8,5.98,5.77,5.9,15083295,88678705.0,9182
20240614,600470,4.0,4.03,4.03,3.95,4.02,2952365,11798117.0,4765
20240614,600475,9.33,9.38,9.47,9.28,9.43,4818686,45396164.0,10587
20240614,600476,11.99,11.98,12.12,11.76,12.09,1840000,22099467.0,5157
20240614,600477,2.47,2.46,2.48,2.44,2.47,11634885,28658178.0,7994
20240614,600478,4.05,4.05,4.1,3.98,4.08,11379550,46008336.0,12658
20240614,600479,10.92,10.86,10.92,10.67,10.84,6435319,69518264.0,13154
20240614,600480,10.48,10.47,10.54,10.41,10.49,8136411,85217355.0,20722
20240614,600481,5.31,5.32,5.34,5.22,5.23,17063309,89594606.0,13550
20240614,600482,19.02,18.98,18.99,18.23,18.33,36566454,675102641.0,61898
20240614,600483,11.62,11.59,11.88,11.3,11.46,39824665,460024989.0,59812
20240614,600486,57.45,57.45,57.85,56.51,57.52,1826196,104232875.0,10188
20240614,600487,14.53,14.44,14.82,14.35,14.76,37382208,547737998.0,44970
20240614,600488,3.68,3.69,3.71,3.62,3.67,4767544,17450440.0,8977
20240614,600489,14.35,14.27,14.42,14.13,14.34,26283530,376591087.0,42318
20240614,600490,2.69,2.7,2.71,2.65,2.7,28663700,77082066.0,13345
20240614,600491,2.38,2.39,2.43,2.36,2.41,10354900,24796866.0,6254
20240614,600493,4.52,4.52,4.55,4.41,4.53,4872100,21974071.0,4361
20240614,600495,3.22,3.23,3.25,3.2,3.23,4089492,13181668.0,2195
20240614,600496,2.62,2.61,2.64,2.59,2.63,10428047,27288087.0,6529
20240614,600497,5.52,5.49,5.55,5.48,5.53,44864952,247478615.0,35257
20240614,600498,15.89,15.86,16.32,15.75,16.25,22706324,365766124.0,37311
20240614,600499,9.26,9.2,9.32,8.99,9.24,19334947,177385379.0,29242
20240614,600500,3.72,3.71,3.73,3.65,3.7,12326865,45488893.0,12441
20240614,600501,15.08,14.75,15.1,14.56,14.88,33973373,503635749.0,42998
20240614,600502,4.65,4.64,4.69,4.62,4.68,14460742,67434467.0,12196
20240614,600503,1.92,1.91,1.95,1.89,1.95,20670941,39826004.0,8619
20240614,600505,11.48,11.28,11.82,11.13,11.21,33237200,380632231.0,40181
20240614,600506,12.66,12.66,12.94,12.51,12.74,4903100,62726617.0,8433
20240614,600507,3.97,3.95,3.98,3.92,3.97,13762815,54308755.0,11552
20240614,600508,14.7,14.63,15.02,14.61,14.9,7381687,109748102.0,14014
20240614,600509,5.87,5.86,5.9,5.82,5.89,24945714,146538246.0,17775
20240614,600510,4.04,4.05,4.12,3.99,4.08,12594649,51190324.0,13349
20240614,600511,32.4,32.3,33.05,32.3,32.69,4165779,136104502.0,14739
20240614,600512,1.98,1.98,2.0,1.97,1.99,9112800,18100245.0,3660
20240614,600513,8.28,8.29,8.33,8.17,8.27,3361600,27727666.0,8656
20240614,600515,3.4,3.39,3.48,3.36,3.44,54335484,185957146.0,23611
20240614,600516,4.44,4.44,4.48,4.39,4.46,21661968,96132818.0,22457
20240614,600517,4.49,4.46,4.57,4.45,4.52,15596314,70311155.0,21372
20240614,600518,1.82,1.81,1.84,1.81,1.83,41533021,75847805.0,3676
20240614,600519,1555.01,1555.0,1563.96,1520.46,1555.0,5951416,9177637168.0,45461
20240614,600520,16.62,16.52,16.57,16.18,16.43,6317200,103534818.0,15320
20240614,600521,17.3,17.45,17.55,17.24,17.54,10320066,179697139.0,27836
20240614,600522,14.65,14.6,14.81,14.4,14.74,34206382,501891802.0,45122
20240614,600523,10.45,10.36,10.65,10.29,10.54,4599900,47934407.0,9240
20240614,600525,4.09,4.06,4.19,4.03,4.12,6379240,26308289.0,7809
20240614,600526,3.91,3.9,3.94,3.86,3.92,4462200,17407286.0,6394
20240614,600527,1.53,1.53,1.54,1.52,1.54,6556800,10036809.0,1243
20240614,600528,7.45,7.41,7.53,7.41,7.51,8332649,62267691.0,12082
20240614,600529,25.38,25.39,25.71,25.2,25.6,5806694,147835243.0,21807
20240614,600530,2.54,2.62,2.67,2.57,2.67,12459200,32919194.0,1795
20240614,600531,6.98,6.9,6.97,6.83,6.93,35545837,245443189.0,31019
20240614,600533,2.01,2.01,2.07,1.98,2.06,15146360,30865837.0,5860
20240614,600535,13.38,13.33,13.47,13.31,13.47,10142832,135847906.0,18532
20240614,600536,29.88,29.75,30.14,29.45,30.02,13343437,398236822.0,29727
20240614,600537,2.96,2.94,3.0,2.91,2.96,13965300,41291587.0,6156
20240614,600538,4.08,4.1,4.1,3.98,4.06,5406211,21795855.0,3488
20240614,600539,3.92,3.92,3.94,3.85,3.91,4435000,17296825.0,4018
20240614,600540,3.47,3.47,3.51,3.41,3.51,5250330,18275513.0,5909
20240614,600543,4.93,4.9,4.99,4.68,4.68,7914700,37940577.0,1711
20240614,600545,1.54,1.55,1.56,1.51,1.53,9299000,14230820.0,5851
20240614,600546,16.24,16.38,16.39,15.85,15.94,22462956,361549661.0,43491
20240614,600547,27.78,27.7,27.88,27.41,27.58,13945279,385074662.0,40554
20240614,600548,10.47,10.39,10.52,10.33,10.39,3933000,40959916.0,8018
20240614,600549,17.87,17.8,18.19,17.67,18.14,12479833,224310362.0,27227
20240614,600550,4.44,4.39,4.76,4.35,4.63,57257563,263560833.0,35277
20240614,600551,7.42,7.36,7.63,7.36,7.49,6133286,46231705.0,9264
20240614,600552,9.66,9.67,9.72,9.53,9.68,8390155,80680976.0,15446
20240614,600556,3.95,3.95,3.96,3.89,3.93,14168800,55609466.0,17830
20240614,600557,16.89,16.89,16.98,16.7,16.92,5200600,87626095.0,16096
20240614,600558,3.7,3.69,3.72,3.65,3.71,6455000,23802021.0,7076
20240614,600559,20.47,20.47,20.71,20.2,20.61,18079007,370185907.0,37324
20240614,600560,13.73,13.68,13.88,13.54,13.84,1755700,24136221.0,3177
20240614,600561,3.79,3.8,3.81,3.71,3.76,3042600,11445521.0,4004
20240614,600562,14.21,14.11,14.39,13.97,14.19,9228235,130339147.0,20023
20240614,600563,84.19,84.33,84.33,81.53,82.06,2783260,228863900.0,14966
20240614,600566,36.54,36.54,37.01,36.31,36.5,10585626,387736283.0,40741
20240614,600567,1.57,1.57,1.58,1.55,1.57,19490448,30454419.0,6386
20240614,600568,1.37,1.37,1.37,1.34,1.35,2830147,3834123.0,295
20240614,600569,1.56,1.57,1.59,1.56,1.59,8878061,14001268.0,2759
20240614,600570,19.19,19.16,19.54,18.95,19.51,18353926,353672820.0,24277
20240614,600571,10.67,10.58,10.63,10.25,10.51,30601537,319283452.0,34370
20240614,600572,5.2,5.2,5.22,5.14,5.16,29105011,150377862.0,25704
20240614,600573,9.46,9.43,9.54,9.38,9.5,3183000,30082604.0,3016
20240614,600575,3.78,3.78,3.98,3.76,3.93,88307937,345857154.0,38826
20240614,600576,4.75,4.73,4.82,4.7,4.8,5715033,27359527.0,6595
20240614,600577,4.12,4.11,4.16,4.08,4.13,20067610,82715229.0,25685
20240614,600578,3.36,3.36,3.44,3.25,3.33,96594367,321961412.0,49372
20240614,600579,5.48,5.4,5.47,5.36,5.42,4333700,23475476.0,8262
20240614,600580,13.23,13.19,13.29,13.06,13.25,18703051,246601457.0,22633
20240614,600581,2.78,2.78,2.85,2.78,2.84,11351562,32083233.0,3765
20240614,600582,6.91,6.91,6.96,6.83,6.84,20312378,139994629.0,28313
20240614,600583,6.02,6.02,6.1,5.97,6.06,18036274,109218284.0,20755
20240614,600584,29.12,29.15,29.29,28.68,29.05,48979129,1418345383.0,87484
20240614,600585,23.28,23.3,23.95,23.12,23.82,15751737,372388777.0,36332
20240614,600586,6.13,6.13,6.21,6.06,6.18,8209570,50507022.0,12260
20240614,600587,17.04,17.05,17.18,16.26,16.34,20010616,333421833.0,46463
20240614,600588,10.92,10.93,10.97,10.77,10.92,12916257,140520157.0,23322
20240614,600589,4.04,4.03,4.19,3.73,3.86,38137864,150493159.0,8729
20240614,600590,3.99,4.0,4.06,3.96,4.01,7057381,28270883.0,9332
20240614,600592,9.56,9.46,9.47,9.25,9.37,9678000,90404124.0,7873
20240614,600593,18.88,18.92,19.58,18.67,19.09,4215400,80832890.0,7455
20240614,600594,3.15,3.16,3.19,3.1,3.13,10784010,33787505.0,10102
20240614,600595,2.78,2.78,2.81,2.76,2.8,22641202,63198483.0,15089
20240614,600596,8.09,8.07,8.15,7.97,8.1,8431059,67909605.0,14590
20240614,600597,8.21,8.2,8.43,8.12,8.38,21136390,174922203.0,22068
20240614,600598,12.77,12.73,12.93,12.65,12.9,10362598,132813614.0,20232
20240614,600599,9.74,9.74,9.82,9.68,9.74,298400,2901349.0,279
20240614,600600,78.03,77.86,78.02,75.85,77.48,7957334,610593257.0,28287
20240614,600601,2.47,2.48,2.54,2.46,2.53,52958463,132874455.0,27410
20240614,600602,11.33,11.33,11.53,11.27,11.49,13015963,148659285.0,24573
20240614,600603,5.37,5.37,5.4,5.31,5.39,9719561,52129732.0,10959
20240614,600604,3.55,3.53,3.62,3.5,3.6,8230500,29347521.0,8989
20240614,600605,25.3,25.25,25.85,25.01,25.63,1512200,38439909.0,4031
20240614,600606,1.63,1.63,1.66,1.58,1.61,236627591,382591508.0,32641
20240614,600608,2.04,2.0,2.14,1.99,2.14,4051300,8539155.0,1059
20240614,600609,3.9,3.9,3.95,3.85,3.94,5040392,19734041.0,5481
20240614,600610,4.44,4.44,4.49,4.36,4.42,10432400,45986699.0,18109
20240614,600611,2.75,2.9,2.9,2.79,2.81,16092318,45447952.0,4395
20240614,600612,69.98,70.17,71.0,67.7,68.53,4951071,341580916.0,26516
20240614,600613,5.73,5.68,5.74,5.63,5.71,3318200,18848030.0,7225
20240614,600615,9.14,9.14,9.23,8.94,9.16,1224411,11191665.0,3000
20240614,600616,4.94,4.96,4.99,4.92,4.95,2250812,11145986.0,2923
20240614,600617,3.83,3.83,3.92,3.83,3.86,8064926,31280914.0,10198
20240614,600618,9.17,9.12,9.18,8.99,9.1,3969766,36079123.0,10788
20240614,600619,5.4,5.42,5.5,5.33,5.48,6981356,37930576.0,7062
20240614,600620,4.63,4.63,4.68,4.53,4.65,3912306,18135581.0,5825
20240614,600621,13.41,13.49,13.89,13.37,13.72,43182505,588449928.0,37329
20240614,600622,2.06,2.05,2.12,2.04,2.09,14112274,29395428.0,4538
20240614,600623,6.09,6.09,6.12,6.02,6.07,10648216,64618361.0,17778
20240614,600624,3.08,3.09,3.16,3.02,3.14,11038170,34381668.0,11132
20240614,600626,2.61,2.61,2.65,2.58,2.61,4522280,11800397.0,4318
20240614,600628,5.62,5.62,5.66,5.56,5.64,2399549,13486623.0,4280
20240614,600629,4.6,4.61,4.69,4.57,4.67,9712372,45149438.0,5151
20240614,600630,8.55,8.5,8.64,8.42,8.56,15875370,135337856.0,15617
20240614,600633,9.27,9.32,9.44,9.26,9.41,7853718,73508043.0,9223
20240614,600635,2.73,2.73,2.76,2.71,2.75,11463550,31430973.0,6694
20240614,600636,8.02,8.05,8.09,7.94,8.0,2662013,21316093.0,3393
20240614,600637,6.31,6.31,6.35,6.22,6.32,20034395,126006004.0,18538
20240614,600638,4.1,4.09,4.31,4.05,4.28,14508740,61097881.0,15908
20240614,600639,10.69,10.69,10.84,10.63,10.73,6493128,69736583.0,8246
20240614,600640,10.78,10.78,10.98,10.72,10.94,5397800,58751178.0,10998
20240614,600641,12.81,12.78,12.95,12.62,12.85,10457789,133873664.0,16718
20240614,600642,9.06,9.09,9.14,8.92,8.95,41879872,377901755.0,48096
20240614,600643,3.9,3.87,4.02,3.82,3.98,25222132,98725235.0,21718
20240614,600644,7.16,7.19,7.32,7.08,7.09,21721701,155959201.0,14176
20240614,600645,16.82,16.8,16.84,16.53,16.78,3997400,66691358.0,9965
20240614,600648,9.11,9.06,9.24,9.06,9.17,6561101,60027517.0,9861
20240614,600649,3.73,3.71,3.89,3.7,3.83,45077932,171084831.0,38497
20240614,600650,7.32,7.32,7.38,7.25,7.35,1451245,10605832.0,2864
20240614,600651,2.89,2.89,2.9,2.84,2.88,8440100,24167621.0,8187
20240614,600653,1.39,1.33,1.34,1.29,1.31,98997180,129822156.0,17931
20240614,600654,2.16,2.25,2.27,2.24,2.25,8378592,18951473.0,1245
20240614,600655,5.53,5.51,5.57,5.47,5.55,11873059,65586492.0,14203
20240614,600657,3.25,3.23,3.37,3.22,3.34,25771299,85171021.0,18013
20240614,600658,3.48,3.45,3.57,3.44,3.56,8685080,30573795.0,10443
20240614,600660,46.94,46.9,46.9,45.85,46.7,11127637,517049028.0,39030
20240614,600661,10.62,10.7,11.15,10.18,10.47,8587300,91104230.0,14532
20240614,600662,4.23,4.23,4.25,4.16,4.23,5738110,24128265.0,11126
20240614,600663,9.86,9.82,9.92,9.72,9.85,6389681,62782560.0,18642
20240614,600664,2.78,2.78,2.8,2.75,2.79,18072225,50201654.0,17005
20240614,600665,2.37,2.35,2.46,2.32,2.41,21190600,50902443.0,16263
20240614,600666,1.23,1.29,1.29,1.29,1.29,9278201,11968879.0,691
20240614,600667,6.18,6.15,6.18,6.07,6.15,35003900,214304632.0,23058
20240614,600668,8.38,8.37,8.37,8.22,8.33,2280168,18877559.0,2756
20240614,600671,8.08,8.21,8.23,7.69,8.04,1100534,8775324.0,572
20240614,600673,7.72,7.7,7.86,7.56,7.79,16358314,126462569.0,32170
20240614,600674,18.82,18.78,18.79,18.28,18.6,41092675,758573495.0,55945
20240614,600675,2.65,2.64,2.71,2.62,2.7,28831290,77134205.0,13922
20240614,600676,2.9,2.9,2.94,2.88,2.92,2651900,7717863.0,2535
20240614,600678,5.1,5.15,5.15,5.02,5.1,6867700,34994463.0,5538
20240614,600679,8.62,8.58,8.76,8.5,8.7,1946800,16843970.0,3211
20240614,600681,3.49,3.49,3.53,3.46,3.52,4706263,16494043.0,3660
20240614,600682,5.39,5.39,5.42,5.24,5.36,24346730,129757155.0,25330
20240614,600683,4.08,4.08,4.26,4.06,4.2,20154510,84287630.0,8124
20240614,600684,2.64,2.62,2.7,2.6,2.68,8024919,21344106.0,6348
20240614,600685,28.27,28.27,28.49,27.6,27.89,11542940,323171318.0,25094
20240614,600686,7.3,7.28,7.35,7.21,7.33,9808160,71539596.0,8011
20240614,600688,2.63,2.65,2.65,2.6,2.63,19161010,50274121.0,17339
20240614,600689,6.87,6.96,6.97,6.75,6.95,3022500,20866062.0,5958
20240614,600690,29.93,29.61,30.75,29.6,30.65,33834239,1030245611.0,77971
20240614,600691,1.97,1.99,1.99,1.86,1.9,32423956,61930585.0,14294
20240614,600692,4.97,4.95,5.18,4.91,5.14,11417903,58132987.0,11064
20240614,600693,3.04,3.02,3.04,2.97,3.02,3302500,9932400.0,4907
20240614,600694,17.61,17.38,17.53,17.17,17.21,2546883,43994591.0,11025
20240614,600696,7.75,7.86,7.87,7.42,7.63,6641590,50609432.0,17471
20240614,600697,10.34,10.34,10.39,10.21,10.33,1362700,14055960.0,2470
20240614,600698,3.47,3.49,3.51,3.41,3.49,3682400,12795489.0,5908
20240614,600699,15.58,15.52,15.75,15.3,15.73,13901911,216527651.0,25567
20240614,600702,68.83,68.21,69.22,67.25,69.22,5895770,401381430.0,20647
20240614,600703,12.6,12.6,12.6,12.35,12.41,29028020,360843870.0,40256
20240614,600704,4.57,4.44,4.52,4.4,4.48,59008837,263314774.0,38632
20240614,600706,10.08,9.99,10.26,9.92,10.13,4820200,48851891.0,6293
20240614,600707,6.79,6.8,7.05,6.76,7.0,29459342,204483200.0,43805
20240614,600708,1.86,1.85,1.9,1.84,1.88,27574554,51704419.0,5702
20240614,600710,8.35,8.34,8.38,8.21,8.23,8078977,66943583.0,12953
20240614,600711,3.45,3.43,3.47,3.38,3.46,54080371,185451478.0,36153
20240614,600712,3.46,3.45,3.47,3.39,3.46,4291600,14754263.0,5301
20240614,600713,4.48,4.46,4.49,4.42,4.48,5063300,22579108.0,7796
20240614,600714,7.88,7.93,7.93,7.71,7.8,4345700,33811221.0,6730
20240614,600715,1.69,1.67,1.72,1.67,1.71,22612400,38396508.0,2528
20240614,600716,2.65,2.66,2.84,2.63,2.76,16345160,45017991.0,9944
20240614,600717,4.24,4.23,4.3,4.23,4.28,14568558,62243743.0,15566
20240614,600718,8.16,8.18,8.36,8.08,8.34,17987786,148203478.0,22869
20240614,600719,10.21,10.13,10.88,10.12,10.29,48697396,509657484.0,47033
20240614,600720,9.06,9.01,9.18,8.96,9.16,5908229,53850265.0,10742
20240614,600721,5.37,5.34,5.45,5.29,5.31,4555100,24289890.0,9786
20240614,600722,3.94,3.93,3.97,3.86,3.93,4772800,18747091.0,6943
20240614,600724,4.03,3.96,4.05,3.93,3.96,32141324,127913197.0,12560
20240614,600725,3.04,3.05,3.34,3.03,3.27,43027054,139213819.0,15955
20240614,600726,2.11,2.16,2.24,2.11,2.17,46251500,101145280.0,16386
20240614,600727,6.74,6.68,6.78,6.6,6.74,16307901,109502714.0,18726
20240614,600728,3.83,3.83,3.9,3.79,3.89,16888316,65090300.0,13667
20240614,600729,26.08,26.0,26.38,25.65,25.73,5142501,133489197.0,11400
20240614,600730,4.11,4.1,4.19,4.05,4.12,5170400,21331858.0,5910
20240614,600731,4.76,4.77,4.79,4.69,4.77,2095930,9928832.0,2244
20240614,600732,10.5,10.49,10.69,10.31,10.46,20517851,215568110.0,18233
20240614,600733,7.29,7.23,7.4,7.17,7.3,165089067,1204758776.0,72380
20240614,600734,3.24,3.15,3.19,3.09,3.12,41074932,128900417.0,9055
20240614,600735,3.99,3.98,4.01,3.92,3.96,4076900,16128264.0,3395
20240614,600736,4.4,4.41,4.45,4.34,4.42,9569620,42113907.0,12953
20240614,600737,9.94,9.93,10.02,9.83,9.96,28499465,282972792.0,34797
20240614,600738,3.92,3.92,3.92,3.79,3.83,10772470,41274603.0,14239
20240614,600739,9.14,9.12,9.22,9.03,9.17,9723197,88609454.0,13802
20240614,600740,4.25,4.22,4.26,4.21,4.25,9760859,41354931.0,9963
20240614,600741,15.61,15.65,16.04,15.6,16.01,15739056,249897400.0,26020
20240614,600742,7.92,7.92,8.0,7.84,7.97,4738358,37676379.0,9337
20240614,600743,1.19,1.19,1.25,1.18,1.24,26632147,32626034.0,4809
20240614,600744,3.6,3.64,3.76,3.58,3.65,52004747,191196136.0,21805
20240614,600745,30.16,30.03,30.06,29.55,29.96,14580738,434418646.0,33046
20240614,600746,6.42,6.42,6.46,6.28,6.33,2876001,18238561.0,7716
20240614,600748,2.75,2.74,2.83,2.72,2.8,8807954,24543706.0,3016
20240614,600749,11.24,11.29,11.5,11.11,11.3,4976075,56459172.0,6078
20240614,600750,24.79,24.85,25.52,24.79,25.37,8701544,219347644.0,29290
20240614,600751,2.25,2.25,2.3,2.24,2.29,18540178,42217713.0,9131
20240614,600753,5.9,5.76,5.87,5.65,5.85,2769100,16025653.0,4399
20240614,600754,26.03,26.02,26.7,25.72,26.7,20101946,528737414.0,34181
20240614,600755,8.03,7.98,8.12,7.95,7.95,23395885,188017144.0,25095
20240614,600756,10.21,10.14,10.35,10.11,10.29,2175487,22287400.0,3190
20240614,600757,8.62,8.68,9.04,8.65,8.83,51871542,460551804.0,47887
20240614,600758,3.07,3.08,3.11,3.04,3.08,9509601,29362081.0,11151
20240614,600759,2.57,2.54,2.64,2.54,2.63,12963590,33948248.0,1414
20240614,600760,41.9,41.73,41.94,40.72,41.13,11695646,480793366.0,40573
20240614,600761,22.74,22.62,22.93,22.21,22.5,16289145,366483413.0,46048
20240614,600763,59.36,59.34,60.37,57.02,58.76,9729234,567806195.0,37604
20240614,600764,20.78,20.66,20.7,20.01,20.09,6981100,141283212.0,14690
20240614,600765,20.16,20.12,20.12,19.44,19.6,23926402,469360601.0,48751
20240614,600768,7.32,7.26,7.38,7.18,7.35,1793402,13080162.0,2688
20240614,600769,6.68,6.65,6.8,6.58,6.66,4418435,29416260.0,5691
20240614,600770,2.63,2.63,2.66,2.57,2.62,16635675,43445584.0,14791
20240614,600771,22.17,22.18,22.5,22.02,22.48,3823299,85139178.0,8195
20240614,600773,11.1,11.05,11.09,10.79,10.98,7545300,82544861.0,13439
20240614,600774,9.73,9.54,9.78,9.25,9.5,27636390,261057298.0,34631
20240614,600775,8.4,8.4,8.49,8.3,8.49,14247759,119805846.0,12946
20240614,600776,10.02,10.02,10.13,9.9,10.11,9400221,94209735.0,17581
20240614,600777,1.52,1.52,1.57,1.51,1.54,71674480,110126664.0,5779
20240614,600778,3.89,3.87,3.96,3.81,3.93,2649964,10300401.0,3034
20240614,600779,42.92,42.75,42.85,41.5,42.61,4780616,201332521.0,16645
20240614,600780,6.56,6.54,6.68,6.48,6.56,6225299,41046850.0,10647
20240614,600782,3.54,3.52,3.6,3.51,3.58,21850134,77676346.0,18450
20240614,600783,9.49,9.49,9.68,9.38,9.61,2653910,25293921.0,4337
20240614,600784,4.76,4.73,4.83,4.7,4.78,5654501,26927987.0,7960
20240614,600785,14.5,14.5,14.55,14.23,14.33,2629900,37747343.0,4019
20240614,600787,4.87,4.86,4.93,4.83,4.91,9768729,47725544.0,14264
20240614,600789,7.68,7.65,7.7,7.52,7.62,56783230,431679492.0,46711
20240614,600790,3.25,3.28,3.32,3.25,3.29,5659067,18614632.0,7725
20240614,600791,3.38,3.37,3.52,3.33,3.51,15580300,53630025.0,11803
20240614,600792,3.4,3.4,3.47,3.37,3.45,7647800,26294459.0,4474
20240614,600793,9.49,9.45,9.52,9.41,9.42,721080,6814644.0,971
20240614,600794,3.22,3.22,3.26,3.2,3.25,8467500,27379840.0,8735
20240614,600795,5.97,5.98,6.0,5.77,5.83,160691594,944019607.0,103961
20240614,600796,4.45,4.45,4.64,4.37,4.58,5942400,27040828.0,7973
20240614,600797,4.75,4.75,4.85,4.69,4.82,10116103,48543280.0,12198
20240614,600798,2.84,2.84,2.88,2.84,2.86,5174000,14802225.0,2153
20240614,600800,2.13,2.12,2.15,2.08,2.1,5666844,11950475.0,5848
20240614,600801,14.03,13.95,14.03,13.82,13.93,6375604,88792559.0,20112
20240614,600802,2.94,2.95,2.97,2.87,2.95,4928531,14443292.0,5182
20240614,600803,20.71,20.75,21.13,20.47,20.91,14121504,294888326.0,31344
20240614,600804,1.16,1.22,1.22,1.22,1.22,5075760,6192427.0,477
20240614,600805,4.02,4.04,4.09,3.99,4.06,3378800,13680175.0,4133
20240614,600807,2.96,2.95,3.02,2.91,2.95,8064900,23896060.0,3132
20240614,600808,2.1,2.1,2.15,2.1,2.14,37988331,80842787.0,13709
20240614,600809,228.4,228.4,235.88,226.54,234.81,7028968,1627889188.0,40409
20240614,600810,6.64,6.62,6.66,6.53,6.62,3717824,24541454.0,10220
20240614,600812,4.36,4.34,4.41,4.32,4.38,10918800,47636239.0,22698
20240614,600814,6.43,6.43,6.43,6.28,6.32,5186800,32844410.0,8100
20240614,600815,1.95,1.96,1.97,1.93,1.95,4225720,8242343.0,2593
20240614,600816,2.96,2.95,3.03,2.75,2.86,140752072,403339054.0,34402
20240614,600817,8.86,8.93,8.99,8.86,8.93,1757600,15668896.0,4254
20240614,600818,16.14,16.3,16.3,15.86,15.88,11062005,177323287.0,20640
20240614,600819,4.43,4.41,4.48,4.37,4.4,6190700,27318146.0,12401
20240614,600820,6.51,6.5,6.66,6.49,6.63,23876560,157481610.0,30527
20240614,600821,5.53,5.48,5.56,5.45,5.53,12895197,70925785.0,11990
20240614,600822,8.13,8.21,8.26,8.08,8.24,2678899,21952567.0,2279
20240614,600824,3.03,3.03,3.09,3.01,3.07,3952783,12095124.0,2462
20240614,600825,3.98,3.97,4.04,3.96,4.0,7798167,31163112.0,5756
20240614,600826,8.22,8.21,8.35,8.16,8.29,1420400,11728425.0,2619
20240614,600827,7.98,7.95,8.01,7.8,7.99,7956464,62968057.0,13570
20240614,600828,2.61,2.62,2.63,2.56,2.6,4762400,12366652.0,5020
20240614,600829,5.85,5.84,5.88,5.75,5.86,3798200,22145851.0,7725
20240614,600830,7.16,7.23,7.88,7.13,7.88,74137412,562665424.0,39432
20240614,600831,3.06,3.06,3.06,3.0,3.0,8006500,24210825.0,7532
20240614,600833,10.82,10.82,10.85,10.73,10.81,641600,6920975.0,1059
20240614,600834,6.71,6.72,6.75,6.66,6.73,740141,4960502.0,915
20240614,600835,12.12,12.14,12.24,12.01,12.2,4854672,58934566.0,12539
20240614,600838,5.9,5.88,5.93,5.85,5.9,1520500,8960597.0,1133
20240614,600839,4.74,4.74,4.81,4.68,4.78,66646049,316726676.0,33939
20240614,600841,3.43,3.44,3.48,3.38,3.41,7450200,25476279.0,12095
20240614,600843,8.57,8.45,8.71,8.26,8.41,59545940,499796819.0,69181
20240614,600844,2.58,2.56,2.59,2.54,2.56,5134400,13172014.0,1325
20240614,600845,34.02,33.85,34.08,33.4,33.77,8375281,282658985.0,28323
20240614,600846,7.39,7.39,7.48,7.32,7.45,3866483,28551035.0,4085
20240614,600847,6.47,6.47,6.58,6.37,6.49,1997900,12987295.0,2437
20240614,600848,10.18,10.18,10.26,10.08,10.2,5796096,59012821.0,17225
20240614,600850,18.75,18.75,18.8,18.5,18.76,5525842,103058642.0,11706
20240614,600851,5.11,5.13,5.14,5.02,5.07,2156600,10924547.0,5581
20240614,600853,3.23,3.24,3.28,3.21,3.26,6927140,22545865.0,3212
20240614,600854,3.67,3.64,3.72,3.63,3.71,3896800,14372309.0,3105
20240614,600855,9.75,9.65,9.88,9.5,9.6,20357158,196043355.0,24326
20240614,600857,5.92,6.0,6.0,5.81,5.93,1601400,9468740.0,2628
20240614,600858,4.04,4.03,4.09,4.0,4.06,4809900,19478149.0,6233
20240614,600859,12.67,12.64,12.76,12.47,12.75,11415120,144028529.0,15459
20240614,600860,8.46,8.46,8.51,8.35,8.45,3555701,29923406.0,5241
20240614,600861,18.68,18.61,18.8,18.19,18.7,1911400,35323684.0,5894
20240614,600862,20.38,20.25,20.3,19.88,20.2,11951117,239678161.0,24186
20240614,600863,4.7,4.7,4.74,4.6,4.61,98205434,457682239.0,49551
20240614,600864,4.78,4.78,4.91,4.76,4.87,24971900,120778087.0,18052
20240614,600865,6.9,7.08,7.08,6.83,6.89,1262600,8707711.0,3483
20240614,600866,6.41,6.33,6.43,6.22,6.36,54883149,349069780.0,35903
20240614,600867,9.01,9.0,9.07,8.92,9.05,14064597,126595424.0,16146
20240614,600868,1.8,1.81,1.93,1.79,1.85,30513797,56758948.0,9370
20240614,600869,3.74,3.73,3.81,3.7,3.75,18487035,69351194.0,23329
20240614,600871,1.74,1.74,1.78,1.73,1.77,56654500,99682262.0,15571
20240614,600872,26.4,26.4,26.82,25.91,26.41,23939199,628861291.0,58361
20240614,600873,10.48,10.44,10.61,10.37,10.45,27104159,284455034.0,36396
20240614,600874,5.71,5.68,5.77,5.67,5.75,7345971,42164585.0,15343
20240614,600875,18.18,18.1,18.32,17.89,18.04,19995544,361595974.0,41267
20240614,600876,10.52,10.56,10.62,10.35,10.48,2845442,29897517.0,7342
20240614,600877,11.62,11.6,11.63,11.41,11.55,7683611,88526439.0,12962
20240614,600879,7.71,7.67,7.86,7.66,7.85,55313312,431289055.0,42777
20240614,600880,4.13,4.13,4.17,4.1,4.13,5439162,22497836.0,4829
20240614,600881,1.07,1.05,1.08,1.05,1.06,29491975,31430847.0,3516
20240614,600882,13.31,13.43,13.77,13.16,13.65,6131800,82461085.0,16568
20240614,600883,5.86,5.86,5.97,5.75,5.94,2540302,14987255.0,3492
20240614,600884,9.83,9.79,10.18,9.34,10.07,57195049,556399605.0,65365
20240614,600885,28.94,28.86,29.37,28.6,29.2,7138574,207086681.0,17317
20240614,600886,18.35,18.35,18.35,17.5,17.73,56956906,1018879383.0,80786
20240614,600887,26.87,26.84,27.25,26.68,27.17,42549459,1147537135.0,74060
20240614,600888,7.13,7.12,7.18,7.09,7.16,8061515,57512501.0,13581
20240614,600889,5.0,5.05,5.11,4.85,4.92,20386100,100279401.0,16582
20240614,600892,4.37,4.43,4.43,4.3,4.34,3630394,15793599.0,4007
20240614,600893,37.8,37.7,37.7,36.73,37.53,26579406,986914161.0,66801
20240614,600894,11.59,11.8,11.99,11.56,11.71,6975948,82233057.0,17441
20240614,600895,20.65,20.42,21.14,20.02,20.85,80038116,1651037945.0,108441
20240614,600897,13.08,13.08,13.18,13.05,13.15,1668581,21898240.0,4952
20240614,600900,28.7,28.65,28.77,27.73,27.9,242643011,6814644667.0,198236
20240614,600901,4.91,4.94,5.05,4.93,5.02,44638662,223274710.0,40916
20240614,600903,6.87,6.89,6.94,6.83,6.92,4964040,34252901.0,7900
20240614,600905,4.68,4.66,4.7,4.61,4.7,253699865,1179711172.0,85755
20240614,600906,6.11,6.11,6.29,6.08,6.24,19313655,119612447.0,17138
20240614,600908,5.29,5.31,5.36,5.25,5.34,17204135,91396005.0,19493
20240614,600909,4.41,4.41,4.52,4.38,4.48,35305017,157307267.0,23477
20240614,600916,10.2,10.25,10.25,10.1,10.17,11660700,118289867.0,23175
20240614,600917,5.69,5.69,5.72,5.63,5.68,1822600,10337131.0,3262
20240614,600918,5.93,5.91,6.04,5.86,6.01,27438400,163228404.0,13937
20240614,600919,7.11,7.21,7.4,7.17,7.4,290553649,2122371742.0,105503
20240614,600925,5.54,5.55,5.65,5.53,5.55,27682402,154412182.0,24782
20240614,600926,13.0,12.99,13.18,12.88,13.14,26500268,345869594.0,36424
20240614,600927,11.63,11.64,11.88,11.53,11.85,3757684,43943103.0,9336
20240614,600928,3.28,3.27,3.32,3.26,3.3,20622811,67801680.0,14475
20240614,600929,5.6,5.59,5.63,5.53,5.59,9878402,55132945.0,14634
20240614,600933,16.98,16.96,16.96,16.47,16.66,10750939,178838958.0,24475
20240614,600935,2.41,2.41,2.42,2.38,2.4,4400600,10548540.0,4035
20240614,600936,2.27,2.25,2.28,2.17,2.19,13627949,30137323.0,8183
20240614,600938,31.27,31.38,31.44,30.55,30.71,48240962,1491390794.0,89698
20240614,600939,2.38,2.37,2.4,2.34,2.38,5788700,13728423.0,3448
20240614,600941,101.31,101.05,101.79,99.63,100.98,12489866,1259974563.0,40862
20240614,600955,16.02,16.01,16.07,15.61,15.66,3551267,55757704.0,10687
20240614,600956,8.99,9.1,9.12,8.97,8.97,6768161,61179881.0,17135
20240614,600958,7.95,7.94,8.15,7.88,8.12,50511448,405465282.0,34234
20240614,600959,2.75,2.75,2.79,2.74,2.78,22786464,63105842.0,15258
20240614,600960,2.72,2.72,2.75,2.67,2.72,5359700,14546307.0,5295
20240614,600961,9.68,9.61,9.76,9.52,9.76,14813600,143405191.0,21379
20240614,600962,11.96,11.93,12.06,11.78,12.02,2887101,34455446.0,3580
20240614,600963,4.06,4.06,4.09,3.98,4.04,14466688,58347923.0,18264
20240614,600965,3.86,3.85,3.9,3.8,3.88,4482501,17242966.0,7008
20240614,600966,5.14,5.16,5.19,5.08,5.17,6152869,31612630.0,12598
20240614,600967,7.76,7.71,7.78,7.66,7.77,10845604,83720941.0,20030
20240614,600968,4.02,4.02,4.08,4.0,4.01,35044807,141477706.0,37989
20240614,600969,6.05,6.04,6.14,5.96,5.99,21219970,128133441.0,12500
20240614,600970,12.38,12.4,12.65,12.35,12.46,12542549,156577433.0,23608
20240614,600971,12.56,12.5,12.66,12.38,12.41,8543888,106774453.0,17876
20240614,600973,3.8,3.78,3.86,3.75,3.85,10125070,38804625.0,6830
20240614,600975,8.7,8.67,8.72,8.44,8.65,37961989,325305654.0,38750
20240614,600976,61.57,61.55,61.72,60.07,60.77,1883986,114203701.0,10616
20240614,600977,11.19,11.21,11.23,11.08,11.18,5130677,57260560.0,8154
20240614,600979,3.63,3.63,3.76,3.6,3.68,59537581,219623781.0,34368
20240614,600980,13.18,13.12,13.3,13.05,13.25,1442703,19059290.0,4445
20240614,600981,1.81,1.8,1.85,1.79,1.82,12806400,23256080.0,5129
20240614,600982,3.7,3.68,3.75,3.66,3.71,6614002,24595883.0,5676
20240614,600983,7.83,7.68,8.16,7.68,8.05,2195000,17553617.0,4664
20240614,600984,2.6,2.6,2.64,2.56,2.6,9637447,25176473.0,4205
20240614,600985,18.29,18.28,18.31,17.92,18.0,15055162,272228962.0,31412
20240614,600986,4.4,4.4,4.45,4.35,4.43,18239740,80264220.0,17486
20240614,600987,7.16,7.2,7.22,7.08,7.16,5950167,42576981.0,15598
20240614,600988,16.64,16.6,16.96,16.53,16.79,30893808,518174980.0,54234
20240614,600989,16.4,16.31,16.58,16.28,16.54,9008470,148184672.0,25268
20240614,600990,18.83,18.68,18.7,18.34,18.69,5447456,100871695.0,16049
20240614,600992,15.39,15.18,16.93,15.18,16.93,21488100,350241470.0,32069
20240614,600993,28.2,28.2,28.6,28.04,28.41,3726225,105431222.0,15305
20240614,600995,10.66,10.66,10.75,10.57,10.66,8792008,93900851.0,13429
20240614,600996,8.01,7.96,8.8,7.91,8.56,51056694,429510338.0,59418
20240614,600997,7.58,7.53,7.59,7.44,7.47,9186712,69005730.0,17685
20240614,600998,5.23,5.26,5.29,5.17,5.26,21767548,113837349.0,31031
20240614,600999,14.06,14.03,14.29,13.93,14.18,23405895,330615515.0,32970
20240614,601000,4.16,4.16,4.23,4.14,4.21,39642265,166504912.0,32063
20240614,601001,19.3,19.15,19.48,18.95,19.17,9669357,185801615.0,20676
20240614,601002,3.06,3.07,3.09,3.02,3.07,4464700,13646975.0,5067
20240614,601003,2.66,2.65,2.71,2.65,2.7,6686100,17961502.0,5024
20240614,601005,1.07,1.08,1.13,1.07,1.12,141546670,156043157.0,10671
20240614,601006,7.21,7.2,7.25,7.17,7.17,92679680,668410368.0,54430
20240614,601007,6.4,6.38,6.48,6.33,6.42,3260070,20934070.0,4381
20240614,601008,3.51,3.51,3.54,3.48,3.51,6685383,23463572.0,6202
20240614,601009,9.44,9.49,9.61,9.36,9.54,31131381,295500851.0,44545
20240614,601010,1.81,1.81,1.83,1.8,1.82,5805400,10545194.0,2729
20240614,601011,1.76,1.75,1.78,1.71,1.74,28385950,49442821.0,16135
20240614,601012,16.51,16.52,16.79,16.25,16.72,83305395,1386972976.0,82732
20240614,601015,3.04,3.04,3.08,3.02,3.06,10273233,31353474.0,10889
20240614,601016,3.17,3.16,3.22,3.15,3.18,55276963,176732738.0,32455
20240614,601018,3.4,3.39,3.42,3.37,3.39,18868614,64085973.0,19606
20240614,601019,13.14,13.21,13.42,12.36,12.9,30025666,386272128.0,46659
20240614,601020,13.85,13.71,14.24,13.71,14.08,62528963,874610815.0,68146
20240614,601021,56.91,56.66,57.13,56.33,56.97,1998891,113718524.0,8591
20240614,601022,9.71,9.8,9.92,9.71,9.81,13418308,131671304.0,11620
20240614,601038,16.17,16.18,16.52,16.14,16.39,6448039,105353897.0,17968
20240614,601058,14.27,14.35,14.49,14.15,14.39,26604732,382424104.0,43265
20240614,601059,15.36,15.23,16.06,15.23,15.4,87354899,1369671266.0,67161
20240614,601066,20.92,20.83,21.33,20.76,21.27,14185670,299328295.0,24437
20240614,601068,4.3,4.32,4.33,4.25,4.31,5039303,21622573.0,8211
20240614,601069,12.05,12.0,12.09,11.88,12.02,8634600,103411933.0,17659
20240614,601077,4.93,4.9,4.97,4.87,4.93,62630771,308153938.0,42598
20240614,601086,4.0,4.0,4.11,4.0,4.09,6129000,24899771.0,4888
20240614,601088,44.58,44.45,45.12,44.0,44.35,28165983,1254276607.0,72088
20240614,601089,14.19,14.29,14.29,13.97,14.17,2182700,30834098.0,8462
20240614,601098,13.68,13.65,13.93,13.61,13.8,11661967,160970986.0,24492
20240614,601099,3.11,3.09,3.26,3.09,3.21,336127126,1068431001.0,90093
20240614,601100,51.65,51.62,52.11,51.03,51.23,4283106,220489490.0,15201
20240614,601101,9.88,9.86,10.1,9.79,9.89,12848752,127654565.0,25095
20240614,601106,2.37,2.37,2.4,2.35,2.38,15594375,37106008.0,9150
20240614,601107,5.3,5.3,5.41,5.25,5.29,13831323,73631083.0,16821
20240614,601108,6.88,6.86,7.05,6.81,7.01,48206077,334151112.0,32697
20240614,601111,7.49,7.42,7.42,7.33,7.39,39412812,291017474.0,32564
20240614,601113,3.53,3.5,3.54,3.49,3.52,7840501,27586838.0,3599
20240614,601116,8.18,8.13,8.19,8.03,8.13,3844400,31143391.0,7327
20240614,601117,8.03,8.0,8.13,7.96,8.02,56553500,454480557.0,41741
20240614,601118,4.89,4.84,4.94,4.83,4.93,40279680,197316002.0,29198
20240614,601121,5.9,5.9,5.94,5.84,5.93,3144263,18553424.0,5695
20240614,601126,19.19,19.07,19.48,18.87,19.04,20402697,391260020.0,45942
20240614,601127,86.4,86.0,88.22,85.02,87.79,27454753,2368738569.0,75874
20240614,601128,7.3,7.3,7.47,7.28,7.43,23341947,172215719.0,43885
20240614,601136,21.28,21.18,23.3,21.18,22.25,91896302,2026426287.0,110717
20240614,601137,16.99,17.01,17.54,16.86,16.97,29350331,505821717.0,44117
20240614,601138,25.9,26.05,27.72,25.84,27.23,228452320,6138937770.0,273364
20240614,601139,7.06,7.03,7.07,6.99,7.01,7555455,53083369.0,15750
20240614,601155,9.57,9.55,10.04,9.41,10.0,59963560,587345347.0,65652
20240614,601156,19.31,19.29,19.53,19.17,19.39,8742924,169226640.0,25275
20240614,601158,5.02,5.01,5.09,5.01,5.08,13366503,67718632.0,14345
20240614,601162,2.28,2.3,2.35,2.26,2.32,321849595,743215926.0,59197
20240614,601163,15.7,15.65,15.77,15.6,15.74,4288800,67291978.0,10700
20240614,601166,17.17,17.18,17.57,17.14,17.46,65951759,1146278334.0,76994
20240614,601168,17.89,17.74,18.02,17.55,17.9,30132566,537885384.0,53349
20240614,601169,5.66,5.66,5.68,5.59,5.64,54892669,309383122.0,45599
20240614,601177,7.38,7.37,7.4,7.27,7.38,1984100,14569138.0,3432
20240614,601179,7.25,7.26,7.46,7.22,7.41,140755204,1039291770.0,114524
20240614,601186,8.39,8.37,8.45,8.36,8.42,33381490,280704673.0,25607
20240614,601187,5.16,5.17,5.26,5.1,5.21,36909194,191305239.0,34167
20240614,601188,3.11,3.1,3.14,3.09,3.13,5975200,18649936.0,2270
20240614,601198,8.15,8.15,8.37,8.1,8.34,41812124,344721498.0,40865
20240614,601199,5.2,5.17,5.32,5.15,5.23,7128500,37277104.0,6510
20240614,601200,8.65,8.66,8.7,8.56,8.66,5905265,50953709.0,11629
20240614,601208,7.38,7.38,7.38,7.17,7.3,12790031,92742692.0,16328
20240614,601211,13.78,13.81,14.69,13.81,14.44,132948257,1904269453.0,110029
20240614,601212,2.92,2.9,2.95,2.89,2.95,101387190,296004689.0,32298
20240614,601216,3.84,3.82,3.89,3.79,3.87,27524948,105693583.0,27103
20240614,601218,2.8,2.82,3.03,2.77,2.88,22468500,64672619.0,17334
20240614,601222,6.6,6.6,6.75,6.58,6.7,16973600,113381232.0,21492
20240614,601225,27.71,27.71,27.85,27.1,27.38,31911831,874362421.0,59443
20240614,601226,5.23,5.25,5.25,5.17,5.22,3858954,20095872.0,3230
20240614,601228,3.11,3.11,3.14,3.08,3.11,16712736,51993099.0,16680
20240614,601229,7.52,7.51,7.52,7.38,7.47,52830144,393384174.0,44880
20240614,601231,15.28,15.3,15.48,15.05,15.4,12934854,198335496.0,32140
20240614,601233,14.53,14.5,15.25,14.43,15.2,26444350,395253124.0,35445
20240614,601236,6.46,6.46,6.64,6.43,6.58,17777771,116160646.0,14219
20240614,601238,8.51,8.49,8.73,8.41,8.41,72208444,617750169.0,44248
20240614,601279,4.47,4.47,4.49,4.39,4.46,4427116,19617622.0,9633
20240614,601288,4.22,4.21,4.26,4.21,4.25,363099258,1540242334.0,82083
20240614,601298,8.58,8.56,8.88,8.55,8.74,22958650,200846315.0,34022
20240614,601311,8.08,8.02,8.18,8.02,8.14,6459207,52317825.0,13295
20240614,601318,41.3,41.19,42.19,41.16,41.87,63562438,2651178962.0,112020
20240614,601319,5.11,5.11,5.19,5.09,5.18,75056132,386524897.0,51483
20240614,601326,3.08,3.08,3.17,3.07,3.16,24017702,75438706.0,15591
20240614,601328,7.04,7.04,7.06,6.73,6.8,559351493,3824614856.0,142105
20240614,601330,6.26,6.25,6.28,6.17,6.24,5370093,33370225.0,8792
20240614,601333,3.23,3.22,3.26,3.16,3.19,49310500,157629778.0,19100
20240614,601336,31.07,30.91,31.92,30.9,31.68,10996189,346178261.0,33143
20240614,601339,5.06,5.04,5.15,4.99,5.12,2864600,14539561.0,5563
20240614,601360,7.92,7.86,7.99,7.82,7.98,36144946,285990869.0,30270
20240614,601366,4.79,4.77,4.88,4.56,4.75,3679505,17605271.0,4565
20240614,601368,4.08,4.08,4.12,4.05,4.1,3106515,12711308.0,2768
20240614,601369,8.23,8.14,8.26,8.08,8.16,10319891,83834597.0,19839
20240614,601375,3.48,3.48,3.56,3.45,3.55,38730749,135952331.0,27023
20240614,601377,5.18,5.18,5.32,5.17,5.27,54483797,285439443.0,22310
20240614,601388,2.28,2.27,2.29,2.24,2.28,15895340,36165620.0,5564
20240614,601390,6.39,6.37,6.47,6.36,6.45,75857952,488683612.0,48040
20240614,601398,5.43,5.43,5.52,5.42,5.5,369814097,2027587055.0,88784
20240614,601399,2.74,2.72,2.8,2.62,2.66,102602353,275547175.0,42719
20240614,601456,10.34,10.37,10.79,10.33,10.68,72251341,763245477.0,50834
20240614,601500,5.48,5.48,5.55,5.44,5.53,18127545,99693728.0,24261
20240614,601512,8.09,8.03,8.18,8.03,8.12,3724603,30220006.0,8633
20240614,601515,3.97,3.87,4.01,3.82,3.96,26213414,103478795.0,9673
20240614,601518,2.44,2.44,2.46,2.43,2.46,11026380,26960393.0,4398
20240614,601519,5.85,5.83,6.03,5.75,5.94,21991400,129833706.0,21707
20240614,601528,4.84,4.84,4.87,4.79,4.85,14602800,70539287.0,14451
20240614,601555,6.17,6.15,6.32,6.13,6.29,54263478,337882814.0,37125
20240614,601566,9.25,9.27,9.31,9.01,9.16,1439825,13147507.0,5915
20240614,601567,34.03,34.03,35.05,33.0,33.69,20981030,707391804.0,58349
20240614,601568,4.01,4.02,4.02,3.95,3.98,17647450,70132051.0,18163
20240614,601577,8.01,8.04,8.16,7.93,8.11,22362771,179478240.0,29041
20240614,601579,10.45,10.58,10.64,10.43,10.54,2563012,26981251.0,6819
20240614,601588,1.6,1.6,1.64,1.59,1.62,11191500,18092206.0,3087
20240614,601595,24.3,24.44,24.9,23.9,24.13,10059420,244040984.0,28932
20240614,601598,5.65,5.64,5.72,5.61,5.68,18388931,104510070.0,24643
20240614,601599,2.97,2.98,3.0,2.93,2.97,8465410,25126624.0,4892
20240614,601600,7.66,7.62,7.75,7.6,7.73,116277062,893706478.0,79186
20240614,601601,28.11,28.04,28.86,27.9,28.63,31009464,884557787.0,81051
20240614,601606,10.17,10.17,10.19,10.04,10.18,9059374,91543039.0,8241
20240614,601607,18.17,18.15,18.55,18.1,18.48,16583750,304448981.0,32423
20240614,601608,3.92,3.91,3.95,3.89,3.93,20882201,81998819.0,23120
20240614,601609,5.79,5.76,5.91,5.75,5.89,6630823,38709894.0,15113
20240614,601611,8.2,8.17,8.27,8.04,8.06,22126900,180003173.0,29798
20240614,601615,10.33,10.29,10.97,10.19,10.97,102694536,1099961279.0,97948
20240614,601616,2.9,2.9,2.97,2.87,2.92,10327400,30276708.0,10156
20240614,601618,3.08,3.08,3.11,3.07,3.1,71425927,221053026.0,19915
20240614,601619,3.21,3.2,3.24,3.18,3.21,13335440,42877458.0,8012
20240614,601628,30.55,30.55,31.69,30.37,31.41,11672041,363774488.0,40616
20240614,601633,24.75,24.75,24.8,24.2,24.74,14526232,355788569.0,45969
20240614,601636,6.9,6.87,7.05,6.84,7.02,31378996,217935990.0,34357
20240614,601658,4.83,4.82,4.87,4.75,4.75,339752784,1627348599.0,78919
20240614,601665,4.68,4.7,4.8,4.66,4.77,28884904,136666877.0,30748
20240614,601666,12.53,12.56,12.63,12.39,12.47,19395612,242724622.0,34607
20240614,601668,5.47,5.46,5.57,5.45,5.56,159878286,883746077.0,63158
20240614,601669,5.14,5.12,5.18,5.11,5.15,84261008,433499050.0,55197
20240614,601677,12.02,12.02,12.02,11.83,11.96,12505684,149238583.0,25080
20240614,601678,3.65,3.66,3.68,3.6,3.61,21299130,77408046.0,16477
20240614,601686,5.06,5.05,5.13,5.03,5.11,3242355,16489795.0,5086
20240614,601688,12.82,12.83,13.26,12.8,13.17,89105049,1162235365.0,68548
20240614,601689,61.37,60.05,60.1,57.76,58.98,13405644,787708105.0,37772
20240614,601696,9.45,9.45,9.65,9.37,9.59,21732449,206762575.0,21169
20240614,601698,14.85,14.8,14.89,14.72,14.79,8215484,121460259.0,14161
20240614,601699,22.3,22.3,22.52,22.1,22.26,16106288,358697611.0,25132
20240614,601700,4.6,4.63,4.74,4.58,4.66,9264988,43233124.0,15218
20240614,601702,19.23,19.25,19.44,18.85,19.29,4285700,82583702.0,14219
20240614,601717,15.96,15.92,15.97,15.73,15.92,11798085,187249758.0,33644
20240614,601718,2.56,2.56,2.57,2.53,2.57,14856200,37972944.0,5577
20240614,601727,3.83,3.83,3.86,3.8,3.82,23525393,90117055.0,20372
20240614,601728,5.77,5.77,5.82,5.71,5.73,97029033,559019925.0,59335
20240614,601766,7.02,6.99,7.04,6.9,6.91,101883460,706080058.0,52981
20240614,601777,2.76,2.76,2.79,2.73,2.77,16928524,46785775.0,13008
20240614,601778,2.62,2.61,2.67,2.59,2.65,65002429,171255339.0,25710
20240614,601788,15.59,15.6,16.03,15.55,15.91,35319866,559136039.0,33300
20240614,601789,3.77,3.77,3.83,3.75,3.82,9059559,34498098.0,3883
20240614,601798,5.04,5.11,5.14,5.02,5.12,5958600,30356594.0,9406
20240614,601799,121.5,121.22,124.41,118.83,123.81,1462400,178419373.0,8674
20240614,601800,8.76,8.69,8.87,8.69,8.78,35663835,314102186.0,35061
20240614,601801,7.19,7.18,7.69,7.16,7.61,23044567,173102795.0,24212
20240614,601808,16.91,16.85,17.02,16.71,16.81,5705107,96186172.0,19012
20240614,601811,15.03,14.95,15.64,14.8,15.28,9333061,142466712.0,22120
20240614,601816,5.17,5.15,5.17,5.09,5.13,100497602,515413262.0,59532
20240614,601818,3.11,3.11,3.15,3.1,3.14,127100339,396713928.0,35049
20240614,601825,6.9,6.9,7.02,6.86,6.93,30975801,214931380.0,31820
20240614,601827,8.69,8.64,8.71,8.5,8.5,7450400,64038110.0,14694
20240614,601828,2.7,2.7,2.73,2.64,2.72,18330743,49294952.0,13804
20240614,601838,15.02,15.01,15.48,14.9,15.4,21580934,329187453.0,36441
20240614,601857,9.91,9.87,9.9,9.8,9.83,125843905,1239005989.0,77359
20240614,601858,20.91,20.97,21.05,20.31,20.72,9239700,190745182.0,21465
20240614,601860,2.51,2.51,2.52,2.49,2.52,35665440,89419595.0,10370
20240614,601865,23.39,23.31,24.07,23.05,23.61,18343693,437370601.0,48822
20240614,601866,2.6,2.61,2.64,2.58,2.6,65715069,171346120.0,28725
20240614,601868,2.11,2.11,2.12,2.1,2.12,161123525,339922325.0,38945
20240614,601869,24.54,24.43,24.84,24.26,24.84,2125137,52407104.0,7088
20240614,601872,8.67,8.66,8.67,8.32,8.42,60918358,515821993.0,66684
20240614,601877,20.26,20.22,20.64,20.13,20.64,11871105,242718459.0,31217
20240614,601878,11.04,11.04,11.64,10.99,11.44,121968552,1382963146.0,80817
20240614,601880,1.3,1.3,1.33,1.3,1.32,56813729,74743751.0,9505
20240614,601881,11.39,11.37,11.92,11.37,11.73,96172020,1119770267.0,69031
20240614,601882,25.06,25.07,25.07,24.41,24.59,1756900,43215348.0,7091
20240614,601886,5.29,5.3,5.31,5.07,5.14,20142015,103901904.0,22615
20240614,601888,69.15,69.58,69.58,67.62,69.28,17688421,1212897893.0,54696
20240614,601890,7.84,7.8,7.89,7.66,7.68,23018272,178442968.0,27481
20240614,601898,13.2,13.11,13.28,12.88,12.98,26924375,351663828.0,47848
20240614,601899,16.81,16.6,17.17,16.55,17.09,163013937,2764928686.0,154696
20240614,601900,13.27,13.28,13.62,13.23,13.5,10646800,143723841.0,16933
20240614,601901,8.24,8.24,8.62,8.22,8.4,198483253,1676359258.0,95708
20240614,601908,2.87,2.87,2.89,2.8,2.84,18386869,51985462.0,12059
20240614,601916,2.85,2.85,2.88,2.84,2.86,127070236,363747366.0,41095
20240614,601918,10.29,10.22,10.38,10.16,10.29,17308617,177915693.0,23421
20240614,601919,15.02,15.27,15.48,15.13,15.21,196218801,2997523909.0,162079
20240614,601921,9.21,9.27,9.57,9.2,9.21,49628864,463828906.0,52543
20240614,601928,11.54,11.54,11.7,11.36,11.48,16104897,185505048.0,22053
20240614,601929,1.17,1.15,1.16,1.11,1.13,134413000,152793398.0,15047
20240614,601933,2.68,2.67,2.82,2.65,2.8,190672682,525157180.0,80509
20240614,601939,7.15,7.14,7.18,7.11,7.13,88095427,629199948.0,45275
20240614,601949,6.3,6.35,6.44,6.29,6.44,14546000,93002389.0,14714
20240614,601952,9.54,9.55,9.58,9.45,9.54,5772967,54928622.0,11016
20240614,601956,4.71,4.72,4.79,4.69,4.78,5501130,26134346.0,6401
20240614,601958,10.94,10.86,10.98,10.82,10.92,12397017,135244951.0,23717
20240614,601963,7.69,7.65,7.7,7.53,7.59,12634886,96146251.0,19499
20240614,601965,18.36,18.37,18.48,17.67,18.25,14125793,254121636.0,32715
20240614,601966,18.31,18.41,18.48,18.16,18.46,13291905,243496388.0,31241
20240614,601968,4.82,4.82,4.96,4.78,4.91,4047031,19699230.0,4843
20240614,601969,6.6,6.6,6.73,6.59,6.71,6125400,40764682.0,14369
20240614,601975,3.5,3.49,3.55,3.48,3.52,86041837,302228482.0,34694
20240614,601985,10.43,10.42,10.42,9.95,10.04,316703759,3202919164.0,189383
20240614,601988,4.45,4.45,4.49,4.43,4.48,170373186,762017957.0,53145
20240614,601989,4.92,4.9,4.91,4.64,4.71,222113554,1053402130.0,91705
20240614,601990,7.82,7.82,8.0,7.8,7.95,20923593,165378680.0,23950
20240614,601991,3.13,3.13,3.17,3.07,3.09,138433300,433370658.0,52917
20240614,601992,1.58,1.57,1.6,1.56,1.59,35848302,56778668.0,9982
20240614,601995,31.34,31.35,32.28,31.17,32.08,18069036,574454983.0,34967
20240614,601996,1.82,1.82,1.83,1.78,1.81,8926802,16116691.0,2746
20240614,601997,5.24,5.24,5.29,5.22,5.27,29904424,157130850.0,26573
20240614,601998,6.4,6.4,6.51,6.34,6.48,190374551,1224209651.0,68881
20240614,601999,5.42,5.4,5.51,5.38,5.44,4203815,22919125.0,6306
20240614,603000,21.45,21.44,21.67,21.35,21.59,11469504,247015251.0,24110
20240614,603001,4.83,4.89,4.92,4.83,4.9,571300,2783592.0,194
20240614,603002,4.95,4.94,5.0,4.8,4.83,58710744,284661961.0,55377
20240614,603003,4.05,4.02,4.12,3.96,4.04,8866800,35879676.0,3425
20240614,603005,19.41,19.18,19.34,18.83,19.26,35821146,683620881.0,53653
20240614,603006,9.74,9.73,9.81,9.56,9.79,2438700,23690030.0,4861
20240614,603007,5.9,5.78,6.13,5.77,5.99,4302626,25809822.0,1216
20240614,603008,18.19,18.19,18.39,17.99,18.33,2298232,41827012.0,9117
20240614,603009,21.76,20.51,20.6,19.58,19.58,11762900,232365080.0,10450
20240614,603010,9.69,9.69,9.72,9.5,9.67,5157214,49490297.0,10187
20240614,603011,6.08,6.09,6.12,6.02,6.1,7718624,46943578.0,6473
20240614,603012,4.76,4.76,4.79,4.71,4.78,2771900,13189092.0,5416
20240614,603013,13.92,13.85,14.06,13.7,13.99,3011434,41780806.0,8458
20240614,603015,7.57,7.52,7.65,7.45,7.61,6099700,46152344.0,13439
20240614,603016,16.24,16.32,16.7,16.1,16.47,1017300,16750680.0,2359
20240614,603017,9.1,9.2,9.25,9.0,9.25,7375857,67518850.0,13402
20240614,603018,8.91,8.87,9.04,8.82,9.02,13395380,119615090.0,14955
20240614,603019,40.84,40.55,42.5,40.52,42.26,57839096,2414482719.0,116810
20240614,603020,6.77,6.82,6.83,6.65,6.8,1972500,13369877.0,5507
20240614,603021,2.81,2.82,2.82,2.73,2.78,4624065,12838453.0,5775
20240614,603022,7.35,7.3,7.38,7.23,7.36,1285051,9421420.0,2399
20240614,603023,1.78,1.76,1.87,1.75,1.87,13715742,25280096.0,2024
20240614,603025,13.97,14.0,14.15,13.9,14.06,3950857,55473952.0,12639
20240614,603026,36.97,37.0,37.01,35.56,36.41,5603099,202426128.0,24237
20240614,603027,14.56,14.52,14.73,14.42,14.69,5714609,83356294.0,11344
20240614,603028,6.18,6.24,6.24,6.0,6.1,2190920,13373553.0,3769
20240614,603029,14.42,14.44,14.44,14.13,14.21,1847472,26272802.0,3044
20240614,603030,1.59,1.6,1.6,1.55,1.56,5711253,8971967.0,754
20240614,603031,22.48,22.43,23.0,22.05,22.69,3768447,85482919.0,12874
20240614,603032,13.18,13.1,13.17,12.88,13.03,3885695,50625321.0,9673
20240614,603033,12.72,12.72,12.79,12.5,12.59,2560294,32369061.0,7262
20240614,603035,13.33,13.3,13.43,13.16,13.39,2997900,39852182.0,5846
20240614,603036,10.72,10.63,10.79,10.58,10.75,1123350,12044411.0,2824
20240614,603037,17.43,17.54,17.67,17.14,17.57,2566110,44841032.0,7405
20240614,603038,7.85,7.84,7.94,7.72,7.84,3303133,25914907.0,5713
20240614,603039,33.57,33.55,33.85,33.0,33.36,3267406,109436374.0,14478
20240614,603040,19.89,19.87,20.2,19.8,20.19,742000,14881874.0,3400
20240614,603041,10.48,10.49,10.66,10.27,10.52,1781260,18726069.0,4627
20240614,603042,9.56,9.59,9.85,9.36,9.79,7806922,75801113.0,12098
20240614,603043,16.68,16.7,16.83,16.59,16.81,1372120,22937506.0,3682
20240614,603045,10.09,10.15,10.17,9.93,10.06,2160640,21729015.0,5474
20240614,603048,14.54,14.58,14.68,14.29,14.5,905064,13104774.0,3434
20240614,603050,25.9,25.89,26.0,25.74,25.79,4365187,112924314.0,6791
20240614,603051,24.07,24.0,24.27,23.62,24.2,1337745,32069652.0,5599
20240614,603052,29.0,28.77,30.42,28.48,30.15,3503751,103963970.0,8657
20240614,603053,9.93,9.96,9.99,9.82,9.88,1352100,13365140.0,4235
20240614,603055,11.07,11.07,11.13,10.87,11.07,4916060,54147391.0,14372
20240614,603056,13.99,14.0,14.09,13.73,13.96,3899220,54165636.0,14188
20240614,603057,16.75,16.68,16.82,16.36,16.67,1023949,16980121.0,3708
20240614,603058,7.2,7.1,7.29,7.1,7.26,2825861,20417508.0,2313
20240614,603059,22.1,22.0,22.15,21.74,21.9,410500,9029545.0,1576
20240614,603060,6.32,6.3,6.34,6.22,6.33,1503759,9464184.0,3819
20240614,603061,67.81,66.5,70.79,65.1,70.74,2256800,153308448.0,8832
20240614,603063,18.16,18.0,18.5,17.92,18.33,6851161,125065913.0,22989
20240614,603065,8.43,8.4,8.47,8.31,8.34,1385000,11563751.0,4273
20240614,603066,9.58,9.55,9.6,9.41,9.57,3015400,28729367.0,3792
20240614,603067,10.56,10.5,10.71,10.27,10.65,10504100,109932143.0,24294
20240614,603068,25.09,24.7,24.9,24.0,24.33,9657398,234511886.0,21213
20240614,603069,16.55,16.41,16.78,16.41,16.72,2274200,37871199.0,2823
20240614,603070,11.62,11.6,11.98,11.53,11.76,2062700,24249747.0,4553
20240614,603071,13.13,13.13,13.23,13.01,13.18,1408500,18507232.0,5876
20240614,603073,15.1,15.09,15.19,14.9,15.16,474241,7165174.0,1558
20240614,603076,23.66,23.9,23.95,23.46,23.87,597500,14194596.0,1834
20240614,603077,1.7,1.7,1.73,1.63,1.69,169305624,282058215.0,34133
20240614,603078,13.5,13.35,14.0,13.33,14.0,18342368,252073320.0,23158
20240614,603079,10.31,10.31,10.39,10.12,10.36,2453615,25267925.0,6117
20240614,603080,13.88,13.75,13.97,13.75,13.93,998700,13883243.0,2840
20240614,603081,10.25,10.25,10.27,10.06,10.13,878511,8914231.0,2166
20240614,603083,31.14,31.74,34.25,31.2,34.25,19215848,638142415.0,33650
20240614,603085,9.78,9.74,9.92,9.55,9.85,5718890,55637540.0,9424
20240614,603086,3.99,4.03,4.04,3.93,4.02,2465968,9839976.0,2850
20240614,603087,47.79,47.6,47.96,46.15,47.06,14755347,691451123.0,40913
20240614,603088,7.7,7.64,7.69,7.56,7.66,3510996,26854721.0,10298
20240614,603089,8.77,8.69,8.83,8.61,8.75,2294697,20120492.0,3654
20240614,603090,20.22,20.1,20.66,19.83,20.58,1349108,27575698.0,3410
20240614,603093,9.3,9.23,9.49,9.2,9.43,3771022,35246491.0,9300
20240614,603095,13.73,13.8,13.9,13.49,13.64,1023300,13966956.0,3325
20240614,603096,17.43,17.43,17.79,17.36,17.77,1236400,21848954.0,4230
20240614,603097,29.22,29.0,29.7,28.51,28.82,5350000,155771732.0,15925
20240614,603098,8.67,8.56,8.74,8.54,8.68,4569800,39512727.0,9908
20240614,603099,21.62,21.73,23.32,21.59,22.47,13184600,297450482.0,25247
20240614,603100,26.91,26.99,27.0,26.42,26.47,2814400,74937605.0,8261
20240614,603101,5.1,5.24,5.24,5.05,5.12,1890704,9658123.0,2842
20240614,603102,31.41,31.41,31.6,31.13,31.46,242200,7603419.0,818
20240614,603103,14.93,14.89,15.03,14.78,14.92,2307447,34358866.0,8683
20240614,603105,10.75,10.55,11.06,10.41,10.7,30334594,328091087.0,30902
20240614,603106,4.44,4.45,4.53,4.34,4.47,7783166,34459921.0,11488
20240614,603108,16.1,16.1,16.31,15.84,16.25,12076577,195026168.0,19869
20240614,603109,13.98,13.97,13.98,13.79,13.9,738000,10257567.0,1740
20240614,603110,12.49,12.6,12.6,12.17,12.24,4240800,52029294.0,9412
20240614,603111,6.01,6.0,6.07,5.97,6.05,6590300,39752037.0,4225
20240614,603112,11.24,11.16,11.36,11.11,11.2,1827400,20529096.0,6349
20240614,603113,5.96,5.94,6.03,5.86,5.99,13345200,79495381.0,19522
20240614,603115,11.07,11.07,11.09,10.92,11.03,981800,10801679.0,3172
20240614,603116,4.53,4.52,4.55,4.44,4.54,2978620,13443881.0,5544
20240614,603117,3.02,3.02,3.17,3.02,3.17,2723020,8587485.0,589
20240614,603118,6.76,6.75,6.94,6.59,6.9,15097036,102789749.0,20231
20240614,603121,7.37,7.3,7.36,7.22,7.33,4320000,31484396.0,7373
20240614,603122,5.55,5.52,5.59,5.42,5.48,2636600,14474327.0,4773
20240614,603123,6.31,6.28,6.35,6.21,6.3,5981100,37544155.0,11619
20240614,603126,5.66,5.64,5.69,5.62,5.68,3219000,18214988.0,2033
20240614,603127,15.05,14.97,15.05,14.5,14.79,8925877,131260651.0,18021
20240614,603128,6.07,6.07,6.14,6.0,6.09,14186770,85968689.0,25768
20240614,603129,143.55,143.11,146.54,142.7,145.7,997600,145051944.0,7084
20240614,603130,18.19,18.19,18.47,18.01,18.18,385554,7031085.0,821
20240614,603131,14.91,14.89,14.95,14.46,14.55,12144950,176936172.0,18710
20240614,603132,13.06,12.86,13.23,12.78,13.15,5752352,75289925.0,18946
20240614,603136,11.13,11.15,11.35,11.06,11.23,2659955,29914487.0,3767
20240614,603138,11.15,11.04,11.28,10.97,11.23,2415681,26907763.0,6993
20240614,603139,12.81,12.82,12.85,12.62,12.85,969600,12355166.0,2300
20240614,603150,26.05,26.19,26.23,25.74,26.18,398100,10365495.0,1438
20240614,603151,12.18,12.08,12.35,12.08,12.29,1412770,17259698.0,2919
20240614,603153,17.16,17.22,17.28,16.91,17.25,1990900,34088532.0,3918
20240614,603155,15.37,15.24,15.29,14.9,15.15,1203760,18121982.0,4047
20240614,603156,23.01,22.95,23.23,22.65,23.2,2710777,62163242.0,10362
20240614,603158,7.38,7.41,7.41,7.25,7.4,5000760,36727485.0,12982
20240614,603159,10.42,10.41,10.55,10.2,10.55,1054800,11019751.0,2702
20240614,603160,67.97,67.5,68.66,66.5,68.1,9060296,611162269.0,37106
20240614,603161,15.44,15.35,15.67,15.22,15.61,1522667,23667075.0,3039
20240614,603162,9.35,9.3,9.41,9.25,9.35,4815618,44903664.0,14643
20240614,603163,28.21,27.79,28.25,27.01,27.49,807050,22237407.0,2486
20240614,603165,10.95,10.94,11.05,10.77,10.97,1856200,20220355.0,4525
20240614,603166,5.03,4.98,4.98,4.82,4.9,17054980,83316317.0,17165
20240614,603167,8.42,8.4,8.47,8.29,8.3,4890524,40867420.0,6079
20240614,603168,7.71,7.69,8.26,7.61,7.98,6542790,51877730.0,6762
20240614,603169,4.77,4.77,4.79,4.68,4.73,8582501,40564338.0,11648
20240614,603170,12.7,12.65,12.87,12.45,12.72,2027700,25687967.0,4746
20240614,603171,21.26,21.52,22.5,20.79,21.89,3452202,74588689.0,13458
20240614,603173,23.29,23.55,23.55,22.83,23.02,1208176,27821900.0,4801
20240614,603176,3.95,3.9,4.01,3.9,3.93,2330724,9205902.0,3503
20240614,603177,7.52,7.6,7.6,7.38,7.49,3201800,23882971.0,7603
20240614,603178,23.21,23.3,23.33,22.83,23.19,2271400,52276421.0,7877
20240614,603179,43.92,43.89,43.89,41.77,43.7,10976757,466114486.0,33075
20240614,603180,20.69,20.74,21.15,20.21,21.15,864168,18040743.0,2956
20240614,603181,9.87,9.93,9.97,9.66,9.7,1853365,18036920.0,6089
20240614,603182,11.31,11.25,11.35,11.15,11.3,1947500,21955093.0,4854
20240614,603183,3.22,3.22,3.24,3.17,3.23,4360273,14045184.0,4317
20240614,603185,19.2,19.21,19.37,18.83,19.19,5458620,104357615.0,18544
20240614,603186,24.63,24.56,25.65,24.16,25.61,4760000,120162400.0,13553
20240614,603187,12.55,12.48,12.57,12.37,12.51,3626257,45228011.0,9503
20240614,603188,2.38,2.38,2.41,2.31,2.39,4615500,10949457.0,3490
20240614,603189,11.0,10.97,11.18,10.82,11.16,3616000,39903549.0,7804
20240614,603190,24.74,24.68,24.82,24.39,24.62,1042100,25607732.0,4009
20240614,603191,15.06,15.3,15.82,15.02,15.82,14529857,226629545.0,16314
20240614,603192,14.25,14.28,14.28,14.01,14.12,642570,9050479.0,2315
20240614,603195,83.08,82.71,85.83,82.71,85.2,4096035,348183856.0,23299
20240614,603196,7.85,7.88,7.88,7.58,7.79,1239600,9574972.0,3510
20240614,603197,35.99,35.82,36.0,34.88,35.35,3274660,115555698.0,12470
20240614,603198,60.89,60.78,61.71,59.4,61.47,4892533,297079698.0,25948
20240614,603199,32.3,32.14,32.91,32.05,32.5,1191200,38690561.0,3862
20240614,603200,20.64,20.64,20.92,20.32,20.77,1831700,37933003.0,4251
20240614,603201,27.2,27.2,27.59,26.8,27.24,429400,11652783.0,2021
20240614,603203,22.82,22.93,23.03,22.38,22.69,3273145,74420585.0,9986
20240614,603206,12.92,12.85,13.12,12.71,13.07,2903648,37621427.0,7483
20240614,603208,22.18,22.18,22.97,21.81,22.81,2579538,58321469.0,8400
20240614,603209,14.62,14.62,14.77,14.29,14.44,2301997,33294897.0,6218
20240614,603211,14.21,14.28,14.32,14.11,14.24,1746900,24796428.0,5849
20240614,603212,11.94,11.88,12.0,11.72,11.88,6785664,80430308.0,15282
20240614,603213,8.25,8.25,8.25,8.13,8.2,1229723,10065367.0,4258
20240614,603214,11.76,11.87,11.9,11.56,11.84,936040,11045029.0,3163
20240614,603215,13.65,13.7,13.7,13.5,13.58,569018,7724662.0,980
20240614,603216,9.39,9.35,9.58,9.22,9.5,1446800,13691183.0,4507
20240614,603217,15.22,15.25,15.25,14.97,15.05,1014380,15285711.0,3716
20240614,603218,11.43,11.44,11.44,11.03,11.22,11711020,130994414.0,16716
20240614,603219,14.9,14.81,15.13,14.6,14.7,3698580,54635773.0,6991
20240614,603220,27.36,27.11,28.9,26.94,28.78,26402759,745140038.0,60176
20240614,603221,9.33,9.3,9.83,9.11,9.48,6432546,61141252.0,16125
20240614,603222,5.84,5.82,5.84,5.75,5.79,4891380,28296385.0,6788
20240614,603223,7.09,7.03,7.14,7.03,7.07,1203195,8511844.0,3556
20240614,603225,14.16,14.09,14.79,14.0,14.66,18142340,262088069.0,42310
20240614,603226,3.19,3.19,3.34,3.13,3.3,4197100,13628167.0,3859
20240614,603227,6.3,6.3,6.33,6.23,6.32,3785400,23800480.0,2470
20240614,603228,25.53,25.56,26.97,25.41,26.71,17843758,471541932.0,47554
20240614,603229,10.92,10.91,10.95,10.68,10.81,3600263,38892843.0,11088
20240614,603230,12.55,12.58,12.75,12.48,12.63,3274900,41339415.0,6029
20240614,603232,10.86,10.86,10.95,10.72,10.92,3679700,39946970.0,7159
20240614,603233,17.8,17.65,17.81,17.16,17.33,16156977,280873969.0,37612
20240614,603235,25.31,25.3,25.47,25.15,25.3,336100,8493095.0,1950
20240614,603236,47.81,48.04,49.59,47.2,49.1,5665161,276000370.0,16345
20240614,603237,25.71,25.45,25.95,25.45,25.59,445692,11444938.0,1373
20240614,603238,10.18,10.13,10.27,9.94,10.24,1198700,12148806.0,3904
20240614,603239,14.38,14.42,14.48,14.17,14.44,902700,12951102.0,4341
20240614,603255,29.36,29.35,29.41,28.83,29.36,323900,9426223.0,1248
20240614,603256,6.73,6.71,6.71,6.53,6.62,3188000,21081517.0,7911
20240614,603258,17.16,17.14,17.33,17.06,17.32,2086852,35979519.0,7885
20240614,603259,45.0,44.7,44.74,43.7,43.7,109469542,4829241479.0,161068
20240614,603260,47.69,47.52,47.6,46.73,47.59,2548400,120221415.0,11662
20240614,603261,28.24,28.5,28.69,27.77,27.92,1377942,38648838.0,4746
20240614,603266,17.42,17.44,17.45,17.01,17.24,2535800,43581877.0,8835
20240614,603267,38.18,37.87,38.13,37.1,37.9,9591810,361621918.0,27203
20240614,603268,11.78,11.78,11.78,11.39,11.61,499569,5818449.0,1850
20240614,603269,10.08,10.0,10.31,9.89,10.21,3692617,37426496.0,8875
20240614,603272,8.92,8.91,8.91,8.71,8.81,1116193,9838080.0,2628
20240614,603277,31.71,31.71,31.96,31.5,31.73,655900,20801297.0,4273
20240614,603278,7.43,7.43,7.51,7.3,7.41,2937580,21753817.0,6463
20240614,603279,21.57,21.35,21.7,21.35,21.66,1917116,41340925.0,7593
20240614,603280,22.43,22.39,22.39,21.2,21.5,7386734,159201935.0,13833
20240614,603281,24.15,24.15,24.4,24.0,24.28,1610216,39032943.0,6666
20240614,603282,18.03,18.03,18.1,17.75,18.02,343900,6153447.0,1202
20240614,603283,80.01,80.01,81.44,78.03,80.97,11072256,885424083.0,41745
20240614,603286,16.38,16.2,16.75,16.02,16.7,4605200,75818529.0,10144
20240614,603288,35.41,35.4,36.07,35.07,35.94,10436326,370951850.0,27854
20240614,603289,8.2,8.18,8.24,8.1,8.22,1184260,9692079.0,2798
20240614,603290,94.13,93.4,95.95,92.06,95.95,9077762,856927829.0,36672
20240614,603291,13.7,13.59,13.83,13.3,13.73,2028700,27685255.0,6419
20240614,603297,68.36,68.4,69.2,67.67,68.31,547484,37365796.0,3610
20240614,603298,20.44,20.28,20.88,19.68,20.06,21799689,437817681.0,51914
20240614,603299,9.5,9.45,9.68,9.37,9.65,9593984,91601104.0,19165
20240614,603300,5.58,5.56,5.62,5.52,5.57,14371458,79961041.0,9838
20240614,603301,20.47,20.51,20.57,20.02,20.34,699200,14160774.0,3168
20240614,603303,11.93,11.85,11.96,11.67,11.86,1752148,20705060.0,6454
20240614,603305,12.56,12.05,12.25,11.85,12.21,21495755,258092135.0,52444
20240614,603306,20.35,20.31,20.31,19.85,20.02,6235660,125124044.0,13188
20240614,603307,33.49,33.4,33.65,33.1,33.4,169800,5666766.0,710
20240614,603308,13.78,13.85,13.85,13.41,13.54,7677600,103873882.0,20406
20240614,603309,11.63,11.78,11.78,11.32,11.52,1705460,19562220.0,7062
20240614,603311,8.69,8.69,8.76,8.57,8.69,1146200,9934580.0,3333
20240614,603313,7.65,7.56,7.8,7.56,7.79,4868352,37507829.0,8272
20240614,603315,10.36,10.41,10.47,10.23,10.33,1656800,17119642.0,4955
20240614,603316,3.83,3.84,3.86,3.73,3.84,2973618,11348358.0,3303
20240614,603317,12.37,12.5,12.59,12.14,12.45,4609734,56920097.0,16122
20240614,603318,6.04,6.03,6.06,5.95,6.02,2823600,16963894.0,5325
20240614,603319,16.51,16.57,16.57,16.18,16.51,3627331,59333995.0,6706
20240614,603320,15.42,15.88,16.18,14.71,14.82,12570392,192686932.0,22154
20240614,603321,7.09,7.06,7.19,6.99,7.11,2575400,18331498.0,5919
20240614,603322,26.38,26.38,29.0,26.01,28.53,8454244,232678163.0,22484
20240614,603323,4.64,4.66,4.74,4.64,4.73,19281154,90477806.0,20416
20240614,603324,28.36,28.2,28.97,27.78,28.67,5536597,157891804.0,13906
20240614,603326,6.1,6.09,6.22,6.0,6.19,3178200,19540837.0,5000
20240614,603327,14.74,14.4,14.63,14.0,14.5,18710711,267582121.0,31631
20240614,603328,7.33,7.32,7.54,7.27,7.53,23195871,172808173.0,31958
20240614,603329,11.5,11.57,11.59,11.4,11.54,1071100,12336579.0,2320
20240614,603330,5.18,5.2,5.2,5.08,5.15,3664000,18798333.0,6806
20240614,603331,9.22,9.23,9.25,9.05,9.16,1434400,13125615.0,3524
20240614,603332,7.76,7.74,7.78,7.62,7.71,3291800,25301448.0,5601
20240614,603333,3.21,3.19,3.33,3.16,3.31,13079980,43028164.0,16810
20240614,603335,4.08,4.07,4.09,3.99,4.09,3320199,13489540.0,4180
20240614,603336,3.22,3.22,3.28,3.18,3.23,6018598,19450500.0,5809
20240614,603337,27.21,27.16,27.31,26.63,27.04,1766446,47610489.0,9722
20240614,603338,62.77,62.65,63.53,60.61,60.9,4573584,282306107.0,21776
20240614,603339,9.52,9.56,9.56,9.4,9.45,1597917,15080686.0,3299
20240614,603345,79.93,79.93,81.63,79.1,81.63,8908107,716431126.0,41497
20240614,603348,29.98,29.68,29.79,29.05,29.4,2482453,72707126.0,12069
20240614,603351,20.75,21.0,21.18,20.68,20.99,344400,7191990.0,1489
20240614,603353,13.52,13.4,13.6,13.2,13.5,2136950,28686606.0,4627
20240614,603355,25.11,25.11,25.3,24.52,25.0,4710716,117603176.0,20725
20240614,603356,12.45,12.45,13.09,12.21,12.85,2913863,37244135.0,3351
20240614,603357,9.33,9.28,9.44,9.24,9.44,7452696,69750593.0,9482
20240614,603358,28.99,28.76,29.15,28.51,28.72,3368790,97077406.0,10929
20240614,603359,3.81,3.81,3.84,3.68,3.79,5843948,22013769.0,8697
20240614,603360,11.93,11.81,11.93,11.65,11.81,3609476,42588369.0,5425
20240614,603363,4.18,4.17,4.38,4.14,4.35,25171378,108266256.0,7335
20240614,603365,17.31,17.21,17.82,17.01,17.74,3042300,53211391.0,7603
20240614,603366,3.78,3.81,3.83,3.75,3.8,4517400,17137423.0,4902
20240614,603367,15.1,14.82,15.07,14.78,14.83,4405520,65628941.0,11308
20240614,603368,19.59,19.69,19.69,18.4,18.9,15973416,302525957.0,34135
20240614,603369,49.65,49.65,49.99,48.13,49.54,8999799,440323532.0,38961
20240614,603377,1.12,1.16,1.18,1.13,1.18,20203437,23670868.0,1961
20240614,603378,5.18,5.17,5.23,5.08,5.23,3608985,18692818.0,4179
20240614,603379,39.55,39.46,39.62,38.7,39.39,3211177,125637063.0,13944
20240614,603380,20.86,20.75,21.0,20.6,20.98,1387600,28947218.0,5914
20240614,603383,36.5,36.15,37.8,35.6,37.6,12429390,459715463.0,31993
20240614,603385,5.8,5.79,5.88,5.64,5.81,2191820,12656980.0,5583
20240614,603386,10.4,10.35,11.16,10.19,10.7,20117874,214112931.0,27863
20240614,603387,8.48,8.48,8.49,8.33,8.4,1977589,16623723.0,5657
20240614,603388,2.01,1.97,2.03,1.96,2.0,11913560,23656884.0,1604
20240614,603389,4.97,4.96,5.47,4.81,5.47,33637990,175296197.0,20291
20240614,603390,6.88,6.81,6.92,6.69,6.91,8055311,54983245.0,13504
20240614,603392,68.08,67.85,68.08,66.5,66.75,4090901,274430128.0,14435
20240614,603393,32.99,32.85,34.4,32.75,34.34,5864290,198181364.0,16202
20240614,603396,37.58,37.32,37.98,36.87,36.9,2313563,85976539.0,9031
20240614,603398,17.27,17.2,17.75,17.06,17.58,1766400,30907590.0,3762
20240614,603399,6.71,6.71,6.74,6.6,6.69,3595526,23997177.0,11132
20240614,603408,13.81,13.82,14.08,13.71,13.87,1606900,22268289.0,6870
20240614,603416,33.31,33.01,33.11,32.48,32.89,2059300,67540024.0,5455
20240614,603421,4.63,4.62,4.71,4.57,4.7,4765420,22244480.0,9650
20240614,603429,4.61,4.58,4.62,4.5,4.56,3122800,14212123.0,6024
20240614,603439,13.79,13.82,13.85,13.5,13.72,4392010,59986926.0,12335
20240614,603444,187.86,187.84,189.5,185.71,187.55,781539,146313569.0,5624
20240614,603456,15.12,15.06,15.07,14.73,14.96,11926312,177540150.0,23048
20240614,603458,4.61,4.64,4.66,4.51,4.61,2838617,13069794.0,3485
20240614,603466,9.11,9.15,9.17,9.0,9.12,5018736,45578905.0,8052
20240614,603477,32.73,32.66,33.83,32.2,33.4,6642600,220122489.0,18891
20240614,603486,49.2,49.2,51.66,49.2,51.55,13150638,670508402.0,49333
20240614,603488,7.13,7.11,7.2,7.01,7.16,1502700,10722487.0,2282
20240614,603489,30.34,30.02,30.34,29.54,29.84,1337034,39838449.0,7088
20240614,603496,24.84,24.85,25.45,24.55,25.34,8581029,215613931.0,25029
20240614,603499,16.25,15.98,16.18,15.51,15.57,6711488,105613123.0,12444
20240614,603500,7.46,7.49,7.52,7.32,7.49,4764742,35347524.0,3870
20240614,603501,102.3,102.12,104.47,101.53,102.49,19412402,2006138901.0,66358
20240614,603505,30.1,30.1,30.1,28.89,29.23,5115169,149319937.0,12233
20240614,603506,9.02,8.8,9.38,8.77,9.11,14226100,129193243.0,19235
20240614,603507,30.97,30.82,31.37,30.3,31.2,3167939,98215031.0,14580
20240614,603508,19.96,19.97,20.24,19.62,20.03,4265512,85217929.0,9831
20240614,603511,12.78,12.6,12.85,12.56,12.78,781500,9930436.0,3750
20240614,603515,19.04,19.04,19.14,18.9,18.97,1031876,19627296.0,4038
20240614,603516,33.77,33.6,35.39,33.42,35.09,10547805,364425637.0,26978
20240614,603517,16.9,16.91,17.2,16.66,17.2,10219565,173119642.0,21029
20240614,603518,9.34,9.33,9.49,9.25,9.42,2767600,25887262.0,7895
20240614,603519,12.31,12.35,12.35,12.15,12.25,1426352,17467622.0,2864
20240614,603520,10.25,10.09,10.22,9.98,10.19,4394300,44379518.0,13794
20240614,603527,7.22,7.22,7.26,7.14,7.24,2977417,21481766.0,5013
20240614,603528,5.91,5.9,6.03,5.82,5.99,18277617,108753424.0,23639
20240614,603529,30.66,30.66,31.3,30.44,31.03,4911388,151712631.0,21968
20240614,603530,29.75,29.66,30.33,28.62,28.78,12361426,362217061.0,28470
20240614,603533,18.72,18.71,18.89,18.55,18.75,7202600,134823503.0,17431
20240614,603535,16.69,16.72,16.96,16.55,16.94,811035,13607711.0,3490
20240614,603536,8.31,8.32,8.45,8.24,8.4,3148200,26322932.0,7211
20240614,603538,11.83,11.88,11.88,11.48,11.66,2496749,29012359.0,7061
20240614,603551,10.32,10.36,10.56,10.24,10.47,2469500,25828636.0,5030
20240614,603556,46.74,46.82,48.51,46.55,47.59,4753388,227105857.0,21680
20240614,603557,1.84,1.83,1.84,1.78,1.82,2400414,4343994.0,385
20240614,603558,10.63,10.66,10.78,10.25,10.46,5780700,60540929.0,13254
20240614,603559,3.54,3.46,3.64,3.46,3.64,1705450,6084569.0,880
20240614,603565,9.36,9.3,9.49,9.25,9.35,5898187,55180191.0,10903
20240614,603566,14.72,14.85,14.95,14.71,14.73,4711600,69698495.0,11801
20240614,603567,12.08,12.13,12.13,11.82,11.85,4487183,53420381.0,10964
20240614,603568,21.97,21.97,22.4,21.85,22.3,6755940,149846556.0,17994
20240614,603569,7.33,7.34,7.44,7.27,7.37,5183300,38127519.0,8531
20240614,603577,7.01,7.04,7.22,6.94,7.21,5076270,36253397.0,9969
20240614,603578,11.96,11.96,12.1,11.82,12.08,401982,4835406.0,916
20240614,603579,16.14,16.1,16.37,15.99,16.28,1401360,22654481.0,4930
20240614,603580,20.94,20.69,21.02,19.45,20.64,11986220,242602920.0,24668
20240614,603583,18.85,18.68,19.3,18.51,19.04,7966420,151152073.0,24935
20240614,603585,10.47,10.47,10.53,10.21,10.41,609200,6326187.0,1789
20240614,603586,11.26,11.26,11.26,11.03,11.21,886700,9914781.0,1419
20240614,603587,12.54,12.52,12.57,12.43,12.53,673100,8415469.0,1916
20240614,603588,6.84,6.89,6.89,6.68,6.76,14220303,96006648.0,12721
20240614,603589,40.24,40.01,40.75,39.79,40.62,4803179,193440915.0,16446
20240614,603590,26.76,26.54,26.89,26.33,26.48,694000,18419657.0,3393
20240614,603595,21.3,21.31,22.0,20.73,21.83,7671658,165432232.0,21270
20240614,603596,37.9,37.8,37.98,37.2,37.75,3801391,142840161.0,14396
20240614,603598,13.43,13.35,13.55,13.2,13.35,8894200,118659862.0,16961
20240614,603599,13.11,13.02,13.13,12.74,13.09,4735832,61223380.0,11782
20240614,603600,10.4,10.55,10.55,10.24,10.45,1904000,19773171.0,6124
20240614,603601,2.89,2.88,2.91,2.83,2.89,8863382,25489932.0,7810
20240614,603602,12.57,12.61,12.77,12.37,12.65,3431945,43177548.0,5779
20240614,603605,108.48,107.44,109.23,106.0,108.12,2072832,222780624.0,12524
20240614,603606,49.9,49.9,49.9,48.33,48.98,6837285,334407469.0,26048
20240614,603607,13.12,13.08,13.17,12.95,13.11,2679860,35020839.0,4934
20240614,603608,2.61,2.61,2.69,2.58,2.66,3276420,8644744.0,673
20240614,603609,6.69,6.69,6.69,6.51,6.62,14364711,94616897.0,19452
20240614,603610,10.38,10.33,10.56,10.21,10.52,4640537,48424397.0,11066
20240614,603611,17.64,17.57,17.95,17.52,17.92,2954232,52674807.0,8210
20240614,603612,13.4,13.68,13.68,13.21,13.55,3218853,43271774.0,9704
20240614,603613,21.92,21.76,22.2,21.71,22.12,8073625,177812951.0,14364
20240614,603615,12.4,12.41,12.51,12.22,12.31,1202800,14845226.0,3443
20240614,603616,2.87,2.91,2.91,2.84,2.89,5784250,16658709.0,5357
20240614,603617,5.34,5.34,5.41,5.27,5.35,3530100,18845433.0,8289
20240614,603618,4.57,4.57,4.7,4.54,4.65,8263428,38353655.0,12334
20240614,603619,23.85,23.75,24.06,23.2,23.9,6703792,159126358.0,13095
20240614,603626,5.49,5.51,5.55,5.42,5.55,7470133,41115468.0,15501
20240614,603628,14.14,14.0,14.29,13.7,13.8,11169600,155194024.0,15960
20240614,603629,19.62,19.54,20.02,19.45,19.9,5001600,98861406.0,15092
20240614,603630,11.34,11.49,11.49,11.11,11.28,1752750,19739230.0,6617
20240614,603633,8.43,8.5,8.93,8.29,8.85,17212158,149779900.0,26408
20240614,603636,8.24,8.18,8.26,8.06,8.25,6092686,49734594.0,7131
20240614,603637,6.26,6.25,6.33,6.14,6.28,1087600,6800737.0,1718
20240614,603638,15.15,15.22,15.25,15.03,15.13,2875891,43477828.0,10667
20240614,603639,12.97,12.93,12.99,12.76,12.85,1944492,24991628.0,4797
20240614,603648,8.21,8.18,8.24,8.11,8.21,2190200,17898562.0,4854
20240614,603650,32.85,32.61,32.7,31.65,32.5,14712157,472989108.0,30956
20240614,603655,15.34,15.34,15.48,14.83,15.23,680800,10357022.0,2983
20240614,603656,11.25,11.25,11.39,11.06,11.39,1347200,15186632.0,2315
20240614,603657,11.98,11.97,12.11,11.82,11.9,2065200,24593191.0,3403
20240614,603658,47.8,47.8,48.59,47.48,48.19,3356027,161226686.0,17311
20240614,603659,15.8,15.74,16.14,15.44,15.85,33322957,527842372.0,63405
20240614,603660,5.4,5.45,5.45,5.32,5.43,7351100,39735867.0,11328
20240614,603661,47.56,46.99,47.5,46.76,47.13,464944,21941181.0,2030
20240614,603662,26.51,26.3,26.4,25.46,25.67,5762551,147922211.0,13869
20240614,603663,14.45,14.4,15.04,14.25,14.88,14848000,218425797.0,23471
20240614,603665,21.0,21.66,21.66,20.5,20.57,677900,14124030.0,1365
20240614,603666,18.4,18.42,18.5,18.03,18.14,2196399,39930963.0,7336
20240614,603667,19.25,18.5,18.55,17.46,17.83,28833644,517045878.0,28997
20240614,603668,11.82,11.71,11.87,11.47,11.67,5470300,63689637.0,13218
20240614,603669,5.25,5.24,5.46,5.16,5.24,9115648,48333559.0,8785
20240614,603676,8.62,8.65,8.7,8.4,8.54,2177994,18574385.0,6435
20240614,603677,11.77,11.83,11.88,11.65,11.79,993200,11674492.0,2845
20240614,603678,25.88,25.6,25.6,25.0,25.19,4553774,114868609.0,11555
20240614,603679,10.48,10.49,10.95,10.14,10.72,12251580,128497914.0,17351
20240614,603680,6.78,6.73,6.8,6.68,6.76,1913420,12891357.0,6031
20240614,603681,13.26,13.26,13.31,13.08,13.18,1533700,20227584.0,6428
20240614,603682,4.2,4.17,4.29,4.14,4.27,7151245,30343814.0,10350
20240614,603683,8.16,8.16,8.18,8.05,8.14,2899900,23529204.0,7444
20240614,603685,11.74,12.78,12.91,12.78,12.91,2787279,35899153.0,1922
20240614,603686,8.06,8.06,8.1,8.01,8.07,2887980,23274805.0,4475
20240614,603687,7.5,7.47,7.6,7.38,7.52,4470209,33385274.0,3608
20240614,603688,36.31,36.05,36.31,35.86,36.11,5048788,181960476.0,17603
20240614,603689,8.8,8.8,8.83,8.7,8.77,2389687,20954693.0,4532
20240614,603690,25.14,24.91,25.15,24.73,25.1,5354777,133657741.0,12966
20240614,603693,12.3,12.3,12.48,12.2,12.26,6710107,82651216.0,14994
20240614,603696,7.36,7.32,7.38,7.22,7.33,1224068,8964633.0,1567
20240614,603697,6.15,6.18,6.21,6.11,6.17,1558140,9595075.0,3718
20240614,603698,12.59,12.51,12.62,12.39,12.52,1661430,20730723.0,3722
20240614,603699,18.75,18.75,18.87,18.55,18.65,4239146,79220040.0,16535
20240614,603700,9.77,9.76,9.88,9.64,9.83,750300,7358303.0,2818
20240614,603701,10.63,10.73,10.75,10.53,10.68,1431025,15208641.0,3690
20240614,603703,9.67,9.73,9.73,9.47,9.57,1797100,17163630.0,4427
20240614,603706,15.23,15.22,15.39,14.92,15.16,1217100,18475054.0,3347
20240614,603707,12.97,12.98,13.03,12.22,12.29,16673765,207375038.0,25167
20240614,603708,8.83,8.83,8.83,8.63,8.69,5510600,47976251.0,7588
20240614,603709,13.02,12.98,13.26,12.65,12.9,2448416,31756849.0,4427
20240614,603711,15.07,15.08,15.24,14.9,15.06,1395581,21016999.0,5866
20240614,603712,21.62,21.66,21.74,21.0,21.32,8305930,176281782.0,22157
20240614,603713,62.59,62.38,62.88,60.56,61.86,1866510,115021019.0,8574
20240614,603716,6.16,6.2,6.22,5.99,6.07,5544950,33541684.0,6610
20240614,603717,6.17,6.23,6.79,6.07,6.6,8596360,56176511.0,9702
20240614,603718,7.23,7.17,7.26,6.75,6.95,20600200,142455225.0,16351
20240614,603719,12.65,12.65,12.79,12.5,12.78,2715700,34366477.0,6605
20240614,603721,23.58,23.86,24.35,23.44,23.85,6881330,163793043.0,17709
20240614,603722,46.4,46.7,46.7,45.3,46.07,716400,32804866.0,2519
20240614,603725,6.77,6.76,6.76,6.45,6.71,11426358,75270823.0,8677
20240614,603726,13.17,13.05,13.22,12.94,13.04,2087900,27255349.0,6042
20240614,603727,13.78,13.66,13.81,13.5,13.75,2034100,27765775.0,7827
20240614,603728,48.57,47.99,47.99,45.0,46.99,9003743,417646206.0,33280
20240614,603729,14.47,14.74,14.83,14.27,14.37,3360711,48587365.0,8267
20240614,603730,9.66,9.59,9.77,9.37,9.74,5537092,53110081.0,11657
20240614,603733,18.89,18.81,18.98,18.6,18.91,1973485,37018510.0,7448
20240614,603737,40.6,40.8,43.18,40.11,42.83,5808493,243905263.0,26270
20240614,603738,13.53,13.54,13.75,13.43,13.7,8183404,111496410.0,14139
20240614,603739,13.9,13.78,14.02,13.58,13.95,10650920,147447398.0,17958
20240614,603755,25.39,25.4,25.42,24.73,25.12,1002488,25074761.0,2969
20240614,603757,20.79,21.69,21.69,20.41,20.69,1439500,30093484.0,3925
20240614,603758,8.0,8.05,8.05,7.83,7.89,3248200,25672871.0,7066
20240614,603759,6.29,6.28,6.34,6.22,6.31,1376752,8675936.0,3160
20240614,603766,7.01,7.1,7.2,7.02,7.14,22599148,160974218.0,34097
20240614,603767,13.18,13.03,13.12,12.68,12.89,10040580,128403038.0,14416
20240614,603768,12.09,12.13,12.17,11.86,11.99,1847100,22123721.0,4951
20240614,603773,22.53,22.8,22.8,21.9,22.34,12783436,284253413.0,28433
20240614,603776,10.95,10.99,11.44,10.98,11.23,13373780,150578460.0,17676
20240614,603777,9.86,9.81,9.95,9.77,9.86,1339740,13208717.0,3394
20240614,603778,3.6,3.57,3.57,3.25,3.29,33268350,111223646.0,12071
20240614,603779,8.9,8.9,8.96,8.7,8.78,6171700,54334603.0,4087
20240614,603786,68.5,69.76,69.76,67.24,67.74,879835,59826350.0,6306
20240614,603787,10.9,10.79,11.31,10.79,11.31,4665300,51876136.0,4245
20240614,603788,12.55,12.56,12.8,12.35,12.74,2162800,27205295.0,5076
20240614,603789,6.78,6.86,6.86,6.66,6.71,2636930,17707424.0,2359
20240614,603790,10.01,9.79,10.1,9.79,10.03,1160170,11604779.0,3841
20240614,603797,3.31,3.31,3.34,3.25,3.26,3346460,11002018.0,3452
20240614,603798,8.56,8.6,8.67,8.46,8.66,2371290,20366130.0,5503
20240614,603799,25.78,25.77,25.77,25.2,25.55,29835835,759821700.0,49566
20240614,603800,21.91,21.78,21.82,21.32,21.4,593100,12758453.0,2337
20240614,603801,13.72,13.73,14.05,13.41,13.99,4653012,64383649.0,12601
20240614,603803,6.33,6.37,6.49,6.2,6.48,6434800,41244229.0,12675
20240614,603806,24.48,24.38,24.6,23.98,24.45,11260230,275052702.0,35696
20240614,603808,6.7,6.7,6.79,6.6,6.76,2019201,13520480.0,5097
20240614,603809,8.03,8.05,8.16,7.92,8.11,7149040,57813148.0,13548
20240614,603810,8.93,8.84,8.97,8.77,8.94,1919312,17065338.0,4036
20240614,603811,6.62,6.64,6.66,6.52,6.63,3745616,24736723.0,10626
20240614,603813,10.0,10.07,10.48,9.83,10.33,2162400,22216642.0,4145
20240614,603815,6.13,6.13,6.14,5.9,6.04,5136480,30869793.0,5426
20240614,603816,34.48,34.4,35.05,34.2,34.8,2355817,81688638.0,10918
20240614,603817,4.97,4.99,5.04,4.92,4.96,3677887,18251761.0,8155
20240614,603818,3.04,3.06,3.1,2.98,3.08,4539100,13888761.0,6860
20240614,603819,11.13,11.0,11.3,11.0,11.3,985300,11039889.0,2695
20240614,603822,19.56,19.55,19.66,19.31,19.61,337908,6599094.0,1039
20240614,603823,10.39,10.27,10.33,10.11,10.29,10480378,107106020.0,25831
20240614,603825,7.89,7.97,8.02,7.77,7.83,3050400,23905515.0,5886
20240614,603826,43.25,43.15,43.15,41.25,41.6,2384277,99786300.0,12175
20240614,603828,1.46,1.46,1.49,1.44,1.47,4940667,7261124.0,614
20240614,603829,11.84,11.87,12.28,11.72,12.14,2172000,26329614.0,4288
20240614,603833,64.7,64.0,65.97,64.0,65.12,2405802,156530382.0,9876
20240614,603836,15.35,15.12,15.18,14.54,14.87,5877750,86839911.0,8052
20240614,603838,5.98,5.98,6.03,5.83,5.99,5253200,31173553.0,2958
20240614,603839,4.61,4.57,4.69,4.52,4.64,2302798,10688692.0,2933
20240614,603843,2.45,2.46,2.53,2.42,2.47,12151300,30138933.0,8215
20240614,603848,13.3,13.27,13.35,13.12,13.31,1488400,19720978.0,4697
20240614,603855,23.19,22.91,23.24,22.53,23.2,1889854,43466033.0,6191
20240614,603856,10.25,10.18,10.48,10.13,10.37,1296000,13420899.0,2904
20240614,603858,14.98,14.92,15.02,14.77,14.99,4596398,68469087.0,11094
20240614,603859,34.4,34.41,34.49,33.67,34.3,2409071,81968037.0,9132
20240614,603860,25.71,25.7,26.2,25.55,26.0,1559100,40341165.0,2922
20240614,603861,8.35,8.35,8.69,8.27,8.5,7415600,63293214.0,12764
20240614,603863,17.46,17.45,19.21,17.4,19.21,21966200,406795027.0,32333
20240614,603866,5.55,5.55,5.69,5.36,5.66,28009040,154753287.0,27640
20240614,603867,25.46,25.44,25.54,25.05,25.36,1038090,26235202.0,3559
20240614,603868,44.48,44.38,45.43,44.03,45.28,966900,43451747.0,3473
20240614,603869,5.1,5.11,5.14,5.01,5.06,2556335,12969816.0,973
20240614,603871,26.09,26.03,26.28,25.68,25.85,5183815,134480103.0,18939
20240614,603876,9.64,9.64,9.64,9.36,9.5,7277754,68838766.0,11113
20240614,603877,15.0,14.86,15.09,14.81,15.05,1221663,18261112.0,3698
20240614,603878,7.96,7.96,8.1,7.9,8.02,5513309,44195012.0,8023
20240614,603879,2.27,2.19,2.24,2.16,2.18,21623375,47255754.0,4360
20240614,603880,3.95,3.91,4.03,3.89,3.96,1971794,7802332.0,471
20240614,603881,17.22,17.24,17.45,17.11,17.37,3922829,67837671.0,10901
20240614,603882,30.88,30.93,30.93,30.22,30.69,4789524,146241663.0,19204
20240614,603883,31.14,31.14,31.19,29.47,29.75,10044277,302029150.0,49004
20240614,603885,12.04,11.99,12.12,11.92,12.09,10219667,122906073.0,15880
20240614,603886,15.03,15.03,15.1,14.91,14.99,1085600,16275010.0,3756
20240614,603887,4.5,4.51,4.56,4.43,4.52,3401720,15330611.0,4163
20240614,603888,21.82,21.78,22.0,21.71,21.97,4728936,103538106.0,10539
20240614,603889,7.46,7.47,7.47,7.28,7.38,3097820,22783194.0,6142
20240614,603890,9.6,9.58,9.6,9.25,9.49,22680872,213378571.0,31467
20240614,603893,59.11,58.86,59.86,58.11,59.65,4671689,276428208.0,22828
20240614,603895,16.87,16.6,17.2,16.27,17.11,1517840,25526217.0,3859
20240614,603896,26.3,26.21,26.3,26.05,26.26,1583138,41449591.0,4836
20240614,603897,18.19,18.07,18.48,18.06,18.43,2677110,49154590.0,7813
20240614,603898,7.9,7.86,7.97,7.81,7.93,755600,5959700.0,1767
20240614,603899,33.81,33.88,34.4,33.7,34.1,3117846,106112584.0,12636
20240614,603900,4.89,4.88,4.92,4.75,4.9,7959625,38704369.0,8098
20240614,603901,7.88,7.91,7.91,7.76,7.82,4248018,33210784.0,8399
20240614,603903,7.25,7.24,7.3,7.18,7.25,1463600,10597154.0,3615
20240614,603906,8.6,8.61,8.67,8.45,8.62,5881430,50319935.0,13545
20240614,603908,21.99,22.03,22.12,21.66,21.8,679700,14816763.0,1827
20240614,603909,8.67,8.68,8.8,8.63,8.74,1280400,11157475.0,3719
20240614,603912,6.14,6.16,6.22,6.07,6.2,4337524,26780131.0,6548
20240614,603915,13.4,13.38,13.38,13.15,13.32,3346116,44356058.0,10399
20240614,603916,7.3,7.34,7.34,7.19,7.26,2894000,20988265.0,6442
20240614,603917,11.39,11.38,11.5,11.22,11.43,1131000,12872484.0,3641
20240614,603918,11.13,11.13,11.28,10.9,11.18,7029347,78044495.0,13180
20240614,603919,19.41,19.52,19.65,18.99,19.61,4619200,89189014.0,13924
20240614,603920,20.0,19.8,21.2,19.79,20.65,34569389,712301654.0,46357
20240614,603922,25.74,25.2,25.89,25.2,25.78,180300,4637703.0,648
20240614,603926,8.52,8.55,8.6,8.4,8.6,1385220,11812974.0,5032
20240614,603927,18.43,18.39,18.67,18.31,18.67,8486025,157388813.0,15055
20240614,603928,10.64,10.63,10.83,10.4,10.8,2129125,22822929.0,4177
20240614,603929,25.97,25.72,26.0,25.2,25.32,4769800,121935266.0,11809
20240614,603931,23.88,23.64,24.14,23.58,23.73,3494800,83055790.0,7801
20240614,603933,13.72,13.64,13.97,13.31,13.65,7335800,100045365.0,14447
20240614,603936,7.6,7.58,7.76,7.39,7.7,24279381,184908290.0,30629
20240614,603937,8.11,8.1,8.26,7.99,8.16,2931120,23905371.0,3316
20240614,603938,12.99,13.02,13.13,12.63,12.73,1519440,19409244.0,5383
20240614,603939,31.19,31.12,31.15,28.85,29.2,23759709,704247549.0,79753
20240614,603948,17.28,17.33,17.33,16.89,17.08,611400,10435385.0,2025
20240614,603949,12.16,12.11,12.21,11.83,11.95,1756400,20970812.0,6038
20240614,603950,13.57,13.48,13.51,13.28,13.34,3475100,46381753.0,4844
20240614,603955,9.34,9.45,9.52,9.23,9.5,1289800,12161789.0,2849
20240614,603956,5.59,5.63,5.63,5.47,5.52,2411200,13327111.0,4840
20240614,603958,8.54,8.54,8.58,8.32,8.55,2391405,20319893.0,7124
20240614,603959,1.7,1.79,1.79,1.66,1.74,59606966,105436971.0,9440
20240614,603960,22.25,22.4,22.52,21.91,22.41,9076978,202228680.0,21142
20240614,603966,7.27,7.24,7.45,7.2,7.31,5351613,39018731.0,10548
20240614,603967,9.31,9.35,9.38,9.22,9.35,2601130,24263134.0,5481
20240614,603968,10.63,10.69,10.76,10.5,10.71,1492200,15866030.0,3069
20240614,603969,4.96,5.0,5.07,4.94,5.04,5907399,29656910.0,6673
20240614,603970,18.2,18.19,18.3,17.06,18.26,1930320,34877388.0,4286
20240614,603976,14.91,14.91,15.07,14.68,14.84,633700,9393697.0,2614
20240614,603977,10.21,10.22,10.23,10.06,10.17,4402608,44596441.0,7866
20240614,603978,9.37,9.29,9.4,9.2,9.26,1302200,12073768.0,3496
20240614,603979,51.84,51.63,52.3,50.49,51.96,15392240,790949850.0,56259
20240614,603980,3.83,3.85,3.85,3.72,3.8,4552600,17268173.0,8322
20240614,603982,8.32,8.24,8.36,8.16,8.28,1922600,15866767.0,4892
20240614,603983,29.86,29.92,30.01,29.27,29.7,1296843,38297471.0,5924
20240614,603985,13.68,13.8,13.8,13.42,13.54,5775640,78122903.0,20810
20240614,603986,89.0,88.5,90.68,86.85,90.66,19235018,1710874947.0,67121
20240614,603987,6.46,6.46,6.5,6.36,6.41,3418125,21936136.0,7586
20240614,603988,7.97,7.9,8.13,7.84,8.05,3164500,25426528.0,5637
20240614,603989,14.03,14.03,14.16,13.78,14.1,2695899,37688195.0,7567
20240614,603990,9.27,9.26,9.59,9.16,9.5,6793525,63859366.0,10483
20240614,603991,31.6,31.52,31.75,30.37,30.6,934700,28722712.0,3032
20240614,603992,17.4,17.4,18.08,17.28,18.04,1780460,31762061.0,5392
20240614,603993,8.1,8.03,8.31,7.96,8.28,136116373,1115013024.0,106963
20240614,603995,17.58,17.84,17.84,17.51,17.76,2425462,42916100.0,10200
20240614,603997,11.23,11.24,11.24,10.96,11.02,5610800,61974202.0,14684
20240614,603998,10.94,10.83,11.0,10.75,10.88,3151241,34290840.0,11011
20240614,603999,5.01,5.02,5.12,4.97,5.03,5875200,29606549.0,9087
20240614,605001,4.92,4.91,4.95,4.86,4.9,2501130,12262491.0,4389
20240614,605003,16.36,16.18,16.53,16.18,16.39,350700,5729424.0,1207
20240614,605005,16.22,16.12,16.28,15.96,16.24,844900,13597485.0,2867
20240614,605006,4.75,4.75,4.78,4.67,4.77,1163840,5499408.0,2244
20240614,605007,13.15,13.28,13.28,12.91,13.09,1412200,18424662.0,7042
20240614,605008,14.05,14.16,14.18,13.69,14.08,1486940,20631520.0,3652
20240614,605009,42.67,42.62,43.28,41.7,43.22,1448686,61656546.0,7804
20240614,605011,26.97,27.23,28.49,27.23,27.5,10221100,284915391.0,23566
20240614,605016,22.9,23.28,23.28,22.3,22.4,1299746,29339917.0,4399
20240614,605018,9.48,9.4,9.45,9.2,9.28,2527300,23428723.0,8144
20240614,605020,22.03,22.05,22.09,21.11,21.35,4133320,88296812.0,11145
20240614,605028,15.0,15.0,15.19,14.83,14.95,813000,12212160.0,2318
20240614,605033,12.92,12.8,13.0,12.77,12.98,687000,8853854.0,2042
20240614,605050,9.46,9.54,9.6,9.39,9.46,1589300,15065936.0,4670
20240614,605055,4.35,4.36,4.39,4.32,4.37,1664600,7237456.0,3203
20240614,605056,11.62,11.71,11.71,11.33,11.51,2747400,31412446.0,6648
20240614,605058,20.33,19.8,21.0,18.9,20.82,11831039,235465333.0,19772
20240614,605060,15.03,15.02,15.11,14.89,15.08,1105000,16576199.0,4410
20240614,605066,5.37,5.35,5.55,5.31,5.5,6749237,37009954.0,12497
20240614,605068,14.37,14.37,14.4,14.18,14.37,1116692,15952435.0,3941
20240614,605069,6.46,6.45,6.49,6.31,6.46,1938910,12472711.0,3852
20240614,605077,15.43,15.44,15.49,15.2,15.49,1111520,17073743.0,3415
20240614,605080,16.99,16.87,16.97,16.73,16.94,458200,7729630.0,1631
20240614,605081,11.88,12.05,12.65,11.82,12.16,5915985,73225604.0,7717
20240614,605086,17.32,17.28,17.5,17.0,17.25,2088380,36074827.0,4578
20240614,605088,22.0,21.82,22.25,21.62,22.21,1651664,36318767.0,4914
20240614,605089,23.3,23.15,23.6,22.98,23.35,401004,9328940.0,1253
20240614,605090,29.8,29.49,29.9,29.22,29.9,11220296,332541241.0,31184
20240614,605098,45.7,46.19,46.68,45.18,45.84,667800,30613753.0,3742
20240614,605099,21.0,20.85,21.1,20.48,20.61,625062,12946449.0,2616
20240614,605100,11.95,11.91,11.99,11.81,11.96,755211,9004816.0,2092
20240614,605108,23.03,23.0,23.29,22.15,23.2,3525134,79808801.0,8574
20240614,605111,29.84,29.7,30.54,29.11,30.38,23222041,696210011.0,62457
20240614,605116,22.03,22.03,22.13,21.55,21.75,809500,17630416.0,3513
20240614,605117,70.59,70.0,71.17,67.35,69.53,16174559,1121606330.0,62451
20240614,605118,15.34,15.5,15.52,14.99,15.41,1943991,29806894.0,7244
20240614,605122,10.07,10.02,10.14,9.94,10.12,677080,6819851.0,1793
20240614,605123,62.87,62.88,62.88,61.8,62.28,618500,38392994.0,2787
20240614,605128,29.05,28.8,29.31,28.72,29.31,652776,18957336.0,2247
20240614,605133,19.6,19.79,19.79,19.3,19.55,1113000,21640712.0,3350
20240614,605136,5.81,5.79,5.89,5.7,5.86,5276100,30721678.0,9365
20240614,605138,5.6,5.58,5.59,5.25,5.43,9671742,51784262.0,9765
20240614,605151,15.39,15.35,15.53,15.23,15.45,468200,7208526.0,1166
20240614,605155,9.84,9.84,9.84,9.64,9.8,2207921,21490302.0,6710
20240614,605158,6.12,6.11,6.19,6.07,6.17,2795760,17190540.0,6112
20240614,605162,7.77,7.74,8.09,7.71,7.88,13936830,110359878.0,11592
20240614,605166,11.0,10.96,11.07,10.83,10.94,2600300,28504453.0,8217
20240614,605167,8.06,8.25,8.3,8.1,8.14,5987200,49140019.0,8927
20240614,605168,29.66,29.79,29.84,29.16,29.47,2270565,66772934.0,7097
20240614,605169,8.18,8.18,8.24,8.12,8.18,1621072,13277473.0,1407
20240614,605177,22.05,22.1,23.08,21.7,23.01,1812900,40918896.0,5094
20240614,605178,11.4,11.48,11.48,11.13,11.31,1151500,13080093.0,3062
20240614,605179,9.84,9.84,9.93,9.75,9.9,2087400,20560273.0,5074
20240614,605180,12.59,12.59,12.67,12.45,12.59,1765500,22198401.0,6003
20240614,605183,16.74,16.65,16.79,16.37,16.53,1069300,17670227.0,4221
20240614,605186,27.2,27.2,27.2,26.26,26.51,1864000,49556678.0,5664
20240614,605188,7.0,7.03,7.36,6.97,7.26,8785089,63144464.0,13614
20240614,605189,11.09,11.09,11.12,10.9,11.04,895800,9849728.0,3356
20240614,605196,10.95,10.81,11.13,10.76,10.85,9192975,100254961.0,22744
20240614,605198,28.77,28.58,28.94,28.5,28.83,1048300,30093549.0,4413
20240614,605199,10.38,10.4,10.4,10.18,10.31,1217800,12517636.0,3520
20240614,605208,6.61,6.65,6.65,6.48,6.59,2240721,14699454.0,6167
20240614,605218,17.0,16.95,17.22,16.84,17.17,3340800,56973334.0,9888
20240614,605222,16.13,16.11,16.4,15.9,16.3,2749300,44678005.0,9321
20240614,605228,9.43,9.56,9.56,9.22,9.42,2326200,21691564.0,7224
20240614,605255,12.35,12.19,12.38,12.1,12.32,863800,10614750.0,3296
20240614,605258,37.65,36.0,37.0,34.5,35.12,19829575,707347533.0,60952
20240614,605259,20.16,20.17,20.19,19.72,19.93,335080,6669646.0,991
20240614,605266,34.94,34.61,34.76,32.95,33.26,2616333,87059933.0,11831
20240614,605268,7.18,7.18,7.3,7.02,7.29,1329600,9597506.0,3896
20240614,605277,12.86,12.68,13.55,12.65,13.33,15006115,198060215.0,23781
20240614,605286,24.36,24.35,24.79,24.11,24.7,2583509,63464235.0,5755
20240614,605287,12.39,12.39,12.47,12.2,12.42,954887,11833407.0,1543
20240614,605288,31.88,32.01,32.25,31.57,31.75,275000,8743599.0,1115
20240614,605289,27.22,27.15,27.37,26.86,27.2,681000,18485421.0,3582
20240614,605296,38.38,38.3,38.55,37.35,38.42,3190153,120902287.0,13532
20240614,605298,8.69,8.62,8.78,8.6,8.7,997629,8655325.0,1858
20240614,605299,8.56,8.54,8.74,8.45,8.6,2092700,18045974.0,5246
20240614,605300,12.12,12.13,12.13,11.7,11.86,1120359,13278731.0,3076
20240614,605303,7.03,7.02,7.15,6.89,7.13,2121200,14969331.0,3729
20240614,605305,27.92,28.15,28.85,27.89,28.13,3139945,88699269.0,12790
20240614,605318,13.69,13.69,14.07,13.62,13.89,1173100,16304322.0,1622
20240614,605319,18.84,18.96,19.49,18.5,19.24,1917027,36591628.0,7376
20240614,605333,28.12,28.22,28.29,27.8,28.12,2086900,58417189.0,12161
20240614,605336,12.09,11.99,12.14,11.93,12.08,1027250,12378867.0,2024
20240614,605337,10.65,10.7,10.76,10.54,10.69,1644312,17531132.0,3060
20240614,605338,14.66,14.84,15.34,14.71,15.17,4219518,63697967.0,11941
20240614,605339,14.97,14.9,15.13,14.8,15.08,545700,8175394.0,2511
20240614,605358,24.61,24.2,24.59,23.83,24.22,22651462,546747067.0,54274
20240614,605365,17.01,17.0,17.04,16.69,16.99,1639500,27673377.0,7030
20240614,605366,6.26,6.27,6.27,6.13,6.24,2561519,15866858.0,4791
20240614,605368,13.04,12.97,13.42,12.91,13.34,9631880,127590656.0,18963
20240614,605369,45.53,45.33,45.45,44.11,44.73,669087,29915610.0,4276
20240614,605376,22.05,21.98,22.46,21.92,22.2,1967292,43707247.0,7494
20240614,605377,14.5,14.41,14.75,14.28,14.67,4389886,64065340.0,12881
20240614,605378,15.49,15.5,15.89,15.25,15.78,2729680,42848565.0,5635
20240614,605388,5.85,5.83,5.9,5.78,5.85,2800360,16324375.0,6149
20240614,605389,22.01,22.19,22.48,21.74,22.21,1087960,24120197.0,5373
20240614,605398,20.63,20.63,20.98,20.35,20.91,725300,15038508.0,3315
20240614,605399,11.72,11.72,11.78,11.51,11.59,1919589,22261180.0,3565
20240614,605488,13.48,13.39,13.6,13.2,13.25,3591865,47723132.0,9146
20240614,605499,230.95,231.0,232.85,220.01,220.28,3211858,722388755.0,21499
20240614,605500,6.33,6.3,6.38,6.25,6.34,1300990,8237762.0,3525
20240614,605507,16.92,17.05,17.07,16.82,16.95,1271800,21561757.0,4681
20240614,605555,20.45,20.39,20.6,20.07,20.47,3303969,67115867.0,10654
20240614,605566,16.83,16.83,16.88,16.63,16.83,661250,11086912.0,1910
20240614,605567,8.21,8.26,8.28,8.1,8.27,1283700,10520377.0,2070
20240614,605577,17.69,17.69,17.96,17.51,17.77,13958116,247717001.0,32841
20240614,605580,9.59,9.59,9.76,9.41,9.65,1553940,14995051.0,2877
20240614,605588,42.49,41.8,43.38,41.38,43.38,4138732,175769820.0,12605
20240614,605589,20.64,20.58,21.06,20.32,20.86,17484198,363748396.0,32388
20240614,605598,22.92,22.51,23.19,22.32,22.96,3381420,77014328.0,6404
20240614,605599,13.17,13.26,13.39,13.03,13.07,5992400,78913225.0,16031
20240614,688001,23.22,23.33,23.36,22.33,22.61,1947196,43996585.0,5801
20240614,688002,31.3,31.15,31.29,30.35,30.76,7911583,242705552.0,19008
20240614,688003,34.39,34.16,34.39,33.91,34.14,490190,16711124.0,1144
20240614,688004,11.15,11.2,11.2,10.71,10.87,1612831,17542056.0,3150
20240614,688005,26.0,25.83,28.23,25.42,27.32,23837603,648459340.0,36851
20240614,688006,19.13,19.1,19.19,18.78,19.09,3355792,63872963.0,9169
20240614,688007,17.26,17.18,17.36,16.92,17.25,4715296,80723805.0,9246
20240614,688008,52.7,52.5,53.15,51.6,53.0,17371108,910349196.0,34713
20240614,688009,5.97,5.99,6.07,5.68,5.74,108682587,632773840.0,42489
20240614,688010,16.48,16.41,16.6,16.15,16.37,871158,14222101.0,1831
20240614,688011,15.58,15.45,15.67,15.13,15.31,458153,7005283.0,1433
20240614,688012,144.9,144.0,144.5,138.57,140.56,13870915,1956192727.0,48926
20240614,688013,15.51,15.51,15.51,15.01,15.15,503620,7637210.0,1174
20240614,688015,18.77,18.58,18.66,18.33,18.42,1764468,32538640.0,2503
20240614,688016,109.93,109.3,110.59,107.06,108.84,1314888,142412985.0,5423
20240614,688017,110.48,108.0,108.28,97.09,99.48,8479032,853490710.0,29040
20240614,688018,78.89,78.2,78.87,76.51,78.01,1427582,110558960.0,5426
20240614,688019,132.9,132.26,132.66,129.37,132.04,1578211,207110284.0,7443
20240614,688020,33.9,33.9,36.15,32.51,35.69,2969563,103413190.0,6432
20240614,688021,9.88,9.8,9.8,9.51,9.62,1051361,10128121.0,1802
20240614,688022,14.3,14.3,14.88,13.93,14.39,4397744,63263347.0,8035
20240614,688023,44.85,44.8,44.8,43.59,44.16,1824980,80387577.0,8219
20240614,688025,44.16,44.16,44.16,43.01,43.84,1605555,70027625.0,4849
20240614,688026,10.55,10.55,10.57,10.37,10.46,1142118,11935181.0,3068
20240614,688027,167.31,165.59,169.93,164.5,169.46,1557356,261905451.0,6325
20240614,688028,16.95,16.94,16.94,16.65,16.72,1636466,27417810.0,4533
20240614,688029,66.79,66.77,66.95,65.31,66.53,1481867,97807229.0,6130
20240614,688030,11.48,11.49,11.49,11.15,11.28,938183,10574327.0,1845
20240614,688031,43.14,42.82,43.19,42.1,42.67,1598493,68206208.0,6115
20240614,688032,203.48,203.49,204.78,196.02,199.88,2697058,535639033.0,11397
20240614,688033,6.78,6.74,6.75,6.56,6.63,8790310,58302981.0,8096
20240614,688035,34.81,34.37,34.61,33.7,34.08,2669682,91042747.0,4493
20240614,688036,85.41,85.27,89.27,83.91,88.58,10533450,917839251.0,37497
20240614,688037,112.23,110.55,110.55,105.88,106.81,5403753,581228796.0,17598
20240614,688038,9.33,9.3,9.76,9.03,9.47,4409698,41169597.0,4834
20240614,688039,24.12,23.82,24.42,23.74,24.25,1129907,27286487.0,2427
20240614,688041,71.94,71.71,73.14,70.98,73.14,18800201,1362123974.0,40054
20240614,688045,31.2,29.95,30.0,28.56,29.41,5163642,150979508.0,12099
20240614,688046,11.96,11.96,12.04,11.77,11.77,3935734,46679323.0,6592
20240614,688047,99.85,99.38,99.5,94.87,98.0,3650210,352785533.0,11241
20240614,688048,36.74,36.31,38.03,35.81,37.33,4823505,179516303.0,12666
20240614,688049,27.45,27.45,27.45,26.75,27.0,3118910,84265161.0,8279
20240614,688050,74.8,75.79,76.41,72.92,75.91,2085184,155765262.0,9114
20240614,688051,17.25,17.11,17.23,16.61,17.08,451788,7669460.0,1262
20240614,688052,100.5,99.96,102.82,98.15,101.72,1870225,188818347.0,8075
20240614,688053,28.23,28.05,28.22,26.56,26.91,3295363,89215714.0,6389
20240614,688055,3.29,3.28,3.32,3.24,3.3,7232724,23760130.0,9904
20240614,688056,23.04,23.0,23.0,22.13,22.48,620435,13951888.0,1513
20240614,688057,10.24,10.18,10.31,10.18,10.26,483779,4949742.0,864
20240614,688058,31.01,31.18,31.18,30.45,30.87,378943,11642212.0,1110
20240614,688059,51.15,50.58,50.68,49.24,50.3,1015362,50679899.0,2949
20240614,688060,28.86,28.85,29.36,28.15,29.02,359628,10399250.0,942
20240614,688061,26.6,26.94,26.94,25.6,26.2,1582184,41191444.0,4376
20240614,688062,33.35,33.7,33.7,31.68,31.92,7950527,256807605.0,21877
20240614,688063,60.51,61.0,61.0,59.41,60.11,3244924,195325420.0,10966
20240614,688065,47.34,47.48,47.7,45.09,45.65,8600558,394266122.0,24432
20240614,688066,19.39,19.25,19.38,19.02,19.29,5101359,97737165.0,7799
20240614,688067,14.68,14.65,14.85,14.17,14.36,1441229,20855951.0,2671
20240614,688068,27.96,27.88,27.94,27.33,27.74,697747,19281651.0,1162
20240614,688069,14.6,14.77,14.91,14.33,14.64,451496,6627237.0,905
20240614,688070,33.37,33.58,33.59,31.81,31.9,1020549,32942185.0,1947
20240614,688071,23.6,23.59,23.69,22.93,23.0,1448885,33566316.0,4348
20240614,688072,144.77,143.5,143.5,138.28,138.92,4754172,665654936.0,18219
20240614,688073,32.9,32.88,32.88,32.2,32.7,649062,21097943.0,1553
20240614,688075,33.39,33.39,33.39,32.49,32.67,382504,12533693.0,1215
20240614,688076,62.99,62.95,63.6,61.05,61.4,2767976,171386402.0,10143
20240614,688077,15.97,15.72,16.18,15.43,15.75,974381,15262397.0,2766
20240614,688078,23.95,24.05,24.1,23.44,23.74,604827,14376978.0,1421
20240614,688079,7.79,7.76,7.83,7.6,7.78,3435782,26579541.0,5852
20240614,688080,31.63,31.5,31.78,31.06,31.25,658589,20598792.0,2730
20240614,688081,8.93,8.93,9.02,8.7,9.0,1757868,15525023.0,2657
20240614,688082,87.05,86.65,86.88,82.8,82.8,5428936,457683843.0,18522
20240614,688083,76.31,75.6,76.31,74.2,75.84,732407,55029228.0,3399
20240614,688084,48.83,48.89,50.95,47.89,50.22,543896,27092073.0,1561
20240614,688085,18.42,18.3,18.45,17.9,18.13,1327127,24004161.0,2339
20240614,688087,27.9,27.78,27.87,27.1,27.4,916013,25124158.0,2134
20240614,688088,30.85,30.92,31.36,30.42,31.22,3657698,113464046.0,11289
20240614,688089,14.62,14.5,14.61,14.13,14.31,3272066,46744893.0,5623
20240614,688090,28.79,28.5,30.49,27.92,30.34,2527167,73746708.0,3357
20240614,688091,25.8,26.03,26.03,25.27,25.57,1186723,30380582.0,3501
20240614,688092,22.55,22.4,22.66,21.95,22.12,857392,18995164.0,2195
20240614,688093,17.17,17.33,17.71,17.0,17.6,2757292,48101613.0,5288
20240614,688095,49.35,51.0,51.63,49.01,50.74,2489822,125381492.0,7844
20240614,688096,5.52,5.44,5.51,5.34,5.4,1092597,5909002.0,1398
20240614,688097,19.71,19.55,19.7,19.14,19.56,3062193,59404610.0,7305
20240614,688098,4.55,4.55,4.57,4.44,4.47,2091272,9373087.0,2260
20240614,688099,59.71,59.88,60.48,58.62,60.4,4893325,292613922.0,18541
20240614,688100,37.59,37.65,38.38,37.18,37.99,2198106,83544785.0,7562
20240614,688101,11.87,11.86,11.88,11.72,11.77,704241,8300628.0,1603
20240614,688102,11.9,11.78,11.9,11.52,11.66,7100515,82723569.0,7991
20240614,688103,30.56,30.3,31.38,29.7,31.17,2796752,85834631.0,4611
20240614,688105,22.15,22.15,22.15,21.22,21.37,3482008,74967747.0,11338
20240614,688106,18.77,18.7,18.77,18.42,18.69,5436176,101090034.0,11121
20240614,688107,32.48,32.0,34.37,30.8,31.45,19661209,639616480.0,37096
20240614,688108,10.09,10.13,10.13,9.66,9.77,6669361,65383452.0,7196
20240614,688109,27.18,27.35,27.4,26.8,27.28,437313,11890310.0,943
20240614,688110,21.77,21.74,22.26,21.48,21.98,10209499,223233943.0,16979
20240614,688111,267.5,267.6,273.68,264.11,271.22,3827005,1032462132.0,18211
20240614,688112,31.35,31.38,31.38,30.72,31.06,434215,13473779.0,1267
20240614,688113,30.92,30.65,30.8,30.2,30.7,141373,4316972.0,401
20240614,688114,52.31,52.12,52.43,50.45,51.59,2623242,134750029.0,9591
20240614,688115,20.64,20.43,20.58,19.81,19.99,1166039,23412737.0,2361
20240614,688116,25.55,25.38,25.55,24.37,25.0,17282452,428011440.0,32239
20240614,688117,25.8,25.52,25.8,24.98,24.99,847980,21404895.0,2340
20240614,688118,14.3,14.25,14.5,13.93,14.32,1716659,24508929.0,3788
20240614,688119,3.56,3.54,3.56,3.43,3.5,5198147,18175919.0,2927
20240614,688120,201.5,202.0,202.13,195.54,199.71,1875211,371576003.0,9214
20240614,688121,13.92,13.92,13.96,13.34,13.56,2328283,31503315.0,3092
20240614,688122,43.81,43.53,43.59,41.85,42.92,7753741,329857478.0,17024
20240614,688123,60.56,60.01,60.8,59.41,60.3,2698326,162019441.0,8958
20240614,688125,30.81,30.51,31.4,29.9,30.7,1324341,40746828.0,2252
20240614,688126,14.85,14.76,15.04,14.68,14.93,23320680,346174752.0,23497
20240614,688127,18.13,17.98,18.13,17.8,18.07,3204564,57578336.0,8890
20240614,688128,18.62,19.3,19.55,18.36,18.63,6345580,119575587.0,10983
20240614,688129,12.98,12.87,12.89,12.6,12.7,602811,7670302.0,1355
20240614,688130,32.77,31.66,32.4,31.0,32.39,1248494,39498876.0,2264
20240614,688131,31.82,31.89,31.99,30.7,31.18,1780440,55359080.0,4541
20240614,688132,18.59,18.75,18.75,18.19,18.5,776811,14320602.0,2003
20240614,688133,25.53,25.08,25.62,24.68,25.19,1909122,47903502.0,7011
20240614,688135,16.49,16.31,16.64,16.31,16.4,2997692,49303527.0,5434
20240614,688136,18.05,18.05,18.13,17.63,17.88,766291,13642427.0,3062
20240614,688137,35.2,34.54,35.6,34.11,34.3,188900,6515652.0,567
20240614,688138,23.06,22.93,23.0,22.5,22.94,3517148,80026123.0,7752
20240614,688139,38.79,38.75,39.68,38.42,39.48,4432042,173620202.0,12254
20240614,688141,17.6,17.42,17.99,17.15,17.41,16557542,291082258.0,32270
20240614,688143,24.96,24.6,24.89,23.65,23.88,1805860,43416365.0,5216
20240614,688147,31.41,31.39,32.11,29.38,29.5,7045925,214295033.0,18718
20240614,688148,4.59,4.57,4.68,4.49,4.64,6681027,30774522.0,8579
20240614,688150,21.69,21.39,21.4,20.2,20.28,8845693,182714187.0,13887
20240614,688151,13.38,13.21,13.35,12.93,13.08,1241420,16263669.0,2515
20240614,688152,43.1,43.75,43.75,42.12,42.7,964848,41210633.0,3436
20240614,688153,42.4,42.17,42.7,41.21,41.21,4745303,198897311.0,19296
20240614,688155,39.24,38.91,39.61,38.6,38.66,379704,14713938.0,779
20240614,688156,14.86,14.82,14.93,14.55,14.74,1040851,15424726.0,1968
20240614,688157,34.14,34.36,34.36,33.11,33.23,476149,15969643.0,1091
20240614,688158,10.53,10.45,10.65,10.38,10.6,6135790,64463943.0,11096
20240614,688159,35.84,36.0,36.53,35.32,36.04,2436102,87703435.0,7411
20240614,688160,47.32,45.9,45.96,42.68,43.11,4060436,177069835.0,8433
20240614,688161,22.43,22.08,22.4,21.76,22.26,1799959,39617498.0,6450
20240614,688162,21.83,21.3,21.44,20.66,20.77,1152697,24129758.0,2846
20240614,688163,12.48,12.37,12.42,12.1,12.23,609544,7446943.0,1125
20240614,688165,8.18,8.21,8.25,7.96,8.0,3736820,30047788.0,3939
20240614,688166,35.85,35.9,36.16,34.19,34.91,5754059,201507462.0,11372
20240614,688167,64.51,63.9,64.27,62.66,63.25,2397755,151777763.0,8024
20240614,688168,30.09,29.81,30.08,29.45,29.85,350574,10430244.0,768
20240614,688169,416.0,413.39,421.0,401.94,401.94,2058555,841049403.0,11203
20240614,688170,24.24,24.01,24.19,23.66,24.0,1352615,32364793.0,2746
20240614,688171,15.72,15.52,16.26,14.98,15.18,2281620,35330151.0,4100
20240614,688172,18.0,17.99,18.36,17.32,17.5,17999922,320322563.0,33536
20240614,688173,11.47,11.39,11.49,11.13,11.18,7275802,81784277.0,14052
20240614,688175,15.76,15.7,15.7,15.2,15.35,828531,12746644.0,1608
20240614,688176,5.66,5.67,5.69,5.44,5.46,5584999,30841698.0,5401
20240614,688177,25.97,25.9,25.99,24.71,24.95,3747398,94098476.0,11097
20240614,688178,10.92,10.83,10.94,10.66,10.76,835920,9010058.0,1624
20240614,688179,10.54,10.43,10.46,10.08,10.13,3182575,32404451.0,4685
20240614,688180,30.4,30.46,30.8,28.69,28.69,11098740,326358600.0,26190
20240614,688181,19.29,19.45,19.55,19.01,19.1,3897120,74910383.0,5974
20240614,688182,14.05,13.96,14.25,13.72,14.04,4314986,60281476.0,8021
20240614,688183,19.75,19.55,21.55,19.4,21.35,25315376,521487698.0,28417
20240614,688184,13.17,13.12,13.16,12.94,13.09,275547,3590165.0,554
20240614,688185,48.43,48.3,48.42,46.52,47.15,2155397,101209512.0,8254
20240614,688186,10.85,10.79,10.86,10.67,10.72,2820197,30316681.0,3928
20240614,688187,48.0,47.84,48.3,47.02,47.8,4130465,197007208.0,12134
20240614,688188,193.42,192.52,197.91,190.6,197.91,1002040,195641934.0,6180
20240614,688189,5.84,5.85,5.85,5.71,5.76,2932299,16894973.0,4129
20240614,688190,80.7,80.48,81.72,79.5,79.99,484677,38995547.0,2248
20240614,688191,17.1,17.05,17.49,16.84,17.0,1046092,17938834.0,1550
20240614,688192,44.43,43.98,44.25,42.61,43.5,2758018,119437277.0,9002
20240614,688193,28.77,28.76,28.98,28.08,28.51,150763,4303596.0,514
20240614,688195,25.63,25.45,26.75,25.05,26.29,5659958,147875949.0,11661
20240614,688196,25.68,25.71,26.23,25.42,26.01,265532,6886070.0,569
20240614,688197,45.93,45.96,46.17,43.02,44.52,731558,32126864.0,1866
20240614,688198,107.32,106.5,107.44,104.02,104.91,684409,72248418.0,3307
20240614,688199,21.65,21.84,21.9,20.81,20.98,2618395,55368156.0,4924
20240614,688200,113.08,111.0,113.59,110.01,113.54,1531008,171633707.0,7667
20240614,688201,13.32,13.31,13.6,12.99,13.35,4855678,64357998.0,7140
20240614,688202,30.61,30.61,30.69,29.35,29.69,4980560,147647471.0,13488
20240614,688203,8.83,8.88,8.88,8.58,8.64,1275752,11063141.0,1867
20240614,688205,30.78,30.5,33.25,30.3,32.1,4878451,156698847.0,10564
20240614,688206,15.54,15.31,15.38,15.0,15.18,8149307,123412398.0,13688
20240614,688207,12.01,11.99,12.0,11.75,11.88,2730773,32438751.0,4234
20240614,688208,24.25,24.29,24.8,23.7,24.53,7624124,185718370.0,24271
20240614,688209,12.6,12.53,12.62,12.24,12.57,4745134,58899479.0,10691
20240614,688210,21.64,21.6,21.99,21.35,21.86,1626398,35385241.0,4490
20240614,688211,27.3,27.55,27.7,26.55,26.95,256162,6886849.0,676
20240614,688212,51.75,51.77,52.11,49.8,50.53,976998,49459151.0,2681
20240614,688213,51.62,51.33,52.46,49.11,50.45,10388026,526047558.0,30557
20240614,688215,23.7,23.59,23.7,23.01,23.11,421243,9813102.0,995
20240614,688216,17.21,17.8,18.65,17.21,17.51,4443473,79498934.0,7444
20240614,688217,22.51,22.51,22.53,22.04,22.15,264947,5907804.0,685
20240614,688218,18.27,18.16,18.22,17.7,17.88,2478782,44209179.0,2999
20240614,688219,8.48,8.5,8.61,8.37,8.41,1786216,15127511.0,2989
20240614,688220,40.14,39.95,41.45,39.5,41.14,4530325,183594905.0,15524
20240614,688221,5.84,5.85,5.86,5.63,5.69,3254226,18558937.0,4775
20240614,688222,12.33,12.24,12.26,11.96,12.1,2715776,32795970.0,6923
20240614,688223,8.74,8.66,8.97,8.2,8.27,273742406,2324607079.0,69391
20240614,688225,13.52,13.52,13.67,13.11,13.21,682954,9086211.0,2195
20240614,688226,20.6,20.45,21.16,19.94,20.02,3000060,61395671.0,10033
20240614,688227,12.45,12.45,12.52,12.04,12.25,845084,10349906.0,1590
20240614,688228,42.14,42.18,43.0,41.31,42.56,1321351,55863102.0,3940
20240614,688229,25.8,25.81,25.81,25.05,25.51,492034,12506238.0,1563
20240614,688230,39.32,38.44,38.47,36.81,37.13,3269344,122027219.0,7574
20240614,688231,16.17,16.15,16.15,15.46,15.66,1473746,23061240.0,3611
20240614,688232,20.6,20.3,20.76,20.21,20.58,2108035,43222426.0,8978
20240614,688233,21.25,21.2,21.5,20.56,21.46,4379097,92416770.0,10732
20240614,688234,53.1,52.57,53.52,52.34,53.17,4490888,237636056.0,14885
20240614,688235,130.4,129.96,130.56,126.7,130.0,1570269,201947495.0,7508
20240614,688236,15.95,16.07,16.09,15.56,15.63,1828962,28735315.0,4601
20240614,688237,22.3,22.08,22.23,21.0,21.36,875202,18873704.0,2618
20240614,688238,5.31,5.3,5.31,5.12,5.17,8621588,44604439.0,10671
20240614,688239,39.56,39.57,39.67,37.85,38.38,4036560,154490438.0,9669
20240614,688244,45.6,45.19,45.97,44.45,44.82,296416,13380302.0,763
20240614,688246,23.14,23.3,23.3,22.22,22.45,978464,22063583.0,2526
20240614,688247,8.85,8.78,8.9,8.58,8.65,1784165,15521736.0,3709
20240614,688248,30.43,30.15,31.88,30.11,31.14,12178520,380244892.0,23535
20240614,688251,18.82,18.82,18.83,18.16,18.3,620576,11384835.0,991
20240614,688252,14.28,14.2,14.32,13.89,14.17,4173188,58965514.0,11579
20240614,688253,39.71,40.0,40.78,39.51,40.45,1643472,66061639.0,5314
20240614,688255,23.25,22.8,22.8,21.03,21.42,3177059,68423514.0,4786
20240614,688256,195.53,194.0,200.5,191.25,200.01,8214388,1617779423.0,30158
20240614,688257,22.5,22.87,22.87,21.92,22.16,1111426,24595706.0,3084
20240614,688258,37.48,37.44,37.73,36.8,37.39,1745867,65154675.0,3692
20240614,688259,45.9,45.9,46.15,44.83,45.61,1521504,69346715.0,4235
20240614,688260,16.17,16.17,16.17,15.62,15.83,2480746,39216679.0,5407
20240614,688261,54.29,53.51,53.6,52.38,53.35,3275184,173389219.0,10321
20240614,688262,20.97,20.88,21.08,20.2,20.71,8557056,175610827.0,15069
20240614,688265,22.03,21.72,22.05,21.59,21.83,135612,2960549.0,409
20240614,688266,57.9,57.9,58.33,56.36,56.88,3429471,195901928.0,12429
20240614,688267,20.68,20.9,20.9,20.48,20.6,388827,8027580.0,1117
20240614,688268,56.33,55.8,56.29,54.38,55.86,1819948,100588072.0,5132
20240614,688269,26.89,26.63,26.88,26.5,26.75,735141,19610123.0,1531
20240614,688270,33.2,33.0,33.02,31.9,32.26,5462745,176860578.0,13106
20240614,688271,112.1,112.1,114.09,110.88,113.0,11597873,1306259442.0,36492
20240614,688272,18.25,17.88,18.17,17.15,17.15,1845574,32255179.0,2380
20240614,688273,21.06,21.4,21.4,20.53,20.63,568463,11815851.0,1850
20240614,688275,37.13,36.86,36.94,35.52,35.99,1860083,66709105.0,6429
20240614,688276,31.98,31.7,32.11,31.04,31.41,3020169,94591912.0,9645
20240614,688277,8.37,8.25,8.3,8.02,8.22,6591990,53736644.0,10026
20240614,688278,57.6,57.7,59.8,57.7,58.17,4165810,244916637.0,14552
20240614,688279,122.5,121.0,124.53,120.15,124.0,1019096,124946740.0,5159
20240614,688280,4.5,4.46,4.54,4.39,4.45,3359366,14984573.0,5145
20240614,688281,94.41,93.63,94.47,88.66,89.7,1395788,125956211.0,6731
20240614,688282,25.8,26.0,26.0,25.3,25.44,392441,10020487.0,542
20240614,688283,41.8,40.59,41.9,39.09,39.84,678312,26977146.0,2210
20240614,688285,6.62,6.62,6.62,6.46,6.55,916302,5997707.0,807
20240614,688286,46.43,43.98,45.0,42.46,43.79,2811905,122300383.0,5586
20240614,688287,5.33,5.31,5.33,5.21,5.27,6488280,34098523.0,5790
20240614,688288,13.41,13.33,13.59,12.9,13.37,3473131,45842864.0,5365
20240614,688289,18.49,18.38,18.65,18.11,18.15,4501147,82337935.0,15040
20240614,688290,30.09,30.0,30.18,29.27,29.84,526850,15655908.0,1514
20240614,688291,17.53,17.35,17.38,16.85,16.93,973663,16599222.0,2439
20240614,688292,16.54,16.56,16.66,16.2,16.5,2081331,34080563.0,4573
20240614,688293,38.56,38.9,39.33,36.8,37.99,554663,20921867.0,1387
20240614,688295,22.78,22.74,22.9,22.3,22.87,2831779,63801503.0,6888
20240614,688296,9.97,9.95,10.07,9.73,9.92,1080983,10659597.0,2487
20240614,688297,37.4,37.3,37.7,35.44,35.53,8423547,306971729.0,19417
20240614,688298,28.11,28.35,28.35,27.56,28.01,1008924,28145694.0,3098
20240614,688299,12.38,12.47,12.75,12.33,12.59,4130954,51994420.0,3489
20240614,688300,53.0,52.71,53.6,52.2,53.1,2428961,128477143.0,4937
20240614,688301,191.48,191.48,196.0,189.83,189.83,1797880,346293872.0,7829
20240614,688302,28.64,28.05,28.66,27.56,28.32,940346,26396622.0,2521
20240614,688303,24.81,24.74,25.28,24.45,25.24,5506725,137496004.0,13267
20240614,688305,70.13,70.0,70.01,68.68,69.31,448386,31066613.0,1512
20240614,688306,4.22,4.17,4.21,4.03,4.06,15180225,61986754.0,13406
20240614,688307,21.24,21.03,21.2,20.36,20.57,1329195,27369100.0,3283
20240614,688308,21.9,21.85,21.85,21.03,21.5,2142734,45669599.0,3950
20240614,688309,12.37,12.37,12.49,12.18,12.39,273521,3386809.0,736
20240614,688310,15.4,15.34,15.34,14.7,14.79,1266331,18946097.0,2408
20240614,688311,23.3,23.5,23.6,22.16,22.4,3560576,80277908.0,6999
20240614,688312,17.7,17.75,18.28,17.4,18.0,2197508,39438145.0,3563
20240614,688313,10.0,9.96,10.37,9.92,10.25,11733378,119799281.0,13714
20240614,688314,20.11,20.17,20.18,19.58,19.72,441249,8712956.0,1352
20240614,688315,12.4,12.43,12.43,11.95,12.08,4437411,53554971.0,10626
20240614,688316,32.05,31.94,32.56,31.66,32.15,497955,16001843.0,1681
20240614,688317,14.86,14.9,14.95,14.57,14.64,907879,13323415.0,1952
20240614,688318,87.77,87.0,94.95,85.02,91.11,6925684,622542353.0,17591
20240614,688319,10.27,10.27,10.32,9.94,10.0,2969642,29823381.0,4667
20240614,688320,26.17,25.76,25.98,25.19,25.73,1855053,47523477.0,2754
20240614,688321,20.35,20.33,20.33,19.7,19.91,2601567,51868855.0,6777
20240614,688322,27.91,27.91,28.16,27.41,27.75,3497441,97050313.0,8181
20240614,688323,11.0,10.9,11.02,10.55,10.63,1831666,19625586.0,3161
20240614,688325,32.61,31.98,32.57,31.51,32.15,1469679,46966758.0,3336
20240614,688326,63.78,64.0,64.0,60.5,61.87,1671334,102716344.0,7476
20240614,688327,11.12,11.02,11.11,10.85,11.06,15531154,170655342.0,12915
20240614,688328,14.84,14.14,15.5,14.14,14.72,6017519,89440291.0,10675
20240614,688329,15.74,15.63,15.81,15.15,15.34,961358,14783967.0,1828
20240614,688330,21.67,21.56,22.68,21.5,21.95,1695284,37629181.0,4008
20240614,688331,46.66,46.46,47.79,45.92,47.3,2833641,133564773.0,12968
20240614,688332,55.63,55.08,55.92,54.91,55.5,1191718,66194997.0,3679
20240614,688333,54.73,54.68,55.1,53.46,54.61,2608736,141337573.0,8655
20240614,688335,8.63,8.63,8.63,8.38,8.41,629258,5323217.0,1334
20240614,688336,23.12,22.95,23.21,21.71,21.84,6907141,153769973.0,19190
20240614,688337,28.94,28.95,29.38,27.23,27.96,2158960,60363456.0,5322
20240614,688338,22.82,22.7,22.7,22.0,22.33,480265,10701235.0,1407
20240614,688339,32.96,32.97,33.18,32.46,32.96,1047848,34280327.0,2469
20240614,688345,18.04,18.24,18.34,17.7,18.2,472613,8533526.0,1088
20240614,688348,66.8,66.56,66.86,65.01,65.79,1227229,80838873.0,5262
20240614,688349,28.4,28.4,29.38,28.01,29.1,2810516,81288191.0,8909
20240614,688350,12.0,12.01,12.04,11.83,11.98,473517,5642229.0,826
20240614,688351,23.22,23.22,23.76,22.95,23.39,2526167,58757296.0,9952
20240614,688353,18.69,18.69,18.97,18.4,18.8,653115,12190550.0,1390
20240614,688355,14.01,14.0,14.0,13.57,13.8,741332,10155780.0,1642
20240614,688356,67.28,65.94,66.99,64.57,65.35,665241,43335954.0,2771
20240614,688357,27.22,27.32,27.32,26.33,26.44,582167,15465459.0,1392
20240614,688358,27.59,27.58,27.88,27.0,27.1,574014,15664193.0,1584
20240614,688359,47.4,46.81,47.83,46.7,47.02,335172,15768380.0,929
20240614,688360,12.25,12.25,12.35,11.97,12.16,1045815,12638671.0,1979
20240614,688362,21.13,21.0,21.43,20.71,20.83,9835342,206920619.0,21539
20240614,688363,59.1,58.6,60.03,57.82,60.03,2047967,119967491.0,8629
20240614,688365,6.7,6.69,6.69,6.54,6.59,3918314,25866256.0,6316
20240614,688366,91.2,90.55,92.29,90.23,91.39,679721,62105380.0,3532
20240614,688367,12.38,12.36,12.58,12.19,12.52,685536,8547311.0,1284
20240614,688368,53.97,54.73,54.95,53.0,54.12,890542,48000654.0,3907
20240614,688369,16.77,16.7,16.85,16.49,16.76,1410515,23466290.0,3833
20240614,688370,16.61,16.63,16.64,16.27,16.38,306484,5022966.0,677
20240614,688371,11.19,11.08,11.23,10.88,11.05,1952510,21498516.0,6039
20240614,688372,46.15,45.65,46.0,44.6,44.87,1776544,79854346.0,6898
20240614,688373,4.28,4.29,4.3,4.1,4.15,3845763,16065441.0,4695
20240614,688375,77.53,77.5,77.69,72.15,72.18,2473044,183413493.0,11933
20240614,688376,31.15,31.1,31.17,30.22,30.3,1286624,39338855.0,2519
20240614,688377,15.06,15.15,15.15,14.61,14.75,892063,13171489.0,1614
20240614,688378,25.56,25.39,25.93,24.83,25.57,2593560,65673451.0,7194
20240614,688379,14.3,14.18,14.27,13.72,13.87,993181,13859814.0,2134
20240614,688380,17.5,17.37,17.75,17.05,17.45,5495373,95067835.0,15013
20240614,688381,19.39,19.35,19.52,19.0,19.32,4347571,83598536.0,10860
20240614,688382,8.44,8.41,8.52,8.11,8.13,4406689,36170740.0,7813
20240614,688383,60.85,59.98,60.5,58.8,60.09,743739,44475420.0,3317
20240614,688385,34.11,34.0,34.6,33.14,33.14,17460410,590069749.0,31124
20240614,688386,29.6,29.4,29.59,29.03,29.21,251273,7347439.0,944
20240614,688387,5.21,5.16,5.2,5.07,5.15,15532189,79710462.0,14519
20240614,688388,10.68,10.68,10.84,10.45,10.8,13898223,147475935.0,17136
20240614,688389,18.36,18.29,18.29,17.4,17.67,5484586,97378737.0,12421
20240614,688390,67.86,67.39,67.6,63.6,63.87,5056639,327490571.0,13864
20240614,688391,31.18,31.12,31.5,30.4,30.89,914622,28092614.0,1690
20240614,688392,47.8,47.8,47.8,46.01,46.99,649014,30248464.0,2736
20240614,688393,16.14,16.1,16.3,15.75,15.87,840226,13420680.0,1588
20240614,688395,14.66,14.66,14.66,14.23,14.4,1016363,14627935.0,2704
20240614,688396,39.47,39.32,39.32,38.65,39.16,6803832,265114707.0,16277
20240614,688398,28.47,28.6,28.8,28.2,28.79,663941,18962770.0,1924
20240614,688399,68.85,68.51,68.93,67.31,67.99,344173,23360200.0,1153
20240614,688400,16.89,16.83,17.09,16.64,17.04,2621106,44367472.0,5892
20240614,688401,28.01,27.77,27.87,27.12,27.64,3832111,105249520.0,6194
20240614,688403,9.08,9.04,9.11,8.91,8.96,11945745,107390340.0,13959
20240614,688408,101.43,101.43,102.41,99.18,100.53,783770,78896738.0,3791
20240614,688409,69.1,68.01,69.28,66.62,66.63,4257961,288558954.0,13690
20240614,688410,21.1,21.12,21.68,21.01,21.2,1139301,24310715.0,2409
20240614,688416,42.12,41.5,42.58,41.01,41.21,1535152,63971999.0,4683
20240614,688418,17.97,17.88,17.97,17.48,17.85,4836955,85766924.0,7292
20240614,688419,32.5,31.87,31.87,30.8,31.23,2575704,80491762.0,5427
20240614,688420,21.45,21.97,23.23,21.62,21.97,708324,15636715.0,1244
20240614,688425,3.79,3.79,3.82,3.77,3.81,19368394,73630820.0,12264
20240614,688426,19.78,20.18,20.18,19.13,19.68,402947,7855010.0,873
20240614,688428,7.56,7.58,7.59,7.38,7.46,4459213,33199869.0,5603
20240614,688432,10.48,10.45,10.83,10.38,10.66,14259229,152140319.0,21154
20240614,688435,27.53,27.25,27.51,26.38,26.73,850576,22760861.0,2378
20240614,688439,71.51,71.64,72.0,68.8,69.15,2907970,203088449.0,7928
20240614,688448,19.45,19.26,19.3,18.68,18.89,982041,18572306.0,2587
20240614,688455,7.96,8.07,8.13,7.91,7.98,906516,7282034.0,1166
20240614,688456,26.76,26.8,27.1,26.0,26.21,1504945,39685431.0,3134
20240614,688459,8.69,8.68,8.73,8.56,8.62,448754,3863074.0,787
20240614,688466,12.4,12.33,12.35,12.03,12.28,272853,3345130.0,646
20240614,688468,6.64,6.64,6.74,6.55,6.7,3542430,23585994.0,6602
20240614,688475,38.94,38.76,40.31,37.0,37.92,21120469,812777041.0,51870
20240614,688480,29.81,29.6,29.93,29.25,29.33,319531,9423807.0,1270
20240614,688485,8.19,8.15,8.15,7.91,7.97,934710,7476648.0,1157
20240614,688486,58.45,58.5,58.88,57.0,58.84,791357,45832688.0,2473
20240614,688488,12.94,12.95,13.01,12.45,12.61,3923868,49720599.0,6433
20240614,688489,28.5,28.24,30.28,28.0,28.98,1456712,42357465.0,3027
20240614,688496,10.19,10.1,10.2,9.97,10.05,2329434,23418069.0,5712
20240614,688498,134.2,134.0,144.58,133.4,139.49,6094070,859921661.0,20602
20240614,688499,22.49,22.24,22.43,21.65,21.75,2244519,49086996.0,5281
20240614,688500,29.33,29.74,29.74,28.54,28.91,412979,11908515.0,786
20240614,688501,15.45,15.21,15.6,15.17,15.36,629938,9670958.0,1322
20240614,688502,114.83,113.0,114.17,110.37,112.25,1014361,113915018.0,4137
20240614,688503,36.23,35.89,36.62,33.81,33.99,4192332,144551183.0,10398
20240614,688505,6.9,6.76,6.87,6.75,6.76,2061812,14001940.0,3673
20240614,688506,207.82,209.18,214.14,193.0,196.94,4379382,894493323.0,19464
20240614,688508,36.69,37.0,37.57,36.64,37.33,5858222,217310118.0,11731
20240614,688509,3.07,3.05,3.07,2.94,2.94,11879266,35433717.0,8874
20240614,688510,19.02,19.08,19.19,18.25,18.43,2093023,38665956.0,5701
20240614,688511,22.34,21.9,22.13,21.65,21.95,626230,13693724.0,1330
20240614,688513,55.65,55.34,55.51,53.4,54.0,824867,44631982.0,2548
20240614,688515,65.94,66.0,66.66,64.81,65.97,2216162,145643644.0,8137
20240614,688516,52.75,52.81,52.81,50.11,50.53,6151580,312911314.0,23855
20240614,688517,12.91,12.96,15.49,12.75,14.23,12627435,181604352.0,12902
20240614,688518,14.74,14.64,14.79,14.15,14.54,13722414,197309708.0,17569
20240614,688519,26.55,26.3,26.8,25.4,26.77,1621603,42625960.0,3572
20240614,688520,44.62,44.2,44.96,43.53,44.09,1652154,72814449.0,6444
20240614,688521,33.97,33.74,33.96,33.17,33.4,11338454,380394848.0,26237
20240614,688522,46.48,46.02,46.65,45.44,46.23,2277761,104865165.0,4438
20240614,688525,57.3,56.59,58.3,55.28,55.28,46628597,2640431537.0,76306
20240614,688526,15.94,15.94,16.12,15.33,15.8,5074646,78887102.0,10235
20240614,688528,8.0,7.97,8.02,7.8,8.0,625911,4963812.0,1400
20240614,688529,13.29,13.27,13.27,12.7,12.98,1762092,22839820.0,2169
20240614,688531,47.66,48.02,48.44,46.7,46.95,1875333,88587765.0,5395
20240614,688533,28.46,28.46,28.74,27.61,28.25,1188870,33289140.0,3914
20240614,688536,104.0,104.01,107.78,103.0,105.2,4297767,454853868.0,16407
20240614,688538,2.05,2.04,2.06,1.99,2.05,55840732,112932706.0,16286
20240614,688550,26.43,26.43,26.69,25.57,26.0,2218162,57441841.0,5974
20240614,688551,33.6,33.58,33.78,32.9,33.15,627083,20826788.0,2143
20240614,688553,13.77,13.77,13.77,13.42,13.48,1048005,14189553.0,3250
20240614,688556,14.76,14.75,14.76,14.41,14.68,6018926,87933235.0,10050
20240614,688557,24.39,24.17,24.34,24.0,24.12,371282,8955920.0,674
20240614,688558,18.16,18.16,18.16,17.63,17.81,747713,13286658.0,1893
20240614,688559,36.27,36.08,36.48,35.05,35.6,7680465,273716735.0,12376
20240614,688560,11.63,11.66,11.87,11.39,11.5,1459213,16763212.0,2741
20240614,688561,25.87,25.87,26.23,25.32,26.16,10910074,281872672.0,24696
20240614,688565,5.07,4.91,4.97,4.72,4.77,4166728,20049147.0,4185
20240614,688566,24.96,24.94,24.94,24.24,24.49,1204184,29562234.0,3017
20240614,688567,11.14,11.23,11.32,10.94,11.17,6819293,75892996.0,12795
20240614,688568,48.09,47.89,49.22,47.68,47.97,5795070,280890757.0,20001
20240614,688569,22.49,22.37,22.49,22.24,22.36,443549,9905067.0,883
20240614,688571,5.74,5.69,5.69,5.45,5.5,7275427,40195058.0,9982
20240614,688575,25.1,24.8,25.0,22.71,22.74,13915814,327168972.0,39585
20240614,688577,47.05,47.1,47.1,42.8,43.44,927825,40877758.0,2749
20240614,688578,63.38,63.08,64.31,62.06,62.7,5834489,367514232.0,17335
20240614,688579,8.25,8.28,8.32,8.15,8.22,3081690,25364620.0,5410
20240614,688580,29.0,29.17,29.21,28.24,28.26,422731,12069602.0,1114
20240614,688585,5.74,5.68,5.86,5.43,5.46,4054676,22467555.0,4593
20240614,688586,10.0,9.95,10.05,9.56,9.56,13267923,129753291.0,18467
20240614,688588,7.55,7.53,7.83,7.43,7.69,4965995,38050079.0,5458
20240614,688589,25.95,25.93,26.05,25.42,25.87,3377437,86960251.0,5949
20240614,688590,14.49,14.38,14.55,14.02,14.23,6122131,87075061.0,13782
20240614,688595,29.9,29.78,30.06,29.04,29.79,3083143,91244268.0,8663
20240614,688596,37.65,37.64,37.88,36.8,36.96,6083937,226999341.0,16712
20240614,688597,6.96,7.29,8.35,7.2,8.04,15563990,126666613.0,5800
20240614,688598,32.71,32.7,32.71,31.17,32.22,5000389,159934805.0,12019
20240614,688599,20.58,20.52,21.08,20.06,20.75,33135985,683276381.0,37923
20240614,688600,14.25,14.25,14.39,13.86,14.02,436915,6119232.0,858
20240614,688601,43.2,42.71,43.47,42.02,43.42,4872414,208709393.0,10965
20240614,688606,52.84,52.83,52.98,51.5,51.72,332879,17310690.0,1382
20240614,688607,12.83,12.83,13.35,12.6,13.31,1784243,23184598.0,2513
20240614,688608,139.44,138.46,141.5,136.6,141.5,1707903,238193714.0,8520
20240614,688609,10.81,10.89,11.55,10.66,11.11,58789170,655249515.0,42474
20240614,688611,28.22,27.95,29.4,27.65,28.0,1236519,35178502.0,1739
20240614,688613,12.57,12.55,12.62,12.28,12.55,935592,11650516.0,1509
20240614,688616,11.88,11.76,12.36,11.76,11.95,1870653,22616496.0,3270
20240614,688617,451.28,448.15,456.0,437.07,446.44,1863865,827782664.0,10261
20240614,688618,27.74,27.8,28.0,27.08,27.41,485202,13266657.0,1263
20240614,688619,7.45,7.39,7.43,7.16,7.27,1601089,11652841.0,2293
20240614,688621,51.21,50.69,50.98,49.64,50.46,832472,41891872.0,2480
20240614,688622,17.01,16.93,16.96,16.03,16.73,342711,5735254.0,865
20240614,688625,39.8,40.0,40.76,39.25,39.82,248767,9914330.0,594
20240614,688626,34.27,34.24,34.29,33.2,33.54,380685,12812197.0,1215
20240614,688628,36.57,36.46,36.69,34.6,35.01,1177705,41716155.0,4749
20240614,688630,71.17,70.52,70.63,67.81,70.0,2043863,141060349.0,6128
20240614,688633,18.53,18.76,19.99,18.19,19.8,2046207,39572782.0,2875
20240614,688636,25.86,25.72,25.94,24.91,25.42,2129934,53768502.0,5624
20240614,688639,90.65,90.94,92.41,89.77,90.12,1695680,154328107.0,7779
20240614,688655,10.36,10.96,11.0,9.72,9.87,13349696,136405862.0,10800
20240614,688656,22.76,22.75,22.75,22.14,22.2,191687,4273565.0,541
20240614,688658,17.53,17.68,18.15,17.49,17.75,4811273,85946021.0,11760
20240614,688659,6.22,6.22,6.22,6.04,6.08,2666578,16276182.0,4466
20240614,688660,3.14,3.12,3.17,3.04,3.12,13308435,41515904.0,13588
20240614,688661,34.7,34.66,35.19,33.41,34.37,1929286,65646366.0,4668
20240614,688662,25.92,25.88,26.75,25.56,26.16,1486452,38977775.0,3782
20240614,688663,25.44,25.24,26.27,25.24,26.0,1867915,48483906.0,3737
20240614,688665,30.91,30.61,30.8,30.07,30.29,753021,22812185.0,2104
20240614,688667,44.97,44.96,44.96,43.21,43.51,576401,25189021.0,1558
20240614,688668,44.85,44.81,46.83,43.8,46.68,8841898,401531297.0,11488
20240614,688669,11.72,12.2,12.62,11.3,11.32,2494809,29330026.0,3693
20240614,688670,13.8,13.67,13.67,13.21,13.29,728006,9734455.0,1871
20240614,688676,54.53,53.55,56.8,53.55,56.32,7191441,401573481.0,23373
20240614,688677,41.92,41.5,41.87,40.72,41.65,755800,31251647.0,2281
20240614,688678,11.32,11.31,11.32,11.05,11.17,3601504,40226565.0,6329
20240614,688679,7.51,7.45,7.54,7.22,7.28,1013401,7450113.0,2137
20240614,688680,33.05,33.03,33.32,32.1,32.62,1220722,39892083.0,4182
20240614,688681,9.65,9.87,11.32,9.57,9.91,6804000,69590137.0,6094
20240614,688682,34.76,35.55,35.99,33.45,33.72,1095519,37296282.0,2846
20240614,688683,16.26,16.5,16.5,15.99,16.27,404102,6538469.0,907
20240614,688685,36.9,36.78,36.78,35.6,36.22,2890168,103934351.0,4867
20240614,688686,74.06,73.62,75.59,72.18,74.07,1262869,92882913.0,5179
20240614,688687,28.77,28.77,28.94,27.96,28.57,2213624,62899340.0,4701
20240614,688689,21.9,21.89,22.0,20.77,21.1,4241259,89192511.0,9377
20240614,688690,18.95,18.86,18.98,18.16,18.48,6249105,115478858.0,18410
20240614,688696,94.3,94.24,95.8,94.0,94.56,461499,43710667.0,2276
20240614,688697,16.55,16.64,16.64,16.2,16.41,1281337,21038159.0,2156
20240614,688698,29.59,29.33,29.44,28.27,28.72,2901477,83296253.0,5671
20240614,688699,30.25,30.1,30.39,29.51,30.12,1184238,35414778.0,3475
20240614,688700,29.96,29.96,30.0,28.87,29.31,2656808,77614705.0,7846
20240614,688701,5.51,5.51,5.55,4.79,4.9,9456222,47488653.0,5420
20240614,688707,10.93,10.95,10.95,10.58,10.85,5584646,59916391.0,11362
20240614,688711,24.77,24.7,24.93,24.2,24.64,2573215,62989303.0,7882
20240614,688718,9.45,9.39,9.53,9.01,9.18,1086019,9980644.0,1626
20240614,688722,11.82,11.64,11.78,11.48,11.71,2972930,34562374.0,1971
20240614,688728,13.77,13.78,13.78,13.29,13.36,26355712,354318823.0,34227
20240614,688733,17.5,17.38,17.4,16.88,17.15,4040271,69198940.0,11969
20240614,688737,17.39,17.28,17.43,17.1,17.26,1399595,24111857.0,3317
20240614,688739,25.86,25.96,26.36,25.72,26.2,1667886,43482416.0,4733
20240614,688766,90.74,90.08,91.45,89.0,91.18,1440800,130232388.0,5187
20240614,688767,26.88,26.88,26.93,26.35,26.54,300443,7969853.0,1018
20240614,688768,25.48,25.7,25.7,24.95,25.19,434293,10924362.0,1299
20240614,688772,13.68,13.81,13.81,13.26,13.65,10676211,144591460.0,22683
20240614,688776,63.49,64.49,64.49,61.0,62.27,1048292,64968074.0,4522
20240614,688777,44.49,44.49,44.96,40.9,42.16,32175598,1365853261.0,51506
20240614,688778,34.01,34.01,34.01,32.31,33.32,2179342,72083403.0,7140
20240614,688779,5.04,5.01,5.03,4.9,4.96,18071651,89514381.0,18913
20240614,688786,24.8,24.82,25.02,24.33,24.56,177867,4370725.0,649
20240614,688787,58.57,58.59,59.0,57.25,57.93,1006136,58340913.0,3022
20240614,688788,25.51,25.49,25.51,24.72,25.06,470722,11786039.0,1177
20240614,688789,108.37,108.37,108.37,105.0,105.4,811258,85861668.0,4335
20240614,688793,30.2,29.99,30.36,29.43,30.08,412906,12306113.0,1214
20240614,688798,55.8,55.55,56.69,54.45,56.15,2753395,152818200.0,11784
20240614,688799,43.55,43.48,47.35,43.42,46.83,2293232,105041716.0,4733
20240614,688800,29.68,29.78,30.2,29.21,29.91,2528515,75460097.0,8897
20240614,688819,26.46,26.3,26.46,25.93,26.39,1783028,46776111.0,6305
20240614,688981,47.2,46.9,47.09,46.08,46.49,43088938,2003901881.0,71708
