tradingday,secucode,preclose,open,high,low,close,vol,amount,deals
20241119,1,11.75,11.75,11.96,11.55,11.68,243003665,2849661696.39,118659
20241119,2,8.84,8.84,8.85,8.53,8.75,162673593,1409788544.81,94314
20241119,4,16.89,16.89,17.31,16.72,17.31,6879613,117260766.25,14021
20241119,6,8.04,7.85,8.2,7.41,8.09,88533677,686375244.5,53785
20241119,7,7.06,7.01,7.18,6.9,7.08,7959600,55861349.0,8369
20241119,8,2.53,2.54,2.56,2.46,2.55,54460980,136684832.85,22116
20241119,9,10.29,9.88,9.88,9.26,9.74,115227502,1102486803.33,93669
20241119,10,2.71,2.71,2.78,2.65,2.78,33789553,92159668.63,27478
20241119,11,9.34,9.2,9.45,9.11,9.33,9272819,85594045.42,9677
20241119,12,5.44,5.42,5.48,5.38,5.47,16929009,91944919.64,18270
20241119,14,11.1,10.95,11.06,10.55,11.01,20789191,224830672.13,26567
20241119,16,4.95,4.92,5.28,4.92,5.17,118989849,602769237.21,72938
20241119,17,6.44,6.47,6.59,6.36,6.59,11342419,73257392.6,16654
20241119,19,6.63,6.62,6.7,6.57,6.7,7660800,50945739.19,11918
20241119,20,13.83,13.75,14.32,13.67,14.32,4869446,68139483.76,8751
20241119,21,19.93,19.82,20.36,19.52,20.32,71815629,1432655424.58,100048
20241119,25,17.79,17.6,18.07,17.44,18.07,9751923,173011606.77,19063
20241119,26,10.3,10.3,10.38,10.11,10.37,5286900,54277901.0,5677
20241119,27,6.84,6.84,6.88,6.69,6.8,36041346,243599311.24,28975
20241119,28,31.65,31.59,31.85,30.41,31.15,7893737,245112635.04,16277
20241119,29,15.65,15.65,15.78,15.3,15.72,7563296,117584473.2,15363
20241119,30,5.32,5.2,5.48,5.2,5.47,16460380,88697608.8,20305
20241119,31,3.14,3.14,3.19,3.08,3.17,22407873,70182444.27,21197
20241119,32,18.3,18.37,18.62,17.77,18.59,28026260,510253405.54,49135
20241119,34,34.09,34.3,35.23,33.78,35.07,22700431,782200660.92,49012
20241119,35,5.08,5.09,5.14,4.99,5.13,35831623,181838596.82,29043
20241119,36,5.21,5.24,5.4,4.99,5.27,49761193,257118883.01,20719
20241119,37,9.27,9.18,9.36,9.08,9.34,11397800,105046212.0,14340
20241119,39,8.63,8.6,8.62,8.42,8.56,33225821,282668878.62,42609
20241119,42,4.9,4.91,4.95,4.81,4.95,14596700,71078968.0,13388
20241119,45,11.2,11.07,11.12,10.69,11.12,16879591,184116470.79,16817
20241119,48,16.12,16.12,16.27,15.94,16.23,2347305,37832784.22,7753
20241119,49,24.82,24.85,26.79,24.85,26.65,20358592,529622931.54,40757
20241119,50,9.47,9.1,9.45,9.0,9.36,75195254,692231092.62,70146
20241119,55,4.14,4.16,4.28,4.08,4.25,21550597,90194117.54,14283
20241119,56,2.61,2.61,2.65,2.53,2.63,58926025,152058917.9,18487
20241119,58,8.57,8.47,8.6,8.23,8.56,30507224,256465470.4,35493
20241119,59,5.44,5.36,5.4,5.16,5.4,35176605,185985381.18,38042
20241119,60,4.85,4.86,4.92,4.81,4.89,38973793,189632603.38,31159
20241119,61,6.61,6.56,6.71,6.55,6.65,8166500,54015948.0,13301
20241119,62,27.35,27.23,28.2,27.0,28.2,32558234,900371359.76,70778
20241119,63,32.29,32.46,32.62,31.35,32.5,133949243,4295289178.57,181062
20241119,65,11.36,11.28,11.35,10.8,11.1,26247347,289817218.59,32904
20241119,66,17.63,17.4,19.39,17.12,19.39,545291824,10014745155.29,607376
20241119,68,3.58,3.58,3.69,3.55,3.68,19690809,71507666.72,12710
20241119,69,3.07,2.98,2.98,2.81,2.91,216155185,625377368.37,58832
20241119,70,5.6,5.6,5.68,5.45,5.64,20730763,115639934.9,6104
20241119,78,2.84,2.84,2.86,2.78,2.86,24092313,67999679.03,10681
20241119,88,5.03,5.03,5.08,4.93,5.02,19503258,97454190.68,14791
20241119,89,7.08,7.1,7.11,6.99,7.07,9875900,69696373.0,12764
20241119,90,4.39,4.38,4.42,4.28,4.4,38597901,167303319.76,23565
20241119,96,12.4,12.4,12.84,12.2,12.84,7098917,88302363.35,6989
20241119,99,29.12,28.9,30.73,28.1,29.95,153680808,4576465360.72,241844
20241119,100,4.8,4.78,4.85,4.69,4.84,675709604,3220795202.97,240472
20241119,151,14.83,14.67,15.69,14.43,15.69,19016879,287548587.43,25332
20241119,153,6.19,6.2,6.32,6.17,6.32,7681515,47986286.7,10457
20241119,155,11.13,11.1,11.67,11.0,11.67,23564175,267734577.77,26933
20241119,156,7.48,7.47,7.54,7.28,7.47,19740612,146126583.36,24626
20241119,157,6.98,6.98,7.06,6.93,7.05,43024357,301555947.13,41424
20241119,158,25.51,25.88,26.99,25.49,26.88,199253443,5252897186.38,310954
20241119,159,7.21,7.31,7.44,7.08,7.33,16724172,121167334.17,14178
20241119,166,5.44,5.45,5.51,5.38,5.51,101046294,551126514.38,50120
20241119,301,8.99,8.71,9.08,8.71,8.99,54509333,485626032.88,42527
20241119,333,71.05,71.05,71.75,70.7,71.31,22665163,1614053712.02,72299
20241119,338,13.72,13.72,13.87,13.58,13.87,91136484,1251841496.77,94374
20241119,400,28.7,28.7,28.87,27.15,27.72,50227610,1391325383.52,89684
20241119,401,5.77,5.77,5.89,5.67,5.77,17383487,100168932.16,23183
20241119,402,3.93,3.82,3.87,3.61,3.79,169537210,633855856.49,39898
20241119,403,22.11,22.11,22.38,21.93,22.34,5106952,113470027.67,10654
20241119,404,7.26,7.29,7.43,7.28,7.43,12859325,94604726.39,20957
20241119,407,3.28,3.29,3.3,3.21,3.3,17840315,58147034.05,9143
20241119,408,28.22,28.52,29.77,28.2,29.6,13112301,380026616.43,31447
20241119,409,8.58,8.7,8.82,8.59,8.82,11610183,101228010.62,17347
20241119,410,7.35,7.36,7.57,7.36,7.56,19461245,145247874.8,16482
20241119,411,10.5,10.54,10.7,10.54,10.7,3617188,38450848.69,7606
20241119,415,4.25,4.11,4.22,3.95,4.14,494550319,2014795879.37,162469
20241119,417,5.29,5.28,5.39,5.24,5.38,15320003,81530440.11,12488
20241119,419,5.34,5.37,5.42,5.28,5.41,9530305,51118760.95,8165
20241119,420,3.67,3.73,3.87,3.68,3.85,118662202,451559683.54,69179
20241119,421,5.81,5.79,6.01,5.71,6.01,26510992,155107893.34,20166
20241119,422,13.22,13.2,13.69,13.02,13.64,35632046,476234119.53,44888
20241119,423,57.97,58.0,59.17,57.79,58.21,5907028,345250394.46,22280
20241119,425,7.67,7.67,7.8,7.67,7.79,48920985,378455606.28,47667
20241119,426,12.69,12.91,13.26,12.79,13.25,27060890,352621604.32,30781
20241119,428,3.24,3.25,3.29,3.21,3.29,16733150,54349347.5,8683
20241119,429,11.41,11.43,11.73,11.37,11.66,13991063,162367716.81,22778
20241119,430,6.51,6.57,6.59,6.35,6.58,12432174,80565507.19,12550
20241119,488,3.76,3.78,3.79,3.65,3.74,39418155,145675404.77,22712
20241119,498,6.53,6.51,6.58,6.4,6.51,23618876,152943298.48,24604
20241119,501,8.55,8.51,8.61,8.37,8.53,12344496,104875640.42,8686
20241119,503,11.96,12.0,12.32,11.83,12.31,34121444,411633148.72,45223
20241119,504,9.15,9.15,9.24,8.89,9.1,5804715,52566546.91,9131
20241119,505,6.3,6.3,6.39,6.28,6.39,6721100,42620182.0,9724
20241119,506,3.61,3.43,3.55,3.43,3.45,68623934,236404018.62,16447
20241119,507,5.14,5.12,5.16,5.03,5.11,16404208,83390948.16,7918
20241119,509,3.43,3.47,3.56,3.43,3.56,14632927,51074379.58,11509
20241119,510,3.82,3.8,3.86,3.75,3.86,11924583,45331684.36,12443
20241119,513,37.12,37.3,37.95,37.25,37.74,7757917,292100810.63,20314
20241119,514,4.84,4.86,4.88,4.67,4.85,28964249,137562378.28,15219
20241119,516,5.57,5.63,5.71,5.53,5.67,25905664,145490380.07,17796
20241119,517,2.45,2.46,2.47,2.36,2.43,39435413,94695279.57,15169
20241119,518,2.98,3.0,3.15,2.98,3.09,54983260,168586546.75,17341
20241119,519,14.66,14.77,14.88,14.51,14.88,25609593,377455149.5,32930
20241119,520,4.99,4.98,5.22,4.94,5.21,49359050,250051311.69,36128
20241119,521,8.4,8.4,8.64,8.4,8.62,23255266,197883509.54,25236
20241119,523,3.14,3.14,3.16,3.07,3.16,22210869,69179238.99,9751
20241119,524,9.78,9.7,9.83,9.58,9.81,7953555,77261256.0,12320
20241119,525,9.07,9.07,9.07,9.07,9.07,0,0.0,0
20241119,526,43.26,43.11,43.26,41.23,42.44,5482234,231002255.91,21706
20241119,528,11.59,11.62,11.74,11.46,11.69,21516423,249036069.81,36866
20241119,529,5.88,5.91,5.95,5.81,5.95,8143771,47913215.47,8037
20241119,530,5.06,5.07,5.19,5.0,5.19,30534955,155406686.61,17943
20241119,531,5.81,5.82,5.9,5.77,5.9,7451246,43438615.14,6160
20241119,532,13.53,13.6,13.97,13.53,13.97,9753624,134620771.44,16778
20241119,533,3.96,4.0,4.1,3.96,4.1,15580264,62927052.84,12391
20241119,534,11.45,11.5,11.73,11.41,11.7,5292134,61348438.26,8586
20241119,536,5.54,5.48,6.09,5.28,6.09,374544954,2141620162.73,213988
20241119,537,9.68,9.69,9.77,9.56,9.71,10174052,98301046.86,19189
20241119,538,58.96,59.05,59.49,58.36,59.24,7904861,466201773.11,25179
20241119,539,4.72,4.74,4.75,4.65,4.73,18476346,86790343.49,20969
20241119,541,5.47,5.47,5.63,5.47,5.63,16928529,93930566.87,16462
20241119,543,7.66,7.66,7.7,7.6,7.7,23920427,182877096.94,18287
20241119,544,8.99,8.94,9.04,8.84,9.04,7641070,68299895.93,11047
20241119,545,2.48,2.48,2.52,2.44,2.52,22144167,54831040.79,9540
20241119,546,5.43,5.43,5.77,5.3,5.73,32013564,176761058.12,14816
20241119,547,8.16,8.43,8.98,8.36,8.65,125249025,1088889675.89,90222
20241119,548,5.08,5.1,5.15,5.01,5.15,9843578,50086131.73,8290
20241119,550,25.44,25.6,26.05,25.16,25.88,11505725,295322458.45,24975
20241119,551,12.08,12.13,12.36,12.05,12.35,6884975,84096519.25,16655
20241119,552,2.84,2.83,2.84,2.77,2.83,84756307,237720529.81,24677
20241119,553,6.64,6.63,6.67,6.46,6.65,9857172,64604368.39,11729
20241119,554,5.84,5.87,5.99,5.82,5.97,14357991,84494457.14,14492
20241119,555,11.37,11.41,11.69,11.26,11.68,18771400,214834063.21,34723
20241119,557,5.95,5.88,6.04,5.66,5.9,46173999,268634930.37,42335
20241119,558,2.79,2.8,2.86,2.76,2.85,33697473,94716173.75,9959
20241119,559,6.55,6.54,6.74,6.53,6.72,42747619,283577144.11,41423
20241119,560,3.52,3.49,3.59,3.34,3.54,271882334,934514451.34,79715
20241119,561,9.05,8.9,9.19,8.85,9.12,12219451,110630227.41,19221
20241119,563,4.0,4.03,4.06,3.92,4.06,122327571,488259752.87,32602
20241119,564,2.49,2.52,2.59,2.44,2.57,719394313,1820476029.03,130788
20241119,565,5.59,5.59,5.8,5.55,5.8,7470673,42361472.76,5817
20241119,566,5.08,5.11,5.35,5.11,5.32,55997103,294576216.1,36199
20241119,567,7.8,7.76,7.9,7.58,7.9,26286424,203696344.81,18970
20241119,568,142.67,143.49,143.82,138.0,141.68,13723759,1930522353.87,59931
20241119,570,5.16,5.19,5.25,5.11,5.25,8737227,45320439.86,5363
20241119,571,3.65,3.66,3.72,3.6,3.72,12031035,44005441.93,9078
20241119,572,4.45,4.47,4.65,4.37,4.62,84431637,379878201.92,73547
20241119,573,2.78,2.78,2.8,2.7,2.8,19027430,52271502.9,9841
20241119,576,7.3,7.2,7.42,7.07,7.39,10011490,72169341.53,10040
20241119,581,18.39,18.36,18.45,18.12,18.4,9576916,175226367.12,14119
20241119,582,7.83,7.85,7.91,7.76,7.86,23862051,186890456.31,24523
20241119,584,3.37,3.2,3.2,3.2,3.2,6543900,20940480.0,1321
20241119,586,9.31,9.3,9.62,9.22,9.61,5754600,53992909.09,8504
20241119,589,4.99,5.0,5.01,4.9,5.01,37317439,185168852.85,20232
20241119,590,8.26,8.26,8.78,8.26,8.73,12666921,108929976.13,15097
20241119,591,5.09,5.09,5.14,5.01,5.11,57201002,290307822.79,39101
20241119,592,2.45,2.46,2.55,2.4,2.53,91489138,226334780.46,23295
20241119,593,5.59,5.59,5.75,5.48,5.73,9048797,50565248.44,6978
20241119,595,7.83,7.77,8.18,7.67,8.17,43483640,347041291.8,43123
20241119,596,195.67,195.76,198.43,189.31,194.5,2133315,411381785.44,12572
20241119,597,5.2,5.25,5.3,5.18,5.29,26586105,139412102.98,21191
20241119,598,7.35,7.32,7.49,7.26,7.41,22240978,163988762.0,21418
20241119,599,4.9,4.95,5.0,4.83,5.0,16914713,83011524.51,12180
20241119,600,5.25,5.25,5.39,5.13,5.25,35774060,187432557.6,30825
20241119,601,4.12,4.14,4.14,4.05,4.14,10779391,44210706.19,7929
20241119,603,12.57,12.76,13.01,12.68,13.01,12171313,156340839.62,21231
20241119,605,9.24,9.24,10.16,8.52,10.16,45101594,442216031.75,22069
20241119,607,3.81,3.81,3.85,3.74,3.85,12460610,47279138.0,13173
20241119,608,2.65,2.6,2.65,2.44,2.62,95140598,239918773.16,28883
20241119,609,2.6,2.49,2.56,2.47,2.47,9678201,24026293.47,2016
20241119,610,12.19,12.18,12.4,12.04,12.38,7829275,95643701.5,12447
20241119,612,6.71,6.75,6.81,6.62,6.79,32929248,221076822.64,24706
20241119,615,2.54,2.67,2.67,2.67,2.67,2106660,5624782.2,478
20241119,617,7.79,7.8,7.88,7.67,7.88,139866757,1087717794.59,94902
20241119,619,5.25,5.25,5.29,5.11,5.29,7254688,37637485.32,8967
20241119,620,2.07,2.04,2.05,1.96,2.03,76756394,153039768.0,18835
20241119,622,2.46,2.34,2.34,2.34,2.34,1278400,2991456.0,186
20241119,623,18.68,18.71,19.12,18.66,19.07,25647649,484621379.56,37365
20241119,625,15.12,15.17,15.24,14.42,14.89,338590978,5010297287.79,281663
20241119,626,5.85,5.91,6.03,5.83,6.02,6386672,37739568.48,8074
20241119,627,4.12,4.01,4.36,3.96,4.35,258841642,1085428236.93,89189
20241119,628,56.14,56.21,57.66,55.4,57.3,16574339,938463784.68,54587
20241119,629,2.92,2.92,2.94,2.85,2.94,99682324,288520435.04,30830
20241119,630,3.37,3.37,3.4,3.34,3.4,172281331,581133414.59,48147
20241119,631,2.88,2.89,2.92,2.81,2.91,19177820,55184030.12,9156
20241119,632,3.76,3.75,3.81,3.65,3.81,12222000,45608361.0,8656
20241119,633,4.71,4.75,4.9,4.72,4.89,9422890,45102616.2,9809
20241119,635,8.46,8.46,8.58,8.22,8.54,8275699,69435638.46,12154
20241119,636,15.79,15.78,16.0,15.5,15.97,18336051,289556485.98,30801
20241119,637,3.89,3.95,3.96,3.84,3.93,7259535,28227518.8,6919
20241119,638,5.23,5.21,5.32,5.13,5.32,11378900,59433570.0,12089
20241119,639,3.73,3.71,3.85,3.64,3.84,61200691,229301430.12,24700
20241119,650,5.89,5.89,5.95,5.85,5.95,27886298,164656741.95,16717
20241119,651,42.87,42.87,43.06,42.51,42.93,29152792,1248385921.13,62077
20241119,652,4.39,4.44,4.6,4.39,4.51,32860099,147242755.87,21622
20241119,655,6.26,6.34,6.41,6.23,6.41,5916830,37423367.5,10439
20241119,656,1.64,1.59,1.61,1.56,1.56,195970911,307063370.16,18202
20241119,657,9.94,9.98,10.01,9.6,10.0,33761537,330686901.65,25052
20241119,659,2.72,2.75,2.9,2.71,2.89,43341603,121598769.77,16294
20241119,661,112.99,112.99,113.8,109.42,112.55,7534205,841857077.06,30801
20241119,663,5.81,5.84,5.88,5.7,5.88,6792642,39450729.62,6291
20241119,665,4.13,4.16,4.16,3.99,4.12,32595480,132492482.6,26102
20241119,668,8.76,8.74,8.84,8.32,8.76,5646946,48370118.54,7142
20241119,669,1.7,1.71,1.78,1.7,1.75,16161680,28241843.0,2200
20241119,670,6.54,6.56,7.19,6.52,7.19,98326872,692118416.39,63729
20241119,672,8.2,8.22,8.28,8.09,8.23,8249829,67508205.91,16399
20241119,676,9.34,9.4,9.63,9.2,9.61,65560362,616505443.96,63299
20241119,677,4.56,4.6,4.85,4.6,4.82,50515624,237748477.61,45634
20241119,678,5.76,5.79,5.95,5.71,5.95,12710531,74333700.86,11948
20241119,679,4.42,4.31,4.47,4.22,4.41,33072413,143505278.93,18639
20241119,680,9.12,9.15,9.52,9.09,9.5,39462718,368385540.27,33539
20241119,681,13.54,13.54,13.74,13.29,13.73,25927568,350510885.57,37433
20241119,682,11.05,11.09,11.22,10.97,11.14,19191704,212547727.86,21352
20241119,683,5.79,5.82,5.85,5.71,5.83,42559697,246045000.9,30671
20241119,685,8.97,8.95,9.12,8.89,9.08,23184118,208485324.58,22330
20241119,686,8.12,8.16,8.26,8.06,8.24,24741390,201779473.8,28660
20241119,688,14.05,13.7,14.08,12.99,13.93,28008796,379203458.78,29281
20241119,690,4.7,4.7,4.72,4.62,4.72,49621522,231552406.93,25322
20241119,691,4.38,4.37,4.42,4.29,4.4,8881363,38745328.2,8657
20241119,692,3.6,3.63,3.64,3.5,3.6,13227191,47150925.11,6128
20241119,695,12.52,12.0,12.33,11.27,11.98,24945694,293146388.64,21588
20241119,697,7.99,8.05,8.24,7.93,8.19,14514300,117493786.95,17700
20241119,698,3.35,3.37,3.43,3.31,3.42,9478794,31862268.02,10510
20241119,700,7.32,7.36,7.77,7.36,7.76,48936376,370997970.23,38840
20241119,701,4.77,4.82,4.89,4.71,4.89,16047773,76810572.75,22698
20241119,702,7.81,7.77,8.0,7.6,8.0,13131536,102535372.28,18597
20241119,703,6.51,6.54,6.54,6.34,6.44,19443607,125068921.81,19425
20241119,705,8.0,8.0,8.08,7.91,8.07,8600203,68938605.18,6925
20241119,707,7.8,7.8,7.9,7.71,7.9,11600522,90615638.94,7258
20241119,708,12.25,12.17,12.31,12.01,12.22,14838560,180287709.08,24774
20241119,709,2.31,2.27,2.29,2.18,2.24,230916384,515068904.61,57982
20241119,710,9.14,9.12,9.33,9.02,9.33,9080213,83279122.8,16289
20241119,711,1.74,1.72,1.74,1.71,1.73,26865654,46340540.88,1962
20241119,712,13.04,13.0,14.34,12.82,14.12,77638170,1065345424.28,68596
20241119,713,7.07,7.08,7.17,7.01,7.14,11634496,82591495.48,11062
20241119,715,6.0,6.01,6.15,5.93,6.15,10669494,64369523.52,12660
20241119,716,5.83,5.7,6.35,5.55,6.11,160887418,965330455.42,100575
20241119,717,2.93,3.11,3.12,2.8,3.01,208672016,624014176.09,70032
20241119,718,2.46,2.46,2.49,2.4,2.49,36055668,87816982.08,12928
20241119,719,10.84,10.85,10.9,10.66,10.81,10441386,112431633.32,15004
20241119,720,3.81,3.85,3.94,3.77,3.93,15245800,59171772.34,8115
20241119,721,8.86,8.86,8.95,8.7,8.95,19500078,172675482.41,22191
20241119,722,10.18,10.15,10.39,10.11,10.39,6855391,70353770.43,9729
20241119,723,4.81,4.81,4.89,4.73,4.89,60280577,290533956.18,46668
20241119,725,4.41,4.42,4.44,4.29,4.4,742327636,3240828429.29,183635
20241119,726,6.56,6.56,6.71,6.49,6.63,15866997,104882880.2,12613
20241119,727,2.73,2.74,2.79,2.68,2.78,121043422,331171918.06,42308
20241119,728,8.27,8.3,8.38,8.2,8.36,53271817,442355389.15,37906
20241119,729,10.11,10.13,10.24,10.05,10.21,17098892,173679306.35,25380
20241119,731,7.32,7.32,7.43,7.23,7.4,12785366,93552039.79,11673
20241119,733,46.53,46.84,47.72,45.85,47.42,10429282,487866358.65,29179
20241119,735,5.89,5.89,6.0,5.8,5.95,21467154,126449168.88,21740
20241119,736,10.37,10.3,10.36,9.91,10.3,31104884,314663624.48,27743
20241119,737,9.11,9.25,9.45,9.05,9.32,37032498,340560482.74,37069
20241119,738,22.05,22.1,22.42,21.72,22.32,11715388,258866107.86,25947
20241119,739,16.11,16.01,16.29,15.97,16.24,6917849,111864398.3,14144
20241119,750,4.51,4.54,4.64,4.5,4.62,178401620,814579149.35,61062
20241119,751,2.95,2.96,2.99,2.91,2.99,19243301,56791656.26,8461
20241119,752,7.36,7.45,7.73,7.39,7.73,5896649,45209742.55,2165
20241119,753,3.33,3.34,3.39,3.31,3.38,9771383,32743939.7,5803
20241119,755,4.86,4.88,4.95,4.84,4.95,14135281,69235659.33,15461
20241119,756,16.0,16.07,16.35,16.03,16.35,8101516,131304513.48,16335
20241119,757,3.96,3.96,4.14,3.89,4.13,18499243,74230318.7,13733
20241119,758,5.06,5.09,5.14,5.01,5.13,38507282,195598874.3,25549
20241119,759,3.77,3.78,3.8,3.7,3.8,16678170,62565503.9,14031
20241119,761,3.38,3.36,3.47,3.3,3.47,19551474,65965946.89,16567
20241119,762,23.16,23.45,25.48,23.27,25.36,37942923,929116782.89,62436
20241119,766,14.02,14.06,14.43,13.98,14.42,13239969,188106411.44,20847
20241119,767,2.66,2.64,2.67,2.6,2.66,37249258,98129840.54,16034
20241119,768,27.09,27.35,27.56,26.74,27.43,24592849,666804118.33,47612
20241119,776,16.65,16.76,16.83,16.41,16.78,51874246,862694827.1,65307
20241119,777,16.75,16.7,17.49,16.7,17.4,13210259,225586543.09,19954
20241119,778,4.07,4.06,4.11,3.97,4.05,86893279,350519922.95,33865
20241119,779,8.36,8.31,8.39,8.13,8.36,10028676,82904463.11,10809
20241119,782,5.31,5.29,5.44,4.99,5.18,48819055,252569140.52,29534
20241119,783,6.86,6.88,7.0,6.83,6.99,61500926,425882225.74,41049
20241119,785,2.83,2.82,2.87,2.77,2.85,56938677,160419791.72,21946
20241119,786,29.38,29.36,29.47,28.74,29.23,11048735,320853144.86,27249
20241119,788,6.12,6.14,6.23,6.09,6.22,7291700,44984511.0,9464
20241119,789,5.41,5.38,5.44,5.31,5.43,11084465,59478701.97,8815
20241119,790,4.07,4.08,4.17,4.07,4.17,15103899,62166631.46,11005
20241119,791,6.23,6.19,6.26,6.1,6.2,24279113,149667314.43,17918
20241119,792,18.31,18.48,19.07,18.21,18.99,53096524,993597157.92,65404
20241119,793,2.79,2.7,2.71,2.55,2.69,140317468,369531766.98,43305
20241119,795,9.84,9.98,10.33,9.86,10.3,119170042,1201771848.51,95574
20241119,796,4.19,4.21,4.24,4.12,4.22,19973008,83391805.58,15477
20241119,797,2.98,2.96,2.98,2.88,2.98,43967706,128731874.1,16385
20241119,798,8.04,7.95,7.95,7.47,7.75,16942707,130390960.84,12621
20241119,799,57.89,57.9,58.56,55.6,58.56,13845825,792037638.08,44461
20241119,800,8.76,8.99,9.01,8.61,8.85,30777179,271292420.97,37813
20241119,801,13.31,14.64,14.64,14.64,14.64,25901074,379191723.36,15285
20241119,802,6.72,6.79,6.88,6.66,6.87,9778115,66073288.35,13404
20241119,803,5.17,4.94,5.14,4.78,5.03,37976115,187566583.85,20068
20241119,807,13.86,13.9,14.05,13.68,13.94,52621427,728847560.12,65637
20241119,809,2.56,2.54,2.6,2.53,2.6,4994007,12794222.28,713
20241119,810,11.88,11.86,12.59,11.79,12.58,41204957,503162503.43,47430
20241119,811,10.54,10.53,10.85,10.47,10.85,13492300,144067591.54,16650
20241119,812,4.79,4.79,5.27,4.79,5.27,38203377,198434490.79,11057
20241119,813,2.86,2.87,2.89,2.81,2.89,27127614,77474532.9,15290
20241119,815,10.25,9.93,11.28,9.7,11.28,97509292,1028363085.01,65674
20241119,816,2.58,2.58,2.62,2.52,2.62,30025550,77237362.0,14741
20241119,818,20.1,20.03,20.83,19.6,20.83,33655880,686416644.53,43491
20241119,819,18.8,18.81,19.55,18.71,19.39,9733140,185687232.69,15860
20241119,820,3.85,3.85,3.85,3.62,3.76,19700466,72857123.26,15918
20241119,821,13.55,13.73,14.13,13.6,14.11,25698251,357224840.39,39644
20241119,822,5.64,5.63,5.7,5.57,5.7,10031900,56616441.0,7580
20241119,823,9.4,9.44,9.71,9.39,9.71,9258408,88555108.1,17240
20241119,825,3.75,3.75,3.8,3.65,3.72,53290335,197946067.4,30378
20241119,826,2.87,2.75,2.77,2.59,2.71,104828694,279883103.58,28228
20241119,828,10.97,11.02,11.25,10.94,11.25,12787357,141815941.71,18219
20241119,829,13.28,13.1,13.57,12.91,13.55,51759883,683100014.11,64295
20241119,830,12.02,11.95,12.07,11.8,12.06,29456303,351206304.34,30842
20241119,831,30.46,30.5,31.35,30.0,31.15,34412407,1056476944.63,72284
20241119,833,12.68,13.7,13.95,13.18,13.95,185356078,2566477000.53,98897
20241119,837,8.86,8.92,9.26,8.91,9.25,27518840,251010676.27,32378
20241119,838,2.91,2.9,2.91,2.75,2.84,28844090,80984896.14,10187
20241119,839,3.38,3.41,3.44,3.2,3.37,145605157,481306840.86,40792
20241119,848,8.85,8.85,9.07,8.83,9.04,14323195,128428617.0,21770
20241119,850,4.28,4.3,4.33,4.2,4.33,16110982,68643273.68,14062
20241119,851,3.7,3.65,3.77,3.52,3.58,50775011,183332698.32,11652
20241119,852,5.9,5.97,5.99,5.81,5.97,11316960,66894766.42,9548
20241119,856,7.73,7.67,7.81,7.53,7.81,5216798,39958946.17,5534
20241119,858,149.33,149.56,150.64,145.3,148.45,23341346,3447738671.24,103646
20241119,859,5.18,5.18,5.41,5.14,5.38,28583001,150318239.28,20454
20241119,860,18.88,18.96,19.08,18.46,19.05,18078410,340129346.32,26359
20241119,862,5.37,5.37,5.44,5.3,5.44,9906340,53254834.4,9604
20241119,863,3.66,3.67,3.68,3.59,3.67,23488900,85254978.0,15756
20241119,868,5.16,5.23,5.29,5.1,5.24,21199213,109949311.43,18377
20241119,869,23.36,23.41,23.83,23.24,23.83,2347285,55202291.73,6046
20241119,875,5.79,5.81,5.86,5.64,5.76,58734118,336827404.52,40050
20241119,876,9.69,9.77,9.84,9.65,9.81,18359615,179116917.32,22151
20241119,877,6.47,6.41,6.44,6.19,6.35,18959511,119605934.9,23972
20241119,878,12.92,12.95,13.14,12.84,13.03,26106227,338505249.97,32450
20241119,880,14.61,13.15,14.85,13.15,13.15,53795967,730198308.49,56448
20241119,881,7.73,7.79,7.94,7.72,7.94,15511825,121345055.07,19506
20241119,882,1.87,1.85,1.85,1.73,1.81,171490398,303876983.38,29163
20241119,883,5.05,5.04,5.06,4.95,5.01,38576024,192797520.1,27848
20241119,885,13.77,13.87,14.2,13.72,14.15,9665669,135437753.47,17240
20241119,886,6.07,6.09,6.19,6.01,6.16,23424945,142895875.9,14299
20241119,887,13.05,13.08,13.33,12.99,13.3,18105530,238813324.3,28074
20241119,888,12.53,12.58,12.81,12.5,12.77,10719257,135640965.47,16302
20241119,889,2.16,2.14,2.15,2.05,2.07,29561720,61467536.0,3180
20241119,890,3.41,3.41,3.54,3.28,3.49,18298964,62454051.26,13768
20241119,892,3.04,3.05,3.08,2.95,3.08,17857165,53995735.6,16196
20241119,893,20.44,20.72,21.79,20.56,21.72,14836900,315847541.35,31733
20241119,895,24.63,24.63,24.85,24.37,24.74,13286811,326789343.29,27308
20241119,897,2.51,2.51,2.52,2.44,2.51,37229762,92209786.63,14301
20241119,898,2.47,2.46,2.47,2.38,2.44,67930024,164756684.34,29373
20241119,899,8.66,8.67,8.79,8.6,8.78,10349712,90110874.32,14024
20241119,900,4.55,4.44,4.55,4.36,4.54,88929175,394761076.05,42568
20241119,901,12.07,12.1,12.39,11.85,12.21,35492860,430981551.68,40090
20241119,902,12.88,12.99,13.12,12.9,13.11,6030910,78446488.9,14187
20241119,903,2.82,2.82,3.0,2.78,2.98,78686735,227148668.85,26150
20241119,905,6.5,6.52,6.57,6.42,6.56,8469881,55036204.44,7654
20241119,906,7.11,7.19,7.82,7.15,7.4,97700964,734362395.98,56251
20241119,908,6.14,6.14,6.14,6.14,6.14,0,0.0,0
20241119,909,4.96,4.99,5.08,4.91,5.07,5459300,27290355.0,1597
20241119,910,7.58,7.6,7.69,7.46,7.67,6170533,46803777.88,8671
20241119,911,7.27,7.22,7.33,7.1,7.27,6703944,48329560.56,6026
20241119,912,4.24,4.24,4.34,4.22,4.34,10477403,44833745.24,10143
20241119,913,17.06,17.07,17.57,17.07,17.56,7629867,132276175.19,17277
20241119,915,25.56,25.59,25.77,25.12,25.7,5537005,140749710.9,13203
20241119,917,7.53,7.62,7.75,7.45,7.7,89683457,682507621.75,72843
20241119,919,6.58,6.59,6.82,6.59,6.81,13824372,92710017.01,12959
20241119,920,8.75,8.76,8.96,8.72,8.95,4668708,41203270.24,7186
20241119,921,28.86,28.8,29.66,28.75,29.44,9933871,290495802.54,24266
20241119,922,11.4,11.36,11.9,11.36,11.88,10884569,126535276.72,14210
20241119,923,15.01,15.09,15.39,15.0,15.38,9012169,136793924.64,16953
20241119,925,6.73,6.85,7.4,6.85,7.21,52589103,378719183.47,40365
20241119,926,2.97,2.87,2.87,2.68,2.82,154516116,429604611.29,29770
20241119,927,2.82,2.8,2.87,2.77,2.84,82125462,231337978.67,31689
20241119,928,7.0,6.95,7.06,6.78,6.97,45783548,316126889.97,44233
20241119,929,7.91,7.91,8.04,7.75,7.99,6682940,52649121.79,7713
20241119,930,5.84,5.83,5.89,5.73,5.89,17906668,103887838.7,17803
20241119,931,4.93,4.96,5.04,4.93,5.04,8482037,42233759.58,12309
20241119,932,4.61,4.58,4.62,4.45,4.54,97297463,440546877.01,49709
20241119,933,17.03,16.99,17.14,16.49,16.84,47775442,798581883.18,76833
20241119,935,15.9,15.95,16.21,15.82,16.21,5878950,94354250.88,15667
20241119,936,6.91,6.92,7.1,6.86,7.1,17870700,124646076.0,21060
20241119,937,6.23,6.23,6.29,6.17,6.29,29769631,185383109.77,17445
20241119,938,25.46,25.5,26.31,24.95,26.06,85189287,2184310023.66,126449
20241119,948,17.96,17.85,18.5,17.85,18.5,23393432,425030192.36,42316
20241119,949,4.11,4.1,4.52,4.08,4.52,205289377,890856024.55,70055
20241119,950,5.58,5.6,5.69,5.5,5.68,29644688,165948269.44,21937
20241119,951,16.02,16.07,16.6,15.96,16.56,18338858,301461550.31,22908
20241119,952,5.83,5.86,6.41,5.86,6.41,21281930,133595413.69,10279
20241119,953,5.16,5.21,5.25,5.02,5.25,10884685,56137647.05,12600
20241119,955,4.36,4.33,4.41,4.25,4.32,10035965,43521344.15,8731
20241119,957,11.15,11.15,11.45,11.0,11.36,40181670,452123348.51,45444
20241119,958,7.22,7.21,7.58,7.19,7.58,134099917,992438723.42,85020
20241119,959,3.26,3.27,3.28,3.16,3.23,49814476,160424833.31,28004
20241119,960,14.87,14.99,15.19,14.85,15.13,20004818,300708641.59,27722
20241119,962,13.01,13.01,13.45,12.92,13.44,14012891,184393755.58,21157
20241119,963,35.27,35.28,35.7,34.61,35.26,12253952,430778833.05,30389
20241119,965,3.26,3.27,3.27,3.17,3.26,31938750,102708153.0,20823
20241119,966,4.81,4.85,4.87,4.77,4.85,16909576,81450124.52,18942
20241119,967,4.85,4.9,4.96,4.82,4.96,17646614,86531056.74,20119
20241119,968,6.69,6.72,6.85,6.64,6.85,13111404,88312206.28,12072
20241119,969,10.51,10.66,11.03,10.58,11.03,38162568,413093096.46,40197
20241119,970,10.41,10.48,10.65,10.31,10.62,23202091,243376613.88,29361
20241119,972,2.92,2.91,2.97,2.85,2.93,18366800,53298527.0,12059
20241119,973,6.9,7.59,7.59,7.59,7.59,9280374,70438038.66,2938
20241119,975,16.17,16.4,16.85,16.4,16.66,27597281,458424766.35,40448
20241119,977,46.92,46.96,49.84,46.12,48.9,112256263,5363505485.83,222289
20241119,978,6.13,6.15,6.19,6.06,6.18,6768900,41456943.0,8966
20241119,980,2.71,2.65,2.67,2.53,2.64,244019340,632384930.56,63105
20241119,981,1.8,1.8,1.96,1.73,1.89,1136682906,2107681197.79,196774
20241119,983,8.38,8.38,8.45,8.27,8.45,42580781,356081987.04,29702
20241119,985,19.92,19.92,20.31,19.5,20.11,2759586,54947154.12,6583
20241119,987,7.71,7.75,7.84,7.61,7.82,44439907,343235641.73,26966
20241119,988,36.42,36.7,37.6,36.2,37.52,31232748,1153832830.43,65517
20241119,989,7.93,7.87,7.9,7.63,7.8,18606865,144198611.5,8053
20241119,990,8.62,8.4,8.62,8.31,8.55,57255815,483145144.91,47944
20241119,993,8.97,8.98,9.07,8.87,9.07,5834001,52442559.01,6887
20241119,995,13.26,13.3,13.85,13.2,13.7,8145601,109964990.37,12889
20241119,997,19.23,19.23,20.25,19.15,20.08,24638199,484695825.78,46635
20241119,998,11.05,11.07,11.19,11.0,11.19,20516275,227547078.85,21201
20241119,999,47.57,47.77,48.05,46.65,47.25,7699384,363820394.78,23838
20241119,1201,16.1,16.15,16.26,15.91,16.23,1979700,31908858.02,4560
20241119,1202,13.03,13.03,13.74,12.98,13.5,2516530,33737359.98,4826
20241119,1203,9.06,9.16,9.97,8.95,9.97,27869600,262452573.12,29154
20241119,1205,20.15,20.0,21.1,19.38,21.06,14581054,293057764.43,29492
20241119,1206,15.48,15.48,16.04,15.4,16.03,3925508,61857570.36,9823
20241119,1207,19.41,19.39,19.98,19.29,19.98,4769561,93665370.8,10753
20241119,1208,8.97,9.01,9.21,8.94,9.21,7586700,68942929.0,13318
20241119,1209,13.71,13.71,14.03,13.62,13.97,1494704,20667889.5,3244
20241119,1210,14.06,13.97,15.47,13.96,14.99,9006987,132943478.05,9544
20241119,1211,17.98,17.98,18.59,17.91,18.57,1339070,24478120.36,3203
20241119,1212,24.59,24.64,27.05,23.86,26.68,10574077,270980174.47,17637
20241119,1213,4.31,4.29,4.35,4.23,4.31,34604616,148221278.64,19827
20241119,1215,33.4,32.94,33.88,32.92,33.87,2470009,82460620.35,7288
20241119,1216,13.24,13.23,13.61,13.23,13.6,4005238,53952892.1,8642
20241119,1217,10.32,10.24,10.56,10.16,10.53,10844028,112238513.35,17080
20241119,1218,16.22,16.26,16.55,16.17,16.55,861441,14095624.2,2616
20241119,1219,13.87,13.85,14.26,13.8,14.26,7969768,111729677.28,7486
20241119,1222,13.66,13.61,14.2,13.5,14.15,4244046,58925332.65,5119
20241119,1223,37.05,36.81,38.35,36.81,38.01,1217014,45722671.2,4030
20241119,1225,31.8,31.85,32.39,31.72,32.35,457700,14656705.0,1498
20241119,1226,23.94,23.88,24.5,23.79,24.49,1813700,43805462.6,5090
20241119,1227,2.65,2.62,2.67,2.57,2.61,205533733,536836543.15,42896
20241119,1228,20.49,20.52,20.88,20.4,20.88,1109789,22910879.18,3073
20241119,1229,26.77,26.75,29.45,26.53,29.45,5588742,158306689.58,9798
20241119,1230,17.18,17.35,17.41,17.09,17.41,792540,13666468.4,2341
20241119,1231,16.11,16.11,16.48,15.96,16.47,1205869,19595687.33,2956
20241119,1234,17.03,17.15,17.39,16.77,17.39,1524490,26049262.5,2842
20241119,1236,10.52,10.48,11.15,10.48,10.93,14979259,162316863.72,23532
20241119,1238,25.91,26.08,26.5,25.88,26.45,528602,13829088.06,1820
20241119,1255,34.98,34.98,38.48,33.22,36.79,8816941,326045582.92,17025
20241119,1256,15.72,15.84,16.35,15.72,16.34,1131319,18192089.86,3123
20241119,1258,6.52,6.53,6.65,6.5,6.65,5237446,34419350.6,7038
20241119,1259,22.18,22.18,22.8,21.95,22.61,2024467,45369324.8,3732
20241119,1260,15.59,15.59,15.94,15.45,15.9,2207603,34749854.8,4437
20241119,1266,20.94,21.22,22.55,20.9,22.18,5647931,123463855.44,14073
20241119,1267,6.97,6.95,7.2,6.87,7.1,12615823,88528192.43,15068
20241119,1268,17.72,17.87,18.8,17.87,18.75,2808669,51901430.04,6439
20241119,1269,26.69,26.76,29.36,26.76,29.36,3473273,100403739.6,5535
20241119,1270,43.8,43.8,45.8,43.8,45.48,4495965,201265391.41,15771
20241119,1278,16.02,15.99,16.43,15.99,16.43,1529360,24839720.2,3285
20241119,1283,48.05,47.68,49.37,47.3,49.22,1132800,55021414.0,5126
20241119,1288,30.13,30.3,31.98,29.98,30.86,2134070,65285425.34,6815
20241119,1289,18.07,17.95,18.18,17.52,17.88,5580776,99369740.93,15996
20241119,1296,18.5,17.75,20.35,17.75,20.35,23078017,453857923.78,24226
20241119,1298,26.21,26.5,27.1,26.23,27.1,5215965,138974847.15,16855
20241119,1299,13.23,13.19,13.5,12.98,13.5,4213878,55673014.52,6922
20241119,1300,11.52,11.54,11.77,11.39,11.77,3251690,37600968.1,7622
20241119,1301,68.29,67.12,74.48,67.12,73.45,6089700,431894117.0,24497
20241119,1308,20.78,20.8,22.39,20.8,22.2,7202152,156956667.01,17178
20241119,1309,80.29,80.43,82.32,79.55,82.32,3494651,282286182.53,13625
20241119,1311,26.95,27.65,28.25,27.15,27.99,2849740,79112333.17,9328
20241119,1313,6.96,6.99,7.14,6.92,7.14,6322500,44471907.0,6001
20241119,1314,42.38,41.63,43.54,40.14,43.26,9230497,386554587.85,27284
20241119,1316,30.18,30.26,31.08,30.22,31.04,989586,30368639.09,3649
20241119,1317,26.75,26.88,27.29,26.49,27.29,1665571,44783056.41,4524
20241119,1318,11.02,11.1,11.23,11.0,11.23,1797945,19975354.95,4546
20241119,1319,23.0,23.08,23.95,23.08,23.95,5248900,123653455.0,10183
20241119,1322,8.26,8.34,8.4,8.2,8.4,2297250,19063351.17,5250
20241119,1323,35.3,35.3,36.02,35.24,35.84,1146779,40839946.45,6497
20241119,1330,5.86,5.8,6.01,5.78,5.96,16519858,97150027.63,14610
20241119,1331,11.18,11.21,11.47,11.14,11.47,2259652,25576747.72,3981
20241119,1332,32.96,32.95,33.98,32.95,33.96,967521,32441150.28,3993
20241119,1333,17.79,17.8,18.21,17.8,18.21,735138,13250427.6,2276
20241119,1336,18.43,18.78,18.81,18.3,18.79,2003200,37302140.0,4437
20241119,1337,22.01,22.2,22.47,22.1,22.37,4656183,103595298.07,10111
20241119,1338,10.33,10.31,10.4,10.17,10.4,7054740,72744146.17,12472
20241119,1339,33.6,33.91,35.1,33.66,35.1,5870011,201942663.65,19333
20241119,1366,11.16,11.28,11.4,11.1,11.36,2563627,28896447.02,4186
20241119,1368,19.45,19.55,20.0,19.45,20.0,803193,15839122.26,2513
20241119,1696,25.98,25.79,28.0,25.32,27.62,218511827,5934904748.17,326147
20241119,1872,22.14,21.99,21.99,20.55,21.2,22101045,466522505.64,32798
20241119,1896,4.17,4.18,4.24,4.12,4.24,19102400,79944390.0,14002
20241119,1914,11.01,11.09,11.14,10.89,11.13,7076976,77860809.02,15946
20241119,1965,11.51,11.53,11.67,11.42,11.54,20756127,239445770.17,25334
20241119,1979,10.92,10.91,10.93,10.66,10.93,80910762,873457323.86,62729
20241119,2001,22.17,22.39,22.52,22.03,22.31,18014795,401002313.87,37462
20241119,2003,12.9,12.85,13.25,12.78,13.24,13403004,175705845.25,23930
20241119,2004,4.63,4.65,4.72,4.63,4.71,18635169,87101830.09,18771
20241119,2005,1.66,1.64,1.67,1.58,1.58,25339600,40570902.0,2410
20241119,2006,13.69,13.56,15.06,13.56,15.06,35186096,514415464.16,29470
20241119,2007,16.76,16.84,17.05,16.76,17.03,9739966,164989788.4,19814
20241119,2008,26.5,26.11,28.27,26.0,27.86,90841507,2487247730.85,138972
20241119,2009,13.04,13.06,13.78,13.04,13.78,25806406,347840308.38,33701
20241119,2010,5.06,5.08,5.08,4.85,5.0,55745014,275481428.44,24554
20241119,2011,11.05,11.16,11.41,11.11,11.41,14972207,168780031.68,22949
20241119,2012,5.3,5.32,5.45,5.27,5.41,10560456,56543064.82,7038
20241119,2014,10.04,10.04,10.24,10.04,10.24,2999500,30468683.79,7413
20241119,2015,8.04,8.15,8.52,8.12,8.46,43171252,360919536.54,34933
20241119,2016,9.53,9.53,9.53,8.58,8.58,31081069,270536450.19,22006
20241119,2017,9.91,10.01,10.14,9.86,10.14,11850320,118484824.7,16832
20241119,2019,11.97,12.0,12.18,11.83,12.02,9640607,115634172.28,15679
20241119,2020,12.11,12.1,12.49,12.1,12.41,14237847,175603973.26,17925
20241119,2021,2.57,2.59,2.62,2.43,2.54,59921749,149178475.4,16608
20241119,2022,6.47,6.5,6.68,6.47,6.68,7867712,51762686.56,7345
20241119,2023,10.8,10.98,11.53,10.98,11.27,30083815,337281983.9,48092
20241119,2024,1.97,1.97,1.99,1.87,1.93,68169442,131018570.12,9705
20241119,2025,54.0,53.78,55.12,53.33,54.57,3894374,211041885.83,14398
20241119,2026,9.1,9.13,9.42,9.07,9.4,6733300,62146336.0,10354
20241119,2027,7.15,7.12,7.22,7.07,7.19,66081274,472832498.02,47646
20241119,2028,76.15,75.55,77.39,74.96,76.37,5055442,385066032.97,26302
20241119,2029,6.22,6.26,6.38,6.11,6.25,13275712,82710875.64,10556
20241119,2030,6.21,6.28,6.64,6.25,6.45,34136516,218805838.96,35102
20241119,2031,3.82,3.83,4.2,3.76,4.14,319455009,1301249808.46,137548
20241119,2032,52.56,52.52,52.8,51.88,52.25,1305844,68261091.17,5808
20241119,2033,8.67,8.7,8.73,8.58,8.73,11230480,97257046.1,13219
20241119,2034,15.2,15.29,15.55,15.22,15.55,3541770,54477850.3,7530
20241119,2035,7.86,7.85,7.97,7.77,7.95,12308403,96953356.6,12793
20241119,2036,10.21,10.31,10.99,10.1,10.96,111283736,1190173057.18,95119
20241119,2037,8.48,8.44,8.85,8.25,8.84,22346400,189974666.0,22623
20241119,2038,7.22,7.25,7.34,7.2,7.33,10547979,76720375.72,14255
20241119,2039,15.14,15.16,15.19,14.98,15.13,3222840,48554931.5,5591
20241119,2040,6.6,6.59,6.65,6.46,6.6,5898753,38607390.37,6557
20241119,2041,9.85,9.84,9.96,9.76,9.95,10659610,105328294.38,15217
20241119,2042,3.86,3.86,4.0,3.82,3.92,32726248,127328093.34,19121
20241119,2043,11.6,11.56,11.72,11.48,11.7,7487865,87018479.6,15427
20241119,2044,4.79,4.81,4.99,4.8,4.9,56169017,275138981.63,37483
20241119,2045,17.25,17.71,18.98,16.6,18.98,176545057,3202307516.57,148169
20241119,2046,11.39,11.46,12.01,11.4,12.0,16030399,186914060.11,20764
20241119,2047,2.62,2.68,2.7,2.6,2.68,27766312,73606421.28,15465
20241119,2048,13.52,13.62,13.72,13.3,13.57,18129077,244219555.22,25937
20241119,2049,65.53,65.76,67.67,65.0,67.66,25686670,1705379298.05,76739
20241119,2050,23.42,23.75,24.8,23.69,24.73,87486719,2120409976.48,124202
20241119,2051,9.38,8.99,9.08,8.53,8.76,51594836,452630013.06,34454
20241119,2052,3.88,3.96,4.07,3.92,4.07,23694890,96093100.3,3157
20241119,2053,11.72,11.75,11.85,11.6,11.85,6583997,77217396.5,9884
20241119,2054,5.39,5.42,5.54,5.39,5.53,5040558,27558777.38,5586
20241119,2055,6.95,7.1,7.35,6.92,7.23,31974650,227537782.81,31379
20241119,2056,13.55,13.61,13.94,13.53,13.93,16559721,227768994.12,26435
20241119,2057,7.72,7.72,7.79,7.59,7.79,15550339,119814871.19,21588
20241119,2058,12.61,12.6,13.0,12.48,12.89,4287500,54724960.0,9890
20241119,2059,5.31,5.32,5.38,5.26,5.38,13704359,72921754.21,17291
20241119,2060,3.86,3.88,3.91,3.79,3.88,21499049,82789013.25,20076
20241119,2061,4.4,4.4,4.5,4.36,4.45,50946836,225038285.68,36899
20241119,2062,4.47,4.49,4.52,4.31,4.49,15124567,66750069.97,10031
20241119,2063,5.99,5.99,6.11,5.93,6.11,39855176,239894169.06,36529
20241119,2064,8.23,8.2,8.37,8.2,8.36,38725986,321572606.77,40767
20241119,2065,8.25,8.0,8.17,7.47,7.85,274237322,2137965956.6,153852
20241119,2066,10.99,10.93,11.41,10.93,11.39,3849700,42956059.0,5744
20241119,2067,3.57,3.57,3.62,3.48,3.58,45053801,159584138.52,28399
20241119,2068,8.01,8.02,8.35,7.96,8.35,27602426,224908927.04,31120
20241119,2069,3.12,3.12,3.18,3.07,3.16,11832700,37016287.0,9093
20241119,2072,4.95,4.95,4.95,4.72,4.92,13698190,66246076.5,7888
20241119,2073,7.93,7.88,8.11,7.83,8.11,32184347,256806034.14,25701
20241119,2074,23.21,23.26,23.99,22.8,23.97,37738314,884232792.93,59241
20241119,2075,7.02,6.56,6.86,6.32,6.61,186647363,1212143343.32,70407
20241119,2076,2.06,2.06,2.1,2.0,2.1,45421544,92504156.84,20547
20241119,2077,15.17,15.18,16.58,15.18,16.19,59409846,948508000.63,82908
20241119,2078,14.33,14.33,14.58,14.31,14.41,17633839,253862679.66,33499
20241119,2079,10.41,11.45,11.45,11.15,11.45,32335750,369480970.5,23547
20241119,2080,13.12,13.12,13.4,13.01,13.39,13112599,173600387.52,24058
20241119,2081,3.62,3.61,3.66,3.57,3.64,27204322,98061766.86,20557
20241119,2082,6.04,6.05,6.27,5.86,6.22,15627159,94690198.05,11760
20241119,2083,4.8,4.81,4.85,4.73,4.85,27525151,131681064.31,15342
20241119,2084,3.03,3.04,3.08,2.98,3.08,9839781,29828206.6,7702
20241119,2085,20.33,19.93,20.88,19.51,20.41,231740422,4695243393.82,284389
20241119,2086,2.99,2.88,2.97,2.81,2.96,83072870,240551360.88,28814
20241119,2088,12.11,12.17,12.37,12.1,12.36,2187493,26729328.81,6053
20241119,2090,8.69,8.65,8.96,8.61,8.88,11875846,104642454.7,11003
20241119,2091,7.88,7.78,7.83,7.64,7.82,35003835,270544132.61,27924
20241119,2092,4.42,4.4,4.53,4.37,4.45,32041036,142269776.92,7481
20241119,2093,7.46,7.46,7.7,7.42,7.68,15502187,117228943.11,19173
20241119,2094,6.49,6.43,6.94,6.43,6.88,112172110,755955693.47,93239
20241119,2095,14.66,14.79,16.13,14.55,16.13,8347767,129376263.64,9779
20241119,2096,12.68,12.77,12.94,12.47,12.86,7474629,94741195.64,15425
20241119,2097,7.2,7.29,7.41,7.19,7.39,31854352,233430081.1,30071
20241119,2098,8.07,8.06,8.2,8.06,8.2,1845087,15002811.31,3633
20241119,2099,5.79,5.82,5.91,5.76,5.91,11402036,66586800.28,13228
20241119,2100,6.59,6.6,6.65,6.54,6.65,25607927,168893939.93,24490
20241119,2101,13.11,13.18,13.89,13.14,13.89,24791961,336345936.91,33103
20241119,2102,2.63,2.65,2.7,2.61,2.7,35630200,94442990.0,22575
20241119,2103,6.87,6.63,7.56,6.57,7.24,93828676,680216476.12,50977
20241119,2104,6.84,6.91,7.05,6.81,7.04,16053626,111009914.88,16882
20241119,2105,4.94,4.96,5.05,4.9,5.05,4140177,20600424.15,6766
20241119,2106,10.96,10.98,11.99,10.83,11.75,39059828,444242273.78,43267
20241119,2107,4.82,4.82,4.94,4.81,4.94,6197573,30280253.54,8849
20241119,2108,3.5,3.5,3.63,3.48,3.6,25146041,89133533.9,16418
20241119,2109,3.24,3.24,3.29,3.19,3.29,8601181,27889158.07,10309
20241119,2110,3.91,3.8,3.83,3.59,3.71,89751150,333100971.54,33794
20241119,2111,11.02,11.08,11.26,11.0,11.26,9144882,101865160.46,14537
20241119,2112,11.26,11.2,11.61,11.16,11.61,15840588,180547759.06,15027
20241119,2114,5.77,5.75,5.94,5.69,5.93,16750774,97961923.88,16182
20241119,2115,5.74,5.7,5.82,5.55,5.8,42403786,240804073.57,27901
20241119,2116,10.96,10.81,11.02,10.66,10.95,12865814,139334356.13,19120
20241119,2117,8.09,8.05,8.22,7.95,8.2,9191106,74358421.14,9221
20241119,2119,13.58,13.63,14.94,13.63,14.94,55753271,827080617.9,50133
20241119,2120,8.12,8.15,8.2,8.06,8.2,30703172,250276265.11,32985
20241119,2121,3.94,3.94,4.15,3.94,4.1,28100798,114160525.0,20979
20241119,2122,2.8,2.78,2.87,2.76,2.87,35486101,100136957.81,13431
20241119,2123,10.0,9.99,10.35,9.88,10.29,27889881,281593947.39,40462
20241119,2124,3.11,3.11,3.19,3.11,3.18,31117564,98011213.14,6018
20241119,2125,10.55,10.51,10.82,10.39,10.79,14221567,150963890.64,24605
20241119,2126,18.14,18.25,18.87,18.25,18.82,10952541,203962173.08,22502
20241119,2127,3.16,3.16,3.22,3.13,3.22,37404800,118772173.0,25137
20241119,2128,20.9,20.78,20.94,20.55,20.72,9544902,197925368.39,27009
20241119,2129,10.57,10.66,10.85,10.38,10.8,79305196,845526768.25,80904
20241119,2130,16.9,17.0,18.56,17.0,18.44,128750676,2305047134.25,153610
20241119,2131,2.2,2.13,2.38,2.12,2.29,622468902,1413558292.76,113703
20241119,2132,2.77,2.77,2.8,2.74,2.8,17862669,49420311.75,9088
20241119,2133,2.62,2.6,2.63,2.55,2.62,21861833,56542297.47,10358
20241119,2134,18.99,18.99,20.51,18.8,20.34,11942167,234519212.0,27773
20241119,2135,4.62,4.63,4.69,4.56,4.64,12467874,57589361.16,14350
20241119,2136,10.05,10.03,10.33,10.0,10.33,4010370,40675031.0,4877
20241119,2137,5.86,5.86,6.05,5.84,6.05,16081514,95754879.74,20469
20241119,2138,30.78,30.86,32.09,30.86,31.79,13437545,424791360.74,30410
20241119,2139,11.66,11.64,12.1,11.62,12.1,42530624,507201133.17,47089
20241119,2140,10.69,11.29,11.76,10.75,11.11,90355762,1040881813.15,69186
20241119,2141,1.44,1.44,1.5,1.43,1.48,19638300,28764997.0,2203
20241119,2142,24.92,24.94,25.13,24.6,24.84,22908580,567655250.91,44718
20241119,2144,10.29,10.31,10.55,10.23,10.55,3367302,34984741.73,4423
20241119,2145,4.47,4.45,4.59,4.44,4.59,51678275,233338579.3,35167
20241119,2146,2.19,2.1,2.25,1.99,2.16,482418761,1007281244.98,100030
20241119,2148,5.55,5.59,5.7,5.53,5.7,14741020,82633876.0,20157
20241119,2149,15.7,15.8,16.09,15.67,16.05,5056604,80256828.62,7571
20241119,2150,13.0,13.0,13.27,12.85,13.26,8811740,115109826.26,8640
20241119,2151,28.17,28.21,29.51,28.21,29.25,17666421,509056122.64,41727
20241119,2152,12.13,12.09,12.3,11.95,12.25,41702287,505798263.9,51495
20241119,2153,7.41,7.44,7.59,7.31,7.58,21837629,162690481.57,25577
20241119,2154,4.01,4.01,4.05,3.95,4.05,29615947,118416812.06,18756
20241119,2155,14.87,15.05,15.26,14.94,15.21,32095233,484569969.24,41487
20241119,2156,29.7,29.7,31.23,29.51,31.13,160077635,4859829608.24,270341
20241119,2157,3.12,3.1,3.16,3.07,3.16,77533225,241855690.01,37095
20241119,2158,18.46,18.48,19.05,18.48,19.03,6571445,123188400.22,12734
20241119,2159,15.4,15.43,15.54,15.13,15.54,2606834,40052621.87,4687
20241119,2160,3.86,3.86,3.92,3.81,3.92,16674902,64504230.68,13082
20241119,2161,5.21,5.73,5.73,5.73,5.73,22104644,126659610.12,4963
20241119,2162,3.39,3.43,3.43,3.32,3.42,21804201,73650700.84,12722
20241119,2163,8.04,8.06,8.19,7.95,8.16,12107201,97652438.98,15443
20241119,2164,4.84,4.84,5.05,4.83,5.03,11160744,55052069.6,11719
20241119,2165,4.64,4.56,4.67,4.41,4.66,91536667,416726711.36,35757
20241119,2166,7.75,7.77,7.93,7.73,7.92,9865870,77227013.7,13105
20241119,2167,8.91,8.39,8.42,8.02,8.26,132203866,1076370048.37,72904
20241119,2168,2.5,2.51,2.57,2.51,2.57,10590640,26892630.2,2069
20241119,2169,6.33,6.35,6.64,6.35,6.63,19539500,126369869.0,17830
20241119,2170,7.54,7.81,7.89,7.55,7.82,26537502,206093000.28,23193
20241119,2171,7.45,7.43,7.6,7.3,7.6,25322076,189100625.01,24328
20241119,2172,3.04,3.05,3.1,3.0,3.09,14114300,42942209.0,10874
20241119,2173,8.24,8.19,8.32,7.99,8.28,32016700,261644199.0,33118
20241119,2174,9.14,9.15,9.37,9.05,9.35,24868600,228295037.07,31655
20241119,2175,2.92,2.85,3.08,2.81,3.08,150416818,448789368.16,63164
20241119,2176,7.98,8.05,8.78,7.98,8.78,62111851,519008167.8,52953
20241119,2177,4.3,4.3,4.52,4.27,4.52,57064871,249590078.89,30856
20241119,2178,7.11,7.19,7.22,6.76,7.11,64502037,451313540.55,49491
20241119,2179,40.85,41.0,41.68,40.37,41.46,9469833,388465673.57,28692
20241119,2180,27.27,27.18,27.8,26.88,27.64,14417782,393684758.38,38949
20241119,2181,4.1,4.1,4.18,4.05,4.17,13468014,55337918.11,13519
20241119,2182,10.23,10.3,10.64,10.2,10.64,18745498,194925257.7,22439
20241119,2183,4.9,4.89,4.97,4.75,4.96,78617902,382159848.29,52190
20241119,2184,10.34,10.42,11.37,10.33,11.37,10632526,118934028.02,6579
20241119,2185,11.92,11.92,12.3,11.85,12.29,117950466,1427434371.92,143400
20241119,2186,9.97,9.95,10.05,9.86,10.05,4564515,45474138.7,8014
20241119,2187,5.3,5.26,5.37,5.22,5.33,5954000,31440650.0,9401
20241119,2188,4.74,4.74,4.77,4.62,4.73,10798424,50483667.12,9837
20241119,2189,20.5,20.55,21.37,20.51,21.3,8263987,173087980.11,16943
20241119,2190,17.28,17.4,17.73,17.25,17.62,4490101,78547482.63,10431
20241119,2191,4.56,4.56,4.67,4.51,4.64,23647229,108661676.75,17381
20241119,2192,35.7,36.2,39.27,35.5,39.27,17552100,660786922.36,33246
20241119,2193,4.81,4.8,4.87,4.69,4.87,7958000,38051193.0,6523
20241119,2194,13.32,12.8,14.65,12.57,14.65,148123248,2058418061.84,113044
20241119,2195,3.04,3.06,3.08,2.95,3.06,192334019,581376970.32,67831
20241119,2196,5.47,5.5,5.74,5.48,5.72,23626381,132175266.26,22354
20241119,2197,4.4,4.36,4.43,4.21,4.38,20197735,87147349.69,6354
20241119,2198,7.3,7.34,7.49,7.1,7.48,20428579,148655074.16,15697
20241119,2199,9.3,9.36,10.23,9.33,10.23,10349662,103443572.16,7783
20241119,2200,6.02,6.02,6.17,6.02,6.17,1562101,9526497.06,659
20241119,2201,5.13,5.19,5.33,5.15,5.33,9041028,47309740.5,11174
20241119,2202,10.49,10.45,10.65,10.43,10.62,35083274,370214152.51,44829
20241119,2203,9.77,9.78,9.88,9.46,9.66,15903540,153100707.27,15189
20241119,2204,4.77,4.79,4.85,4.76,4.85,16109343,77517077.71,18247
20241119,2205,8.63,8.75,8.78,8.44,8.72,8523820,73570359.8,9632
20241119,2206,4.33,4.33,4.43,4.32,4.42,15207419,66444901.59,12718
20241119,2207,5.55,5.65,5.7,5.5,5.65,7229316,40343206.86,6415
20241119,2208,8.16,8.0,8.8,7.7,8.77,78822204,665780411.72,43437
20241119,2209,8.72,8.71,9.05,8.71,9.05,5337105,47687946.04,9260
20241119,2210,2.15,2.16,2.23,2.13,2.23,84586084,184601153.48,26732
20241119,2211,3.53,3.54,3.67,3.48,3.67,15378502,55212357.18,12253
20241119,2212,6.93,6.93,7.03,6.69,6.95,43789841,299767323.9,39678
20241119,2213,11.39,11.39,11.68,11.08,11.67,10513501,119517339.14,13911
20241119,2214,12.54,12.56,12.81,12.35,12.7,6902180,86871985.3,12028
20241119,2215,9.14,9.18,9.41,9.11,9.4,18328009,169793488.53,18517
20241119,2216,11.56,11.58,11.69,11.38,11.61,7191623,83095465.8,10341
20241119,2217,2.58,2.53,2.56,2.45,2.45,103824196,256421921.2,13671
20241119,2218,3.52,3.54,3.63,3.51,3.63,17444206,62235262.6,15434
20241119,2219,2.76,2.75,2.77,2.65,2.77,76958452,207454138.02,20960
20241119,2221,9.22,9.23,9.62,9.19,9.54,19900320,186566156.4,17222
20241119,2222,31.18,31.28,32.82,31.05,32.73,28177715,899951987.09,52850
20241119,2223,35.63,35.79,36.09,35.23,35.8,6033351,214885944.67,24607
20241119,2224,4.38,4.4,4.46,4.33,4.42,8078282,35547474.98,8738
20241119,2225,4.08,4.05,4.1,3.97,4.1,19717200,79437331.0,13712
20241119,2226,5.29,5.3,5.53,5.22,5.49,43982342,235554994.7,38640
20241119,2227,11.24,11.88,12.36,11.88,12.36,11164352,136032953.72,6667
20241119,2228,2.93,2.92,2.99,2.9,2.98,14137128,41595311.56,9405
20241119,2229,14.39,13.82,14.55,13.58,14.51,57153710,795186026.82,67633
20241119,2230,48.35,47.3,48.06,45.61,47.76,128943053,6044962784.12,269888
20241119,2231,5.61,5.61,5.8,5.6,5.8,10276671,58488529.91,8894
20241119,2232,22.46,21.59,22.0,20.59,21.66,54757614,1167109450.39,80978
20241119,2233,7.77,7.77,7.85,7.69,7.82,9973801,77447040.79,14140
20241119,2234,8.98,8.99,9.08,8.8,9.03,6433900,57460352.3,7970
20241119,2235,5.21,5.21,5.34,5.15,5.33,23914093,125137859.4,21496
20241119,2236,16.84,16.85,17.04,16.5,17.04,49860217,838442105.58,64596
20241119,2237,10.68,10.8,10.87,10.68,10.85,11219245,120912685.85,18212
20241119,2238,9.78,9.37,9.5,8.8,9.04,53347105,482044206.79,50329
20241119,2239,2.95,2.98,3.05,2.95,3.05,106250328,318410372.72,36986
20241119,2240,15.14,15.33,16.65,15.1,16.65,49837915,792440439.58,62606
20241119,2241,24.58,24.21,24.7,23.6,24.41,157243392,3792536244.09,188884
20241119,2242,10.76,10.75,11.05,10.73,10.94,7954783,86408488.4,13433
20241119,2243,8.41,8.39,8.66,8.37,8.62,24814797,210921478.32,26751
20241119,2244,9.18,9.18,9.28,9.03,9.27,29487954,269202448.47,28430
20241119,2245,9.96,9.89,10.96,9.79,10.72,138224740,1423305872.75,131065
20241119,2246,11.35,11.44,11.82,11.3,11.82,16158057,187108155.51,18627
20241119,2247,2.81,2.82,2.85,2.67,2.8,52081415,142668187.61,21320
20241119,2248,8.31,8.35,8.73,8.35,8.73,23390301,200403830.89,28314
20241119,2249,5.47,5.49,5.63,5.47,5.63,40253425,223666894.67,35383
20241119,2250,5.88,5.89,5.98,5.81,5.97,16580252,97803557.2,21172
20241119,2251,3.44,3.5,3.54,3.44,3.54,18416258,64322233.28,4581
20241119,2252,7.44,7.46,7.57,7.45,7.57,35698492,268384089.52,28290
20241119,2253,17.19,17.22,17.29,16.26,17.0,25201040,422314041.95,43748
20241119,2254,10.18,10.18,10.44,10.08,10.44,15123388,154977986.05,18768
20241119,2255,5.53,5.45,5.72,5.45,5.67,30186337,169026754.35,24854
20241119,2256,2.44,2.45,2.51,2.41,2.51,56201765,138403068.25,19614
20241119,2258,8.51,8.51,8.71,8.45,8.66,12384320,106213642.4,13897
20241119,2259,2.47,2.47,2.53,2.44,2.52,3001720,7469483.2,715
20241119,2261,22.54,21.0,22.48,21.0,22.31,169174944,3675179685.33,265323
20241119,2262,25.79,25.69,26.18,25.58,25.79,6409319,165498784.39,15186
20241119,2263,2.46,2.48,2.58,2.45,2.57,31766822,79955345.2,11621
20241119,2264,5.75,5.73,5.79,5.6,5.79,19020300,108346689.0,18638
20241119,2265,11.7,11.71,12.01,11.55,11.92,5754197,67894709.91,12283
20241119,2266,3.4,3.41,3.45,3.37,3.45,27706410,94681451.48,26176
20241119,2267,7.99,7.98,8.19,7.96,8.18,14066748,113408231.3,15109
20241119,2268,17.58,17.61,18.14,17.52,18.13,15462451,275189906.67,27826
20241119,2269,1.76,1.75,1.76,1.67,1.74,140034150,238924085.53,28482
20241119,2270,17.04,17.03,17.6,16.94,17.59,12267157,213096738.01,21644
20241119,2271,13.91,13.91,13.99,13.57,13.92,48065507,661531636.49,52396
20241119,2272,9.92,9.92,10.87,9.92,10.56,52346928,544261567.87,77734
20241119,2273,21.05,21.27,22.27,21.16,22.1,60773568,1322816090.03,88640
20241119,2274,7.62,7.63,7.77,7.59,7.76,13988583,107266288.01,14435
20241119,2275,14.72,14.84,15.15,14.77,15.07,3293849,49401581.53,8826
20241119,2276,7.81,7.81,8.07,7.81,8.06,21016834,166719490.04,19478
20241119,2277,3.44,3.37,3.78,3.27,3.62,265950336,962709264.5,89800
20241119,2278,5.3,5.28,5.41,5.25,5.39,7582193,40321875.48,8275
20241119,2279,6.14,6.15,6.24,5.92,6.24,45581576,277219712.58,29534
20241119,2281,44.33,44.49,45.35,43.4,45.1,29903948,1325773889.92,76198
20241119,2282,6.85,6.88,7.0,6.85,7.0,5758850,39898356.0,8570
20241119,2283,4.96,4.95,5.06,4.94,5.06,23359311,116784472.85,16863
20241119,2284,7.88,7.93,8.24,7.9,8.24,17438949,141446713.18,21284
20241119,2285,3.09,3.1,3.29,2.98,3.23,124642745,386182644.71,44103
20241119,2286,6.97,7.0,7.07,6.94,7.07,4373872,30688477.24,8068
20241119,2287,22.73,22.73,23.06,22.65,23.05,1220537,27937747.85,4944
20241119,2289,3.84,3.85,3.89,3.66,3.85,4990713,18861154.8,1714
20241119,2290,17.0,16.8,17.7,16.8,17.6,6398141,110676638.87,14368
20241119,2291,6.04,5.96,6.08,5.73,6.06,72340738,426725637.28,44501
20241119,2292,6.66,6.66,6.83,6.52,6.83,56319914,375720367.89,58189
20241119,2293,7.79,7.88,8.05,7.77,8.04,15586648,124279953.4,11777
20241119,2294,30.37,30.37,30.65,29.7,30.18,10533351,316239584.09,27342
20241119,2295,6.74,6.75,6.91,6.7,6.9,4381889,29900643.2,7799
20241119,2296,8.64,8.7,8.9,8.63,8.9,11657621,102126910.12,16265
20241119,2297,6.75,6.83,6.95,6.74,6.94,9019483,61633008.68,11700
20241119,2298,5.16,5.2,5.26,5.08,5.26,34983798,180955178.71,27827
20241119,2299,14.43,14.4,14.74,14.4,14.67,7775944,113455242.33,17587
20241119,2300,5.32,5.33,5.45,5.32,5.45,7873984,42484411.69,10947
20241119,2301,5.86,5.88,6.01,5.84,6.0,9018306,53366305.8,10738
20241119,2302,7.21,7.2,7.24,6.99,7.2,27512600,195985600.0,21173
20241119,2303,3.39,3.39,3.42,3.34,3.41,27823025,94159009.63,19800
20241119,2304,87.53,87.8,88.45,85.58,87.2,6773049,588125051.74,28540
20241119,2305,2.08,2.07,2.07,1.98,2.07,89479300,181472909.0,15084
20241119,2306,3.32,3.32,3.35,3.22,3.35,22606067,74128697.13,14712
20241119,2307,4.02,4.0,4.01,3.88,3.99,28224874,111483758.29,11040
20241119,2309,2.44,2.44,2.44,2.44,2.44,0,0.0,0
20241119,2310,2.5,2.49,2.5,2.38,2.38,92810600,222350282.0,12314
20241119,2311,46.58,46.55,47.06,45.58,46.38,5191674,239942664.15,24425
20241119,2312,14.52,14.52,15.97,14.52,15.59,175872818,2655349924.82,193268
20241119,2313,7.96,8.0,8.24,7.92,8.24,8224299,66360423.47,13756
20241119,2314,2.58,2.57,2.6,2.5,2.56,45863561,116461124.5,21497
20241119,2315,35.05,33.33,35.1,33.28,34.69,19001500,647650480.3,49227
20241119,2316,3.09,3.1,3.13,3.04,3.12,11225720,34692113.06,2386
20241119,2317,12.86,12.86,13.07,12.71,13.05,15709221,203032714.66,23711
20241119,2318,22.51,22.49,23.3,22.42,23.26,7983831,183440657.11,17549
20241119,2319,11.6,11.64,11.73,11.35,11.72,2241612,25826261.68,4258
20241119,2320,5.93,5.92,6.03,5.9,6.02,16534557,98632092.9,17039
20241119,2321,2.18,2.17,2.18,2.09,2.16,32312900,68706722.98,8070
20241119,2322,13.32,13.29,13.53,13.27,13.53,4626663,61865063.38,8453
20241119,2323,1.75,1.72,1.73,1.64,1.72,110633192,186458293.95,21500
20241119,2324,8.84,8.88,9.25,8.84,9.24,20237364,182837806.79,20266
20241119,2326,9.55,9.58,10.04,9.5,10.01,19591427,191306395.6,23687
20241119,2327,8.66,8.61,8.96,8.6,8.96,12779495,112787496.45,13610
20241119,2328,5.53,5.53,5.75,5.51,5.74,12981986,73166653.92,15245
20241119,2329,3.37,3.38,3.43,3.31,3.43,19176740,64682444.4,16227
20241119,2330,4.42,4.42,4.48,4.35,4.46,9681700,42814719.0,9637
20241119,2331,7.55,7.62,7.77,7.46,7.76,13653560,103814907.4,21501
20241119,2332,12.44,12.45,12.6,12.36,12.54,7641097,95378699.99,15495
20241119,2333,5.37,5.37,5.47,5.34,5.47,4734540,25550341.0,5681
20241119,2334,6.79,6.8,7.09,6.8,7.08,18204957,126548522.94,18692
20241119,2335,23.45,23.66,24.43,23.5,24.41,8894752,213723345.24,20450
20241119,2336,4.63,4.4,4.4,4.4,4.4,544200,2394480.0,292
20241119,2337,4.5,4.55,4.68,4.52,4.68,10322900,47595428.0,13351
20241119,2338,40.59,41.02,42.6,40.7,42.48,12716800,530141316.0,30365
20241119,2339,6.61,6.66,6.8,6.61,6.8,12743113,85551100.83,18710
20241119,2340,6.92,6.92,7.15,6.86,7.13,129690238,909857025.37,77883
20241119,2342,3.45,3.45,3.51,3.42,3.51,14258708,49340070.0,11536
20241119,2343,6.5,6.41,6.59,6.28,6.59,29106213,187253095.5,29441
20241119,2344,4.76,5.24,5.24,5.24,5.24,5886861,30847151.64,2420
20241119,2345,5.09,5.06,5.26,5.06,5.25,29108143,151278083.82,14739
20241119,2346,9.49,9.5,9.8,9.44,9.79,2900100,27854129.0,5548
20241119,2347,4.6,4.6,4.88,4.57,4.88,29334305,139465536.6,28836
20241119,2348,3.22,3.19,3.3,3.16,3.3,24474537,78897443.74,13807
20241119,2349,7.66,7.67,7.8,7.67,7.78,14057406,108761699.38,16181
20241119,2350,6.08,6.07,6.18,5.98,6.17,10223757,62295617.31,12943
20241119,2351,15.95,15.72,16.11,15.18,15.97,49000092,763607501.22,58768
20241119,2352,42.32,42.3,42.97,41.81,42.32,23848629,1009590326.4,59946
20241119,2353,36.02,36.06,36.69,35.71,36.47,5350380,193337064.11,19220
20241119,2354,4.55,4.15,4.73,4.15,4.43,291794101,1282666380.8,120229
20241119,2355,6.51,6.55,6.8,6.5,6.76,27803707,184195337.51,20451
20241119,2356,3.98,4.16,4.28,3.58,3.83,154897913,603916808.21,62826
20241119,2357,6.43,6.44,6.61,6.37,6.57,8076102,52431808.12,7619
20241119,2358,4.48,4.5,4.6,4.44,4.6,22833315,103102190.1,20950
20241119,2360,5.06,5.03,5.17,5.03,5.16,5478414,28014942.76,4695
20241119,2361,3.83,3.87,3.96,3.84,3.96,20683200,80555344.0,13068
20241119,2362,19.22,19.22,19.76,18.91,19.7,12067070,233115179.76,31084
20241119,2363,6.7,6.76,6.92,6.7,6.92,8337325,56970122.57,12648
20241119,2364,7.09,7.07,7.25,7.04,7.25,11745947,83976642.7,16289
20241119,2365,8.01,8.07,8.19,8.03,8.19,3763091,30566919.52,6236
20241119,2366,4.54,4.5,4.99,4.46,4.99,146064564,703539258.98,41984
20241119,2367,6.6,6.63,6.77,6.6,6.77,10607359,71138237.87,14236
20241119,2368,26.21,26.01,26.88,25.39,26.86,23535938,616103133.39,49890
20241119,2369,6.31,6.31,6.48,6.16,6.42,32041184,202702593.53,22326
20241119,2370,3.22,3.28,3.54,3.26,3.4,64987828,221633192.3,34390
20241119,2371,423.89,423.89,439.4,421.87,435.04,9243846,3987210784.55,57268
20241119,2372,13.27,13.28,13.46,13.21,13.45,8489882,113282321.08,22371
20241119,2373,10.03,9.95,10.22,9.89,10.21,25003761,251880452.47,37966
20241119,2374,3.0,3.01,3.05,2.94,3.04,27402000,82224800.26,13798
20241119,2375,4.02,4.03,4.07,3.96,4.06,14495076,58181550.97,12461
20241119,2376,6.54,6.54,6.74,6.54,6.73,12083653,80186235.5,20643
20241119,2377,2.82,2.8,2.87,2.75,2.86,29798700,83529777.0,15740
20241119,2378,6.58,6.62,6.78,6.58,6.77,15553631,103738816.82,24792
20241119,2379,6.99,6.98,7.17,6.74,6.98,37741247,261837197.99,24353
20241119,2380,19.17,19.25,19.68,18.9,19.59,6342469,121775565.21,13267
20241119,2381,6.62,6.64,6.7,6.57,6.7,6165050,40869007.0,4758
20241119,2382,5.38,5.36,5.49,5.33,5.46,8856112,47931648.29,11753
20241119,2383,8.91,9.0,9.19,8.58,9.09,54342996,484583443.05,48518
20241119,2384,27.26,27.1,28.08,26.96,27.9,95398106,2628320809.79,162516
20241119,2385,4.47,4.47,4.5,4.4,4.49,59160562,263937288.15,38275
20241119,2386,4.48,4.5,4.59,4.42,4.58,16751114,75494857.54,12077
20241119,2387,14.61,14.88,16.0,13.2,13.44,233244528,3391771892.3,176925
20241119,2388,4.79,4.55,4.55,4.55,4.55,2473900,11256245.0,801
20241119,2389,19.03,19.04,19.46,19.0,19.45,26311291,506251043.57,40786
20241119,2390,3.65,3.64,3.75,3.64,3.73,22569600,83597578.0,16950
20241119,2391,5.15,5.15,5.21,5.12,5.21,4514914,23309075.36,5265
20241119,2392,4.42,4.3,4.3,4.06,4.2,104395091,436225243.61,35226
20241119,2393,17.47,17.42,17.78,17.19,17.55,3334821,58192010.21,6942
20241119,2394,7.8,7.68,7.88,7.44,7.67,21533052,164199274.68,17895
20241119,2395,14.99,14.99,15.63,14.95,15.63,6187702,94910547.2,14685
20241119,2396,17.63,17.75,18.0,17.42,17.92,10518499,186477041.93,24873
20241119,2397,2.62,2.61,2.63,2.55,2.63,11818000,30635223.0,8077
20241119,2398,4.26,4.23,4.46,4.21,4.32,11501645,49471752.3,12654
20241119,2399,10.92,10.94,11.16,10.9,11.13,3712656,41049189.76,8222
20241119,2400,7.56,7.16,7.37,6.8,6.96,377328234,2639842354.68,193662
20241119,2401,15.95,15.98,16.3,15.8,16.3,7411660,119134461.2,11330
20241119,2402,21.34,19.22,21.98,19.21,19.21,328167586,6551715840.61,345774
20241119,2403,10.47,9.51,11.52,9.51,11.52,64227359,702176299.24,46898
20241119,2404,5.99,5.96,6.06,5.95,6.06,9264815,55762002.35,8070
20241119,2405,9.6,9.72,9.95,9.6,9.94,81486875,798233523.51,81068
20241119,2406,6.44,6.35,6.54,6.28,6.54,35066678,225017608.73,23216
20241119,2407,12.93,12.93,13.57,12.83,13.55,42769894,566152173.94,52753
20241119,2408,5.32,5.36,5.47,5.29,5.43,21896103,117823207.25,20108
20241119,2409,62.54,62.9,64.79,62.33,64.45,11253056,714633860.35,30975
20241119,2410,13.32,13.36,13.6,13.09,13.6,35926791,480358542.74,56804
20241119,2412,6.07,6.1,6.19,6.06,6.17,7478369,45836638.15,9634
20241119,2413,4.55,4.58,4.8,4.56,4.72,37129238,173426222.56,25347
20241119,2414,7.99,8.02,8.32,8.02,8.32,49326770,404652561.8,50278
20241119,2415,30.72,30.72,31.14,30.44,31.09,38698545,1194992641.22,76668
20241119,2416,14.84,14.85,16.16,14.46,15.85,89212547,1362752537.32,82521
20241119,2418,2.41,2.42,2.47,2.37,2.46,33934800,82089767.0,14616
20241119,2419,5.11,5.11,5.21,5.08,5.21,11682751,60256443.18,10942
20241119,2420,5.76,5.78,5.9,5.75,5.9,7292800,42483183.0,8490
20241119,2421,3.19,3.2,3.27,3.16,3.26,48250555,154767667.7,34027
20241119,2422,29.85,30.0,30.27,29.67,29.94,17812705,532320938.45,45161
20241119,2423,15.55,15.6,16.2,15.38,16.2,89186672,1412311577.24,115427
20241119,2424,4.09,4.05,4.13,3.91,4.06,43273567,174223945.56,11103
20241119,2425,2.29,2.3,2.32,2.21,2.29,45148235,102319318.53,6553
20241119,2426,2.58,2.55,2.57,2.45,2.53,161991718,404589440.49,38429
20241119,2427,3.7,3.72,3.85,3.7,3.85,10461141,39399274.17,10219
20241119,2428,20.32,20.68,21.56,20.62,21.4,74952600,1580191046.17,107178
20241119,2429,5.06,5.08,5.17,5.03,5.17,53039102,270344533.08,29978
20241119,2430,24.2,24.08,24.5,23.65,24.3,8208730,198056538.65,21443
20241119,2431,2.32,2.3,2.37,2.24,2.3,57478683,131050131.41,16250
20241119,2432,44.29,44.53,45.1,44.27,44.96,6503825,290576966.09,22337
20241119,2434,6.73,6.9,6.93,6.43,6.63,54460543,359245025.88,46599
20241119,2436,11.71,11.77,12.26,11.75,12.23,82186602,987677591.71,74521
20241119,2437,2.46,2.47,2.5,2.42,2.49,54733390,134446031.64,23889
20241119,2438,12.92,12.92,13.62,12.87,13.58,15058514,200013023.36,18220
20241119,2439,17.18,17.22,17.48,16.86,17.45,22579661,387686872.47,31587
20241119,2440,6.66,6.67,6.8,6.66,6.8,5957508,40120988.11,10054
20241119,2441,7.64,7.57,7.75,7.57,7.75,6669844,51282783.34,9513
20241119,2442,4.93,4.96,5.17,4.94,5.17,19877083,100796785.28,18952
20241119,2443,6.24,6.23,6.29,6.16,6.29,7661646,47622669.71,8262
20241119,2444,26.68,26.93,27.95,26.83,27.61,17728867,489567705.54,41457
20241119,2445,2.27,2.26,2.3,2.22,2.29,35300410,79733654.8,15453
20241119,2446,6.96,6.98,7.14,6.93,7.13,29039840,204595140.33,32609
20241119,2448,6.13,6.18,6.29,6.14,6.29,10199481,63428346.18,11021
20241119,2449,7.92,7.94,8.16,7.92,8.15,12075789,96953821.42,15758
20241119,2451,6.55,6.55,6.72,6.47,6.72,11067594,72939239.7,14531
20241119,2452,7.38,7.38,7.56,7.36,7.56,14321452,106718380.8,14363
20241119,2453,5.58,5.58,5.79,5.54,5.79,20491091,115904900.16,20261
20241119,2454,6.76,6.89,7.04,6.8,7.04,12201622,84179146.04,15573
20241119,2455,8.05,8.18,8.42,8.03,8.4,33815496,278746326.26,37874
20241119,2456,15.01,14.76,15.29,14.4,15.27,419785650,6260676639.19,451182
20241119,2457,12.15,12.26,12.34,11.99,12.34,19298901,234572753.02,31112
20241119,2458,9.65,9.57,9.77,9.39,9.64,19891629,190235669.83,23885
20241119,2459,16.54,16.55,17.17,16.43,17.05,60615094,1020089634.68,80275
20241119,2460,37.83,38.45,41.61,37.99,41.61,56094964,2213480055.58,110187
20241119,2461,8.86,8.86,8.93,8.79,8.92,6804685,60377106.34,15231
20241119,2462,13.68,13.41,13.9,13.25,13.64,19337158,261270621.7,19229
20241119,2463,37.75,37.98,39.14,37.75,38.96,27963252,1072412421.49,59331
20241119,2465,12.3,12.32,12.59,12.06,12.44,64873631,799560498.73,64912
20241119,2466,37.45,37.8,41.2,37.57,41.2,55259325,2175932928.49,98377
20241119,2467,4.66,4.45,4.61,4.37,4.56,137119067,613807412.37,82016
20241119,2468,10.43,10.5,10.72,10.43,10.67,17852342,189174196.42,27826
20241119,2469,8.79,9.65,9.65,8.25,9.13,224830155,2033832273.57,128770
20241119,2470,1.81,1.82,1.83,1.76,1.83,92363900,165476156.0,21124
20241119,2471,2.51,2.51,2.55,2.47,2.54,31874384,79833902.16,14242
20241119,2472,28.72,28.86,29.72,28.82,29.65,14050127,411072102.63,37339
20241119,2474,6.14,6.19,6.3,6.02,6.28,27873925,171516982.39,23565
20241119,2475,38.51,38.6,38.89,37.74,38.53,86837859,3319633660.19,155279
20241119,2476,4.35,4.39,4.46,4.33,4.46,17349998,76225501.44,13783
20241119,2478,5.29,5.31,5.33,5.19,5.29,13397318,70392337.97,7445
20241119,2479,4.68,4.65,4.72,4.62,4.71,10115111,47275286.46,12992
20241119,2480,4.75,4.71,4.77,4.61,4.73,15230238,71412982.14,10263
20241119,2481,4.85,4.87,4.92,4.81,4.92,18770505,91364780.5,13581
20241119,2482,1.95,1.95,1.96,1.87,1.93,57284603,108992868.08,14031
20241119,2483,5.1,5.12,5.22,5.08,5.22,12501800,64526681.8,13540
20241119,2484,16.21,16.19,17.83,16.19,17.63,108365256,1876056746.7,110031
20241119,2485,3.32,3.34,3.34,3.18,3.28,2803484,9092316.08,717
20241119,2486,2.24,2.23,2.26,2.17,2.26,19078000,42216419.0,10213
20241119,2487,22.14,22.16,22.74,21.95,22.72,12618299,281126474.8,26010
20241119,2488,9.54,9.55,10.14,9.55,10.12,43728548,434314472.25,37813
20241119,2489,3.2,3.2,3.22,3.13,3.22,31315505,99699526.0,19033
20241119,2490,2.56,2.55,2.64,2.54,2.63,11184802,29019495.18,1886
20241119,2491,4.19,4.21,4.3,4.15,4.27,13154106,55433585.44,16055
20241119,2492,4.97,4.95,5.02,4.91,5.01,5524573,27470213.31,5056
20241119,2493,9.89,9.91,10.08,9.85,10.08,27624884,276040259.25,30481
20241119,2494,3.98,4.0,4.03,3.89,4.0,7431000,29442664.0,7185
20241119,2495,2.21,2.21,2.24,2.16,2.24,27085435,59477804.65,11507
20241119,2496,2.12,2.12,2.15,2.07,2.15,47747562,100809925.76,12396
20241119,2497,10.93,10.94,11.83,10.91,11.75,41538722,473732048.65,58176
20241119,2498,3.36,3.37,3.43,3.34,3.43,24736420,83677749.7,20622
20241119,2500,6.4,6.45,6.54,6.37,6.52,42597723,275071898.21,36985
20241119,2501,1.79,1.8,1.85,1.63,1.73,280948528,481008182.41,52206
20241119,2506,2.72,2.75,2.78,2.68,2.78,139696144,382336403.24,55146
20241119,2507,14.92,14.93,15.07,14.63,14.9,10632242,158228731.88,21864
20241119,2508,22.63,22.64,22.87,22.45,22.5,6884681,155774598.74,19052
20241119,2510,6.45,6.29,6.6,6.04,6.4,188668362,1193566222.08,102540
20241119,2511,7.12,7.12,7.21,7.06,7.21,11094230,79136030.4,15862
20241119,2512,4.43,4.42,4.56,4.36,4.55,39966100,178182053.0,19415
20241119,2513,5.49,5.67,5.81,5.56,5.8,24557695,139153474.34,24356
20241119,2514,6.87,6.7,7.5,6.7,7.3,50662202,360755717.38,41367
20241119,2515,4.6,4.6,4.75,4.57,4.66,14041240,65030763.4,6870
20241119,2516,5.03,5.02,5.38,5.01,5.34,35903129,186884524.38,31028
20241119,2517,13.12,13.12,13.44,13.08,13.44,38209952,506850136.38,65195
20241119,2518,19.1,19.27,20.3,19.27,20.29,12474549,247069786.94,28690
20241119,2519,5.57,5.6,5.72,5.56,5.71,28047190,158130976.22,18777
20241119,2520,4.81,4.82,5.22,4.81,5.16,47312378,238627484.79,35643
20241119,2521,10.22,10.22,10.5,10.12,10.5,10240102,105751768.08,9121
20241119,2522,4.0,4.03,4.12,4.0,4.1,12155337,49258223.6,7882
20241119,2523,2.81,2.82,2.88,2.79,2.87,25696308,72734757.8,17241
20241119,2524,3.99,4.01,4.3,3.93,4.06,28442447,114972566.46,20177
20241119,2526,2.68,2.69,2.75,2.66,2.75,55623555,150448643.09,17153
20241119,2527,7.67,7.7,8.14,7.68,8.09,26304929,209665525.01,31312
20241119,2528,3.05,3.0,3.1,2.91,3.03,34260043,102335475.5,9830
20241119,2529,8.11,8.32,8.78,8.17,8.73,17109850,144708114.88,28069
20241119,2530,10.33,9.3,9.3,9.3,9.3,22569900,209900070.0,15162
20241119,2531,8.65,8.69,8.81,8.47,8.73,26982577,233032333.59,29337
20241119,2532,8.35,8.42,8.58,8.32,8.56,54810663,463886482.92,57864
20241119,2533,9.52,9.57,9.7,9.5,9.7,10619836,102109646.36,17764
20241119,2534,11.72,11.72,12.12,11.71,12.11,5525121,65822867.7,13445
20241119,2535,3.67,3.67,3.76,3.66,3.75,16220817,60396993.79,13413
20241119,2536,10.63,10.72,10.92,10.62,10.91,10166554,109549857.48,19164
20241119,2537,6.42,6.39,6.52,6.33,6.51,21079516,135387512.63,19745
20241119,2538,6.05,6.1,6.38,6.09,6.37,34709926,215800702.15,28124
20241119,2539,7.93,7.95,8.14,7.94,8.13,14393300,115669237.0,19400
20241119,2540,5.6,5.63,5.84,5.62,5.82,13195034,75394475.68,12759
20241119,2541,15.79,15.86,16.29,15.63,16.27,6344874,100906360.22,16506
20241119,2542,4.01,3.98,4.38,3.87,4.29,249555245,1028448864.05,119709
20241119,2543,9.86,9.84,9.93,9.72,9.91,7591040,74731862.21,12108
20241119,2544,21.68,21.92,22.19,21.6,22.13,7620194,166894163.8,18984
20241119,2545,7.06,7.06,7.28,7.05,7.27,13663166,97690093.62,15472
20241119,2546,4.09,4.1,4.22,4.09,4.21,11036560,45778337.2,11970
20241119,2547,4.68,4.76,5.02,4.59,4.88,224974261,1089729421.01,113129
20241119,2548,4.12,4.15,4.19,4.1,4.19,13233070,54764141.3,11867
20241119,2549,7.15,6.98,7.16,6.84,7.16,23547782,164491945.2,25829
20241119,2550,6.15,6.18,6.28,6.15,6.25,16254300,101029253.0,23055
20241119,2551,3.25,3.25,3.33,3.18,3.28,23639195,76512916.17,19725
20241119,2552,11.95,11.94,12.46,11.92,12.45,3393400,41470969.0,7039
20241119,2553,13.09,13.27,14.4,12.72,14.18,89021323,1243089855.35,85812
20241119,2554,2.63,2.64,2.66,2.59,2.66,14640102,38457539.26,5351
20241119,2555,15.89,15.83,16.11,15.57,16.09,70911274,1123446598.4,76271
20241119,2556,5.71,5.72,5.81,5.63,5.79,12558502,71945966.86,11600
20241119,2557,30.3,30.45,30.74,30.0,30.42,5214498,158475670.37,19540
20241119,2558,12.56,12.5,12.76,12.34,12.74,33771919,423397505.81,44572
20241119,2559,8.83,8.83,9.31,8.82,9.31,28617094,260585687.9,26963
20241119,2560,6.2,6.23,6.44,6.23,6.43,10952579,69336947.38,13300
20241119,2561,9.27,9.2,9.28,8.97,9.28,20130513,183508683.75,18558
20241119,2562,4.21,4.23,4.36,4.2,4.35,23785878,101355182.06,32053
20241119,2563,6.2,6.2,6.27,6.13,6.21,11432719,70709748.61,16411
20241119,2564,3.99,3.99,4.18,3.93,4.16,20895123,85033373.46,5072
20241119,2565,3.47,3.48,3.55,3.42,3.55,34247602,119398689.9,27718
20241119,2566,7.02,7.03,7.17,7.01,7.17,3144861,22303965.88,5027
20241119,2567,5.26,5.26,5.3,5.19,5.3,49288756,258398423.5,32154
20241119,2568,24.4,24.5,24.97,23.8,24.44,11822828,288664449.86,24142
20241119,2569,10.64,10.82,10.97,10.11,10.11,4936317,50726997.87,2772
20241119,2570,4.1,4.09,4.2,4.04,4.19,54483799,224366422.61,43261
20241119,2571,4.49,4.5,4.62,4.43,4.6,9281600,41934470.0,9320
20241119,2572,16.76,16.9,16.9,16.49,16.78,10688760,178114985.88,23834
20241119,2573,4.24,4.25,4.28,4.18,4.27,6537080,27639938.84,8052
20241119,2574,4.84,4.82,5.02,4.77,4.93,9050206,44128310.16,6704
20241119,2575,5.77,5.84,6.03,5.77,6.03,9125877,53949950.68,10131
20241119,2576,13.14,13.15,13.82,13.15,13.82,6010171,81470491.91,10492
20241119,2577,15.22,15.24,15.95,15.17,15.95,5090196,79379832.55,12039
20241119,2578,3.1,3.12,3.19,3.09,3.19,17847634,55982013.74,15332
20241119,2579,7.91,8.0,8.35,7.98,8.28,19978647,163252547.87,24915
20241119,2580,8.03,8.02,8.29,7.92,8.29,15546263,125240091.4,15587
20241119,2581,12.5,12.5,12.68,12.13,12.62,8221240,102306703.6,11729
20241119,2582,6.67,6.56,7.17,6.48,6.84,66084654,449846154.78,41181
20241119,2583,19.8,19.34,21.78,18.22,21.78,534318200,11403327594.95,474165
20241119,2584,7.11,7.17,7.39,7.15,7.39,24602642,178328523.98,28545
20241119,2585,5.75,5.78,6.0,5.73,5.95,25297139,148757951.19,42093
20241119,2586,1.99,1.98,2.04,1.92,1.99,11058809,21749023.55,1566
20241119,2587,6.28,6.14,6.45,6.02,6.44,46111504,288587787.22,29347
20241119,2588,7.52,7.44,7.78,7.44,7.67,35894173,272038948.14,23894
20241119,2589,3.31,3.24,3.26,3.1,3.18,90928934,287849435.79,30613
20241119,2590,13.55,13.82,14.91,13.81,14.63,38735330,562437453.57,59034
20241119,2591,5.05,5.08,5.18,5.01,5.18,14758100,75497082.0,15061
20241119,2592,4.78,4.79,4.86,4.68,4.82,5678601,27108689.73,1898
20241119,2593,3.19,3.21,3.26,3.16,3.25,14176100,45614440.0,11434
20241119,2594,288.68,288.68,291.48,282.02,287.99,13194669,3785016710.44,71725
20241119,2595,43.89,43.89,44.9,43.72,44.39,3653818,162592977.34,14433
20241119,2596,2.62,2.63,2.64,2.49,2.62,54849579,140454302.66,20210
20241119,2597,24.72,24.69,25.64,24.61,25.63,8758705,220896378.14,16692
20241119,2598,8.54,8.54,8.84,8.51,8.84,5319747,46168015.2,8302
20241119,2599,7.3,7.19,7.31,6.9,7.2,35431458,251263164.71,41300
20241119,2600,8.15,8.01,8.33,7.98,8.3,205877438,1682550958.36,119307
20241119,2601,18.63,18.8,19.16,18.69,19.0,16423895,310118903.49,23549
20241119,2602,4.2,4.25,4.28,4.02,4.16,199125372,831238068.61,39525
20241119,2603,17.12,17.12,17.32,16.89,17.26,12693874,217419226.61,26222
20241119,2605,31.18,31.16,32.2,29.75,31.36,27411018,844231612.76,62857
20241119,2606,9.55,9.59,9.79,9.54,9.77,7459981,71952516.41,14413
20241119,2607,3.14,3.05,3.21,2.98,3.17,525092899,1608283126.53,136874
20241119,2608,7.61,7.61,7.67,7.46,7.57,22334668,168792798.08,24524
20241119,2609,7.87,7.92,8.1,7.84,8.1,9660496,77036478.24,16617
20241119,2611,9.67,10.64,10.64,9.98,10.64,227684147,2378580578.78,107707
20241119,2612,17.01,17.0,17.37,16.73,17.23,6930156,117956992.96,13581
20241119,2613,3.96,3.96,4.04,3.94,4.04,12005145,47958209.5,14398
20241119,2614,6.33,6.35,6.51,6.31,6.47,10017435,64217940.05,9766
20241119,2615,7.92,7.94,8.02,7.84,8.01,13870159,110341470.59,11837
20241119,2616,4.43,4.44,4.52,4.4,4.52,6612307,29498742.61,7348
20241119,2617,6.58,6.61,6.89,6.6,6.88,65240811,439482881.32,44281
20241119,2620,3.53,3.51,3.57,3.42,3.57,11287684,39499355.57,11729
20241119,2622,2.89,2.89,3.09,2.89,3.0,57611906,171944915.88,20785
20241119,2623,17.03,17.1,17.73,17.03,17.73,2678500,46547262.0,5595
20241119,2624,11.36,11.44,12.05,11.34,11.95,78511439,923556517.64,85111
20241119,2625,37.86,37.7,39.25,37.37,38.91,95228463,3649402008.06,163844
20241119,2626,15.78,15.89,16.12,15.77,16.12,5238332,83530832.85,15065
20241119,2627,5.08,5.1,5.13,5.06,5.13,6077493,30982529.37,7924
20241119,2628,4.9,4.88,5.1,4.8,5.1,63143970,316400588.3,47753
20241119,2629,3.15,3.19,3.28,3.12,3.24,18803600,60116691.0,12125
20241119,2630,3.1,3.1,3.17,3.06,3.17,38809683,120732169.67,14212
20241119,2631,4.62,4.58,4.72,4.47,4.7,19466800,89489957.63,16166
20241119,2632,7.99,8.0,8.42,8.0,8.4,16089400,131461198.0,25415
20241119,2633,11.96,11.95,12.26,11.94,12.22,3407568,41159956.38,7268
20241119,2634,3.77,3.75,3.84,3.68,3.82,12174924,45797594.56,11421
20241119,2635,15.25,15.38,16.13,15.29,16.12,16705314,263071093.56,29468
20241119,2636,8.02,8.05,8.35,8.05,8.35,8453645,69204401.26,11212
20241119,2637,9.25,9.46,9.56,9.17,9.53,4389667,41028772.09,7317
20241119,2638,2.13,2.14,2.17,2.09,2.17,24022802,51005248.7,10180
20241119,2639,6.45,6.46,6.75,6.39,6.75,28391425,186709377.65,24966
20241119,2640,2.87,2.86,2.91,2.81,2.91,80035603,229312542.67,26097
20241119,2641,4.39,4.38,4.45,4.34,4.45,12008017,52781614.14,11194
20241119,2642,7.24,7.24,7.46,7.21,7.46,24052131,176486718.08,19724
20241119,2643,10.52,10.56,10.92,10.5,10.92,16866311,180700885.36,22415
20241119,2644,8.46,8.4,8.53,8.19,8.42,7508847,62665326.97,7405
20241119,2645,7.4,7.41,7.74,7.41,7.74,9413376,71196780.2,15841
20241119,2646,10.63,10.63,10.71,10.4,10.67,5872722,62160388.68,8833
20241119,2647,6.84,6.8,7.05,6.76,7.0,22853411,157866809.24,16807
20241119,2648,18.23,18.17,18.52,18.09,18.47,15744748,287853337.95,35922
20241119,2649,11.63,11.75,12.05,11.6,12.01,23666832,279808418.36,38519
20241119,2650,4.61,4.77,4.84,4.68,4.84,10611769,51215517.96,1769
20241119,2651,6.68,6.71,6.93,6.67,6.93,17677035,120246909.32,19918
20241119,2652,3.17,3.22,3.26,3.1,3.23,25887897,81663009.85,16499
20241119,2653,32.22,32.22,33.01,32.07,32.43,3685203,119990378.06,13826
20241119,2654,13.2,13.2,13.88,13.17,13.79,51657886,699866631.29,72047
20241119,2655,12.86,12.85,13.3,12.8,13.27,12443933,162311106.0,21114
20241119,2656,1.32,1.32,1.32,1.32,1.32,0,0.0,0
20241119,2657,28.09,25.28,27.2,25.28,25.28,89906102,2303211873.26,103866
20241119,2658,6.16,6.17,6.35,6.16,6.35,4746414,29670154.34,8396
20241119,2659,5.13,5.0,5.08,4.83,5.01,57959906,286461840.74,31378
20241119,2660,8.68,8.84,8.94,8.43,8.9,13014993,113099250.01,14636
20241119,2661,9.25,9.3,9.37,9.2,9.36,4394237,40750225.25,7585
20241119,2662,3.84,3.88,3.96,3.83,3.95,56353367,220278291.15,38321
20241119,2663,1.97,1.96,1.96,1.86,1.92,50209574,95455814.34,10624
20241119,2664,13.55,13.69,13.96,13.55,13.96,6641631,91218902.9,9398
20241119,2666,4.43,4.43,4.55,4.43,4.55,8261800,37074673.0,11059
20241119,2667,9.82,10.03,10.8,10.02,10.8,12003214,127732598.2,8554
20241119,2668,10.21,10.3,10.44,10.18,10.44,14499855,149736111.1,28441
20241119,2669,9.42,9.51,9.99,9.47,9.76,10049780,97393135.0,13849
20241119,2670,10.94,11.06,12.03,11.05,11.62,86151481,1003129585.46,77500
20241119,2671,4.52,4.52,4.58,4.47,4.58,13849194,62542884.5,11509
20241119,2672,4.75,4.75,4.87,4.69,4.87,7106300,34005277.0,10195
20241119,2673,8.79,8.81,9.01,8.77,8.97,96577127,858002798.26,56526
20241119,2674,9.78,9.78,10.06,9.77,10.06,3061303,30359299.7,3663
20241119,2675,13.2,13.23,13.37,13.02,13.3,7508800,99258759.0,11502
20241119,2676,5.8,5.8,6.1,5.78,6.09,29323237,174515912.53,23824
20241119,2677,7.32,7.32,7.47,7.31,7.47,4071580,30070034.4,6299
20241119,2678,4.68,4.68,4.7,4.55,4.7,6248517,28924100.89,8348
20241119,2679,8.59,8.68,8.72,8.47,8.7,3594770,30986493.35,5287
20241119,2681,5.14,5.14,5.56,5.1,5.56,140303178,751778227.45,80815
20241119,2682,4.43,4.49,4.52,4.32,4.52,33710300,148778531.0,17146
20241119,2683,28.89,28.58,29.58,27.68,28.5,10015565,284266305.46,27389
20241119,2685,6.41,6.4,7.05,6.4,6.89,122076421,837359384.58,110317
20241119,2686,5.87,5.88,6.02,5.82,6.02,10010133,59274624.34,13942
20241119,2687,4.68,4.64,4.66,4.52,4.62,13567888,62099672.12,7293
20241119,2688,4.26,4.26,4.44,4.25,4.44,14361970,62843977.8,9722
20241119,2689,3.44,3.41,3.67,3.4,3.62,42630073,151809730.98,18089
20241119,2690,15.22,15.23,15.33,14.96,15.33,7619876,115782790.91,20043
20241119,2691,5.64,5.63,5.74,5.52,5.74,7608556,42857486.08,5800
20241119,2692,4.15,4.15,4.22,4.11,4.21,9253064,38518840.6,9213
20241119,2693,22.53,23.3,24.78,23.13,24.78,21115427,515690815.88,22366
20241119,2694,5.45,5.65,5.73,5.33,5.56,16931239,93045043.69,23019
20241119,2695,7.7,7.75,7.82,7.65,7.81,4196106,32502984.13,7593
20241119,2696,5.0,5.04,5.12,4.98,5.12,5261580,26518866.3,7515
20241119,2697,5.38,5.32,5.78,5.32,5.65,82329695,460297570.32,52356
20241119,2698,13.96,13.97,14.85,13.97,14.81,28647830,415597250.4,36398
20241119,2700,10.25,10.27,10.34,10.03,10.18,4262330,43340229.6,2108
20241119,2701,5.35,5.35,5.44,5.3,5.43,35432268,190077711.16,26108
20241119,2702,4.03,4.02,4.06,3.93,4.05,21500050,86066043.5,12469
20241119,2703,12.71,12.8,13.26,12.71,13.18,22621498,295338584.23,31318
20241119,2705,14.54,14.57,14.87,14.55,14.85,6935211,102273186.12,13864
20241119,2706,6.87,6.89,7.06,6.86,7.06,20362787,141965536.24,23331
20241119,2707,7.07,7.11,7.19,7.03,7.19,22545866,160103893.18,22288
20241119,2708,9.16,9.26,9.3,8.98,9.28,27271393,250316736.74,32929
20241119,2709,21.16,21.32,23.19,20.89,22.9,75251166,1656333511.04,118645
20241119,2712,5.98,5.42,5.68,5.38,5.57,71272096,389727203.27,38635
20241119,2713,4.43,4.43,4.43,4.08,4.23,32179707,134855748.01,22123
20241119,2714,41.95,42.02,42.47,41.25,42.01,25327783,1058506301.76,59651
20241119,2715,15.68,15.71,16.0,15.07,15.86,4790741,74242206.63,9937
20241119,2716,3.38,3.44,3.48,3.39,3.47,68038805,233629725.25,30843
20241119,2717,3.51,3.45,3.78,3.16,3.41,537348454,1842169021.97,219533
20241119,2718,12.12,12.09,12.48,12.03,12.48,1508718,18461078.88,2909
20241119,2719,7.81,7.92,7.98,7.71,7.95,7752166,60895784.16,12226
20241119,2721,2.71,2.73,2.76,2.65,2.72,19757000,53269940.0,3199
20241119,2722,15.23,14.83,15.09,14.27,14.98,9756200,143562762.49,12108
20241119,2723,6.15,6.15,6.5,6.12,6.45,17833120,112133205.8,16202
20241119,2724,5.35,5.38,5.58,5.34,5.57,6553260,35844093.6,11235
20241119,2725,11.62,11.59,12.07,11.57,12.07,13251874,156572666.04,22287
20241119,2726,6.73,6.75,6.81,6.64,6.78,14176430,95333881.0,12065
20241119,2727,14.17,14.11,14.3,13.9,14.29,11361108,160253829.4,15158
20241119,2728,8.59,8.68,8.92,8.58,8.79,15191718,132583807.98,16291
20241119,2729,12.14,12.2,12.95,12.1,12.6,8940240,111627986.8,15057
20241119,2730,7.52,7.59,7.83,7.53,7.83,4071960,31258189.8,6956
20241119,2731,8.36,8.38,8.6,8.34,8.59,4787160,40491401.9,7488
20241119,2732,15.71,15.71,15.9,15.52,15.88,1162277,18332987.75,2987
20241119,2733,12.58,12.61,12.96,12.52,12.96,5103436,64946622.54,11747
20241119,2734,7.3,7.3,7.47,7.26,7.46,5249467,38593547.77,8891
20241119,2735,9.74,9.8,10.04,9.73,9.98,17440272,172487678.4,18379
20241119,2736,11.79,11.78,11.9,11.66,11.89,22493924,265400383.04,31821
20241119,2737,20.44,20.45,20.59,20.22,20.57,7951310,162377862.4,13456
20241119,2738,35.93,36.47,39.52,36.4,39.52,42056876,1608533102.29,79561
20241119,2739,11.7,11.75,12.13,11.67,12.08,28110777,334922991.99,33906
20241119,2741,15.0,14.5,14.59,13.74,14.57,34162173,484055668.38,35394
20241119,2742,4.73,4.97,4.97,4.52,4.61,28401076,136079765.46,7969
20241119,2743,5.63,5.63,5.68,5.49,5.68,14609301,81670594.56,14479
20241119,2745,8.27,8.27,8.48,8.23,8.46,19842326,165913786.54,28778
20241119,2746,6.07,6.09,6.17,6.06,6.17,8291500,50711469.22,11178
20241119,2747,16.28,16.28,17.5,16.28,17.45,45615245,775068949.83,68711
20241119,2748,6.49,6.51,6.6,6.45,6.59,3019700,19688516.0,987
20241119,2749,13.71,13.71,13.97,13.58,13.84,4569673,62759866.17,6914
20241119,2752,5.38,5.38,5.56,5.36,5.56,14847465,80828329.1,17338
20241119,2753,6.42,6.4,6.54,6.39,6.54,4769122,30856061.02,6932
20241119,2755,12.65,12.66,13.33,12.66,12.98,10174724,132011306.88,17515
20241119,2756,42.54,43.0,46.79,42.72,46.79,16629306,745776449.94,44157
20241119,2757,18.13,18.0,19.89,17.01,18.59,103438594,1881949297.68,90387
20241119,2758,8.71,8.72,8.85,8.63,8.83,3873847,33877190.68,7606
20241119,2759,8.41,8.41,9.25,8.41,9.25,14363912,129472060.25,10059
20241119,2760,19.33,19.37,20.09,19.3,20.09,2009165,39626923.44,4099
20241119,2761,9.48,9.48,9.48,9.48,9.48,0,0.0,0
20241119,2762,6.92,6.82,6.9,6.53,6.77,13656155,91131451.61,11844
20241119,2763,6.83,6.82,6.83,6.68,6.81,4518744,30547232.64,4166
20241119,2765,8.5,8.48,9.02,8.11,9.0,134145324,1165554032.52,74893
20241119,2766,5.55,5.62,5.82,5.59,5.82,23643946,134466510.98,23355
20241119,2767,13.49,13.49,14.08,13.31,13.9,4802383,65830439.43,10280
20241119,2768,22.06,22.13,22.65,22.06,22.62,2200600,49102873.71,7133
20241119,2769,6.53,6.53,7.05,6.49,7.0,17080231,115799244.36,17069
20241119,2771,18.04,18.2,19.04,17.94,18.88,10956089,202963181.43,20900
20241119,2772,7.1,7.11,7.12,6.94,7.09,10669886,75160740.81,11121
20241119,2773,19.22,19.22,19.49,18.95,19.38,7313576,140640788.42,15344
20241119,2774,7.06,7.04,7.31,7.04,7.31,6245929,45011929.8,11297
20241119,2775,3.12,3.09,3.2,3.07,3.18,9463999,29820792.24,6519
20241119,2777,19.23,19.26,19.96,19.05,19.95,13063362,254777865.73,27227
20241119,2778,17.32,17.4,18.07,16.99,17.86,5115280,89498291.22,8962
20241119,2779,49.0,49.09,51.58,47.82,50.53,5046400,253281765.0,14163
20241119,2780,12.15,12.08,12.62,11.91,12.56,6043817,73998292.52,8651
20241119,2782,12.23,12.36,12.88,12.31,12.85,10478021,132073776.97,23496
20241119,2783,8.38,8.46,8.61,8.36,8.6,11052232,93809937.58,16475
20241119,2785,34.3,34.4,35.58,32.87,35.0,11138601,382412992.02,21083
20241119,2786,10.81,10.81,11.17,10.73,11.15,25653859,280452339.59,28400
20241119,2787,10.77,10.99,11.17,10.53,11.13,13237466,144358142.65,18289
20241119,2788,8.66,8.63,8.72,8.5,8.67,5533638,47684706.79,7367
20241119,2789,11.27,11.27,11.44,11.09,11.4,2057218,23175367.26,3631
20241119,2790,7.68,7.68,7.86,7.63,7.86,3556309,27574028.93,5696
20241119,2791,28.11,28.11,28.39,27.71,28.39,3885060,109061983.15,12014
20241119,2792,14.92,14.94,15.24,14.6,15.23,21576556,323013725.62,32623
20241119,2793,4.14,4.16,4.27,4.15,4.27,12870710,54104925.1,13586
20241119,2795,4.39,4.4,4.47,4.28,4.47,17883866,78162868.76,15006
20241119,2796,11.15,11.15,11.69,11.08,11.54,10968529,124887906.21,11651
20241119,2797,8.3,8.38,8.53,8.23,8.48,237988713,1993702089.0,147473
20241119,2798,4.07,4.12,4.13,3.96,4.12,10219800,41377571.0,8930
20241119,2799,7.72,7.75,7.96,7.66,7.96,7081708,55276285.52,8574
20241119,2800,11.7,11.76,11.99,11.6,11.98,3861036,45767780.8,7031
20241119,2801,22.05,22.35,23.15,22.17,23.15,2121280,48363021.05,5041
20241119,2802,11.8,11.74,11.97,11.42,11.9,7467083,87634545.73,14386
20241119,2803,13.99,14.04,15.27,14.04,15.2,28598080,425903660.48,41765
20241119,2805,14.43,14.39,14.6,13.65,14.58,16585600,234901629.14,22001
20241119,2806,12.58,12.3,13.21,12.3,13.21,16645153,213884983.96,28060
20241119,2807,4.22,4.25,4.39,4.18,4.28,90519662,387966668.46,39174
20241119,2808,3.63,3.45,3.45,3.45,3.45,659800,2276310.0,245
20241119,2809,8.2,8.2,8.32,8.04,8.32,3655275,29919148.75,4810
20241119,2810,13.69,13.8,14.3,13.66,14.13,6769259,94616043.56,16290
20241119,2811,8.43,8.39,8.56,8.33,8.56,3971450,33569795.85,6284
20241119,2812,37.38,37.41,39.89,36.35,39.85,25817749,979460058.35,59091
20241119,2813,26.09,26.01,26.96,26.01,26.96,2693230,71472833.03,7297
20241119,2815,9.31,9.43,10.24,9.41,10.24,17521729,177255887.96,11839
20241119,2816,20.27,20.27,20.92,19.3,20.81,4910158,98875434.54,9256
20241119,2817,6.24,6.28,6.35,6.21,6.35,5965218,37428565.92,4706
20241119,2818,13.15,13.12,13.29,13.05,13.29,2473096,32600172.62,7619
20241119,2819,28.34,28.63,29.55,28.13,29.52,8685479,250732895.41,22019
20241119,2820,8.54,8.46,8.61,8.36,8.56,5233460,44351088.2,6071
20241119,2821,82.89,83.0,85.93,82.89,85.66,4355798,369337224.77,17509
20241119,2822,3.53,3.4,3.53,3.35,3.35,26217000,89362913.0,4981
20241119,2823,14.48,14.51,15.29,14.51,15.29,13891703,206985794.09,20236
20241119,2824,20.4,22.44,22.44,22.44,22.44,5965690,133870083.6,4131
20241119,2825,7.58,7.59,7.82,7.56,7.82,5105444,39194966.08,9172
20241119,2826,10.45,10.45,10.7,10.31,10.62,4948005,51767101.05,7827
20241119,2827,28.7,28.4,29.58,28.07,29.03,9819986,282016448.6,21409
20241119,2828,10.19,10.03,10.04,9.5,9.93,24981733,245188526.02,18742
20241119,2829,18.81,19.2,20.69,19.12,20.69,9882084,202159689.04,10932
20241119,2830,12.8,12.8,12.98,12.5,12.98,1968876,25229198.1,4540
20241119,2831,25.69,25.69,26.39,25.61,26.31,3943808,103295335.42,16990
20241119,2832,19.61,19.59,19.85,19.46,19.69,8852032,173603903.09,14981
20241119,2833,17.82,17.64,19.53,17.61,19.47,14262145,265098015.55,19944
20241119,2835,16.7,16.79,17.48,16.71,17.45,5920373,101271013.27,16445
20241119,2836,7.68,7.63,7.9,7.61,7.86,3168016,24514296.28,5829
20241119,2837,32.69,32.5,33.65,32.22,33.52,19341665,637996266.08,41934
20241119,2838,13.07,12.88,13.38,12.64,13.07,9538539,123363616.97,11514
20241119,2839,4.49,4.47,4.63,4.44,4.55,82933295,376323203.88,34481
20241119,2840,11.63,11.55,11.88,11.45,11.87,18618664,216243878.89,17901
20241119,2841,37.71,37.71,38.37,36.9,38.19,6895698,260108633.86,21995
20241119,2842,6.16,6.19,6.55,6.16,6.54,9997568,63410051.24,10646
20241119,2843,17.0,17.14,17.78,16.81,17.7,9979539,172358068.44,14286
20241119,2845,15.43,15.65,16.38,15.62,16.12,18759651,299587087.02,31775
20241119,2846,8.47,8.63,9.29,8.47,8.74,30661045,269411004.52,23504
20241119,2847,53.93,54.27,54.6,53.1,54.2,1298860,70107425.1,6576
20241119,2848,8.88,9.06,9.19,8.87,9.18,8817050,79734726.0,12119
20241119,2849,19.02,18.63,18.98,17.92,18.5,20490220,377477896.3,38609
20241119,2850,107.94,107.84,110.77,104.88,109.0,2514083,270879171.16,12559
20241119,2851,42.1,42.19,44.15,41.84,43.89,31467706,1353543456.27,56103
20241119,2852,7.91,7.92,8.03,7.86,8.03,3954600,31459107.0,8375
20241119,2853,9.55,9.6,9.77,9.46,9.67,5133580,49417636.0,6973
20241119,2855,26.22,26.35,28.73,25.84,28.25,24648666,679290704.56,47156
20241119,2856,9.64,9.65,9.85,9.5,9.85,3683526,35607904.78,7344
20241119,2857,12.25,12.23,12.73,12.11,12.7,7263220,90417877.4,10394
20241119,2858,11.74,11.8,12.05,11.6,12.04,8626437,102530103.34,14151
20241119,2859,20.6,20.86,22.28,20.66,22.0,9647825,210072093.4,25141
20241119,2860,8.92,8.94,9.29,8.94,9.29,4089477,37290354.83,7200
20241119,2861,12.47,12.39,13.25,12.26,13.06,16320051,208608993.38,25928
20241119,2862,20.69,20.7,22.7,20.44,22.39,14058893,301370653.97,35891
20241119,2863,4.43,4.45,4.56,4.43,4.55,13447951,60571315.79,11643
20241119,2864,27.18,27.21,27.68,27.07,27.68,1774200,48638377.0,5828
20241119,2865,60.5,60.5,65.04,60.1,64.43,16918002,1064845771.32,60176
20241119,2866,20.49,18.44,20.0,18.44,19.81,45505581,868585796.25,62422
20241119,2867,12.27,12.22,12.6,12.22,12.57,15005912,187035197.17,23710
20241119,2868,16.0,15.54,16.26,14.83,16.22,4688105,73415941.0,10077
20241119,2869,28.32,28.77,29.5,28.31,29.5,7425900,214809531.0,18696
20241119,2870,31.64,31.92,32.76,31.91,32.7,1708700,55222973.0,5647
20241119,2871,9.41,9.14,9.66,9.14,9.65,2835439,27003019.83,6838
20241119,2872,4.56,4.56,4.65,4.44,4.57,3899800,17740477.0,1074
20241119,2873,9.88,9.88,10.01,9.79,10.01,4756277,47100178.53,6752
20241119,2875,13.55,13.19,13.59,12.88,13.55,24948770,327845632.94,31054
20241119,2876,28.08,28.41,29.55,28.2,29.38,5991782,173244681.45,12398
20241119,2877,7.45,7.48,7.72,7.46,7.72,7051456,53591865.74,6919
20241119,2878,11.98,11.88,13.18,11.71,12.95,31481694,400357207.78,29923
20241119,2879,13.82,13.79,14.15,13.79,14.15,1793614,25095532.19,4125
20241119,2880,28.44,28.35,29.05,28.32,28.9,1192427,34292284.33,3354
20241119,2881,24.3,24.39,25.07,24.36,25.05,3367202,83115431.34,11089
20241119,2882,17.87,17.02,17.83,16.2,17.83,24633304,422426864.84,36597
20241119,2883,10.9,10.98,11.09,10.43,10.82,13115208,140827936.16,12606
20241119,2884,18.16,18.23,18.42,18.13,18.42,1681532,30776106.85,4812
20241119,2885,13.11,13.15,13.48,13.03,13.45,7303681,97196508.67,10307
20241119,2886,15.07,15.25,15.7,15.1,15.7,7483130,115091133.6,19221
20241119,2887,7.17,7.1,7.27,7.04,7.27,5842515,41727608.0,6037
20241119,2888,18.2,18.02,18.85,17.88,18.85,5365370,99024446.6,10844
20241119,2889,21.73,21.6,23.56,21.33,23.35,21206826,478072815.23,34964
20241119,2890,10.71,10.64,10.99,10.64,10.99,1268041,13744926.17,3174
20241119,2891,32.89,32.95,33.58,32.19,33.22,5535520,181589775.91,18141
20241119,2892,14.31,14.34,15.24,14.34,15.21,61572576,916994598.02,83287
20241119,2893,11.87,11.65,12.08,11.48,11.94,17542872,207863279.4,15884
20241119,2895,20.1,20.11,20.62,20.09,20.6,4609032,93836521.0,13724
20241119,2896,29.96,30.09,31.86,30.09,31.86,8463884,264401214.22,22428
20241119,2897,40.48,40.81,42.25,40.75,41.97,9064983,375976749.49,23377
20241119,2898,10.75,10.75,10.96,10.65,10.95,3259259,35326021.64,5296
20241119,2899,19.89,19.85,20.49,19.53,20.13,4472791,89252638.15,11327
20241119,2900,10.28,10.32,10.43,10.18,10.43,4524650,46704872.0,7746
20241119,2901,32.63,32.79,33.55,32.75,33.53,1002342,33244840.78,4950
20241119,2902,22.39,22.3,23.7,22.3,23.45,17440507,404051367.04,31611
20241119,2903,16.83,17.04,17.65,16.92,17.65,5087733,88026510.91,12895
20241119,2905,6.95,6.93,7.65,6.87,7.65,19095326,144201813.9,6616
20241119,2906,31.07,31.57,32.49,31.39,32.43,6261842,200727252.71,17901
20241119,2907,13.34,13.36,13.65,13.33,13.65,2661755,35970307.85,7256
20241119,2908,9.06,9.1,9.19,8.86,9.18,12208899,110349383.76,14279
20241119,2909,5.29,5.28,5.39,5.21,5.37,11590981,61428672.77,14147
20241119,2910,7.89,7.87,7.98,7.73,7.9,3233183,25466925.52,5428
20241119,2911,11.62,11.6,11.96,11.53,11.95,10363449,122232196.45,17074
20241119,2912,28.33,28.06,28.06,25.79,27.36,15383729,405536616.08,42307
20241119,2913,24.42,24.51,25.17,24.43,25.14,3304500,81964371.0,10670
20241119,2915,10.88,10.86,11.4,10.86,11.39,12044399,134242417.76,21234
20241119,2916,102.53,102.53,104.78,101.28,104.33,5643668,580164697.32,22938
20241119,2917,8.85,8.9,9.14,8.87,9.14,6185391,55631435.91,11334
20241119,2918,8.5,8.5,8.63,8.34,8.59,7468154,63127578.08,9734
20241119,2919,14.32,14.36,14.74,14.14,14.74,6788236,97706494.64,11215
20241119,2920,126.5,127.13,134.22,127.13,132.0,7266708,958465938.88,29470
20241119,2921,11.44,11.57,11.83,11.38,11.83,2763077,32086444.88,4818
20241119,2922,16.95,16.95,17.21,16.67,17.21,15664412,265577706.29,20028
20241119,2923,9.61,9.68,9.88,9.61,9.88,1634031,15951993.58,4173
20241119,2925,13.52,13.58,14.15,13.56,14.01,9326650,129193233.9,17512
20241119,2926,8.4,8.43,8.53,8.35,8.5,22207061,187492919.89,25317
20241119,2927,12.06,12.18,12.63,12.08,12.62,8065456,99882195.3,15475
20241119,2928,8.48,8.4,8.65,8.24,8.45,17605679,148138071.31,27659
20241119,2929,29.15,29.02,29.94,29.02,29.89,5385155,158954428.95,14278
20241119,2930,12.02,11.97,12.16,11.75,12.16,7723781,92572810.54,9524
20241119,2931,12.34,12.5,12.8,12.1,12.78,6010101,75115327.53,12020
20241119,2932,18.97,18.99,19.8,18.88,19.56,6902142,134296470.9,11641
20241119,2933,28.95,29.08,29.89,29.0,29.89,2555286,75187130.45,5804
20241119,2935,15.71,15.61,15.86,15.4,15.82,6927464,108356766.12,10790
20241119,2936,2.26,2.19,2.3,2.19,2.27,500543442,1123616676.54,80113
20241119,2937,17.29,17.31,17.98,17.31,17.82,5936727,104901998.65,10808
20241119,2938,32.77,32.96,33.19,31.99,32.84,15425668,501966500.38,45083
20241119,2939,8.54,8.57,8.64,8.45,8.62,31816179,272292129.4,25223
20241119,2940,13.77,13.7,14.05,13.69,14.03,3857200,53519165.4,5598
20241119,2941,12.38,12.35,12.68,12.15,12.41,18206722,225034964.29,20368
20241119,2942,13.94,14.04,14.5,13.9,14.5,1337231,18878413.31,2945
20241119,2943,20.05,20.05,20.66,19.94,20.62,2726058,55355799.2,5508
20241119,2945,14.33,14.34,15.05,14.34,15.05,41654702,616855490.09,55274
20241119,2946,12.16,12.2,12.47,12.17,12.47,3825560,47217826.4,11956
20241119,2947,32.66,33.0,34.39,33.0,34.37,5930491,200515985.93,15471
20241119,2948,3.81,3.79,3.88,3.75,3.81,66538724,253842469.94,36111
20241119,2949,14.7,14.7,14.92,14.48,14.87,3962209,58265909.88,7326
20241119,2950,8.28,8.29,8.58,8.29,8.58,5636750,47567693.5,9834
20241119,2951,7.13,7.1,7.1,6.77,6.9,1329439,9118845.25,864
20241119,2952,24.74,24.76,25.8,24.76,25.78,4278511,108406987.41,11258
20241119,2953,8.3,8.35,8.7,8.33,8.61,6708177,57039942.03,7851
20241119,2955,25.15,25.2,26.75,25.2,26.73,12400758,324463341.13,22585
20241119,2956,12.9,12.93,13.07,12.8,13.06,1838987,23835437.58,5095
20241119,2957,16.19,16.29,17.15,16.21,17.09,19940912,335859503.8,32678
20241119,2958,3.31,3.26,3.36,3.15,3.22,346328267,1123614521.8,93813
20241119,2959,43.5,43.55,44.68,43.55,44.68,1698176,75123307.66,7111
20241119,2960,10.96,10.99,11.31,10.96,11.3,6811272,76004202.31,13390
20241119,2961,14.99,15.13,15.5,15.02,15.42,4578606,69922042.18,12213
20241119,2962,15.09,15.24,16.6,15.11,16.6,15732135,251691564.47,20586
20241119,2963,11.65,11.8,12.07,11.61,12.07,3159097,37699124.42,5170
20241119,2965,29.55,29.62,31.37,29.55,31.33,8872623,273722150.64,18012
20241119,2966,7.7,7.71,7.83,7.56,7.79,58050211,449066800.18,32548
20241119,2967,16.88,17.1,17.27,16.82,17.26,6563285,112006704.9,18609
20241119,2968,9.55,9.59,9.67,9.41,9.66,5372000,51095731.52,8143
20241119,2969,3.23,3.23,3.26,3.16,3.25,17523100,56368858.49,9732
20241119,2970,44.1,44.5,45.78,44.1,45.69,3272605,146800040.0,15368
20241119,2971,21.08,21.09,21.74,20.96,21.68,2782080,59432717.63,6743
20241119,2972,10.12,10.13,10.35,10.07,10.34,2703296,27621467.6,7314
20241119,2973,9.91,9.91,10.18,9.75,10.16,4011200,39948356.0,6261
20241119,2975,33.5,32.4,34.5,31.53,33.95,10395369,342527357.48,22037
20241119,2976,27.15,27.7,28.38,25.95,26.68,16563589,448268856.46,28134
20241119,2977,29.0,29.0,30.8,29.0,30.26,3004348,90099171.44,8535
20241119,2978,29.53,29.59,30.12,29.36,30.09,1502116,44720304.92,5296
20241119,2979,26.7,26.8,28.56,26.8,28.45,17236069,480284708.64,35635
20241119,2980,26.85,27.24,27.88,26.91,27.88,1080319,29642848.42,4737
20241119,2981,23.52,23.4,25.87,23.4,25.87,6324132,160469873.68,8082
20241119,2982,18.29,18.38,18.68,18.16,18.65,2727317,50377524.73,7036
20241119,2983,19.71,19.97,20.53,19.83,20.53,3352119,67555161.4,8994
20241119,2984,25.16,25.17,25.62,25.17,25.58,10020167,255287182.36,22037
20241119,2985,23.85,24.03,24.36,23.63,24.23,2976179,71475135.08,7619
20241119,2986,11.41,11.46,11.85,11.46,11.84,3002905,34892464.53,4602
20241119,2987,14.42,14.45,14.93,14.33,14.91,12961235,190393309.03,28235
20241119,2988,19.35,19.26,19.82,19.07,19.65,4350526,84656891.22,10965
20241119,2989,22.35,22.33,22.6,21.92,22.6,2712217,60513818.99,4318
20241119,2990,22.51,22.66,23.27,22.48,23.25,2696292,61754481.2,8630
20241119,2991,72.04,71.73,73.14,71.64,72.95,750204,54339982.52,4603
20241119,2992,65.24,66.0,68.8,64.65,67.8,3415138,228248108.75,10048
20241119,2993,32.62,32.37,35.88,32.1,35.88,20009660,701992716.59,32765
20241119,2995,21.56,19.69,20.97,19.4,20.47,21607389,433552350.36,41693
20241119,2996,6.49,6.55,6.72,6.5,6.72,9667316,63987263.34,16217
20241119,2997,32.02,31.99,33.67,31.97,33.67,7620975,252243854.24,15993
20241119,2998,6.19,6.19,6.53,6.19,6.47,7842338,49985883.36,6963
20241119,2999,6.31,6.31,6.31,6.15,6.29,11865845,74072384.45,6701
20241119,3000,12.11,12.12,12.35,12.12,12.35,5135306,62882389.62,9510
20241119,3001,35.33,35.25,37.99,34.81,37.99,4871448,178515051.59,11707
20241119,3002,21.0,21.05,21.65,20.48,21.19,3586200,75588409.0,10383
20241119,3003,9.34,9.35,9.56,9.33,9.53,2371433,22384968.13,3981
20241119,3004,23.56,23.57,24.7,23.5,24.55,1860616,44814022.28,6484
20241119,3005,26.17,26.39,26.68,25.88,26.68,3224202,84734304.5,11407
20241119,3006,26.68,26.58,27.88,26.4,27.69,4581366,124719336.83,14234
20241119,3007,28.03,28.11,28.6,27.62,28.47,2310183,64913934.7,7164
20241119,3008,18.05,18.15,18.44,18.03,18.44,1181694,21533335.88,3133
20241119,3009,42.13,42.17,43.14,41.9,42.77,1877051,79784019.89,7094
20241119,3010,22.21,21.0,22.19,19.99,21.4,16451152,346384557.83,27177
20241119,3011,16.22,16.3,16.45,15.81,16.41,2615142,42194244.56,6532
20241119,3012,6.21,6.27,6.27,6.09,6.25,14207801,87749038.18,11748
20241119,3013,15.16,15.24,15.63,15.06,15.37,2430071,37071697.33,8133
20241119,3015,13.85,13.81,14.73,13.81,14.72,16430304,235896361.54,23580
20241119,3016,7.67,7.67,7.89,7.53,7.89,5887100,45447982.98,6017
20241119,3017,18.75,18.73,19.3,18.61,19.21,1286460,24352573.4,3617
20241119,3018,8.77,8.8,9.19,8.79,9.12,5431208,49115948.64,7356
20241119,3019,23.22,23.23,25.48,23.23,25.3,10320246,253006828.23,19660
20241119,3020,18.83,18.83,20.04,18.83,19.99,3287003,64202611.55,7572
20241119,3021,57.95,56.96,63.75,56.93,63.75,18218185,1125519057.36,48295
20241119,3022,15.83,15.83,16.4,15.77,16.37,6943411,111877358.8,16008
20241119,3023,22.21,21.42,22.15,20.45,20.85,13084712,275600559.28,19543
20241119,3025,14.07,14.17,15.23,14.13,15.17,9570070,140810530.58,18350
20241119,3026,35.46,35.45,38.89,35.45,38.88,5405200,199310361.5,17238
20241119,3027,13.95,14.1,15.35,13.89,15.35,10938259,165506976.65,9090
20241119,3028,32.35,32.46,34.29,32.46,34.28,2161387,72311329.49,6809
20241119,3029,23.02,23.52,23.69,22.5,23.64,7875674,182127543.3,23437
20241119,3030,16.1,15.82,15.82,14.65,15.24,6982566,106187132.38,8643
20241119,3031,54.45,54.51,54.95,51.79,54.02,4531613,241556744.78,13500
20241119,3032,9.76,9.65,10.23,9.44,10.2,28825055,285857765.27,34503
20241119,3033,26.45,26.64,27.1,26.3,27.1,1127646,30014392.6,4170
20241119,3035,4.63,4.64,4.67,4.56,4.67,13120663,60696756.44,11596
20241119,3036,8.82,8.92,9.36,8.78,9.3,3632409,32947866.09,4018
20241119,3037,6.08,6.15,6.18,6.01,6.18,6211200,37796546.0,8824
20241119,3038,19.29,19.19,20.53,18.89,20.48,7590766,149581667.45,15309
20241119,3039,14.05,14.1,14.3,13.93,14.29,5154400,72771227.0,9026
20241119,3040,11.93,11.98,12.28,11.87,12.2,6557274,79174053.46,16066
20241119,3041,12.51,12.56,12.9,12.38,12.89,4204212,53309078.28,4543
20241119,3042,14.34,14.28,14.58,14.17,14.58,2913696,41931345.76,6128
20241119,3043,47.9,48.18,49.0,47.7,48.99,1094814,53023228.58,3654
20241119,3816,4.15,4.14,4.16,4.05,4.1,201914786,825612760.96,71791
20241119,300001,22.44,22.53,23.29,22.53,23.28,18188141,418106925.41,38364
20241119,300002,12.46,12.46,12.95,12.26,12.92,75399274,951172036.88,75152
20241119,300003,12.06,12.13,12.4,12.01,12.38,22523704,275061194.2,28161
20241119,300004,6.5,6.5,6.95,6.45,6.95,21472375,144014266.15,22840
20241119,300005,7.62,7.57,7.92,7.53,7.92,23911518,184811290.75,20216
20241119,300006,4.55,4.48,4.75,4.48,4.75,28349309,130501974.5,17119
20241119,300007,16.98,17.06,18.0,17.06,17.97,17802400,311566044.0,30976
20241119,300008,5.03,5.04,5.14,4.94,5.13,69936270,352711817.64,25007
20241119,300009,9.12,9.18,9.25,9.07,9.23,18866411,173039812.15,18312
20241119,300010,10.51,9.73,10.45,9.01,10.15,403780909,3868981537.67,209439
20241119,300011,7.7,7.7,7.91,7.65,7.91,12702153,98573980.14,11137
20241119,300012,13.6,13.6,13.87,13.5,13.85,22144365,304185981.32,38617
20241119,300013,3.57,3.5,3.71,3.45,3.57,26384841,94539056.08,3495
20241119,300014,47.98,48.48,51.61,47.68,50.99,54342427,2690747661.27,106815
20241119,300015,14.89,14.99,15.28,14.58,15.26,117461733,1756664077.81,103810
20241119,300016,6.53,6.58,6.74,6.56,6.74,10005595,66480217.42,10815
20241119,300017,8.98,8.98,9.18,8.86,9.17,74386541,671042051.2,57072
20241119,300018,6.51,6.48,6.75,6.46,6.74,29145704,192191611.39,25583
20241119,300019,17.9,17.0,21.2,16.64,19.67,85457650,1552704579.25,80089
20241119,300020,2.5,2.5,2.53,2.39,2.51,46429770,114824014.24,6605
20241119,300021,4.12,4.16,4.22,4.09,4.21,13612853,56465269.04,11736
20241119,300022,4.52,4.52,4.61,4.46,4.59,11926200,54097519.0,7227
20241119,300024,17.22,17.18,19.99,17.18,19.75,231076002,4266886363.62,245372
20241119,300025,9.38,9.47,9.97,9.38,9.95,22829357,223805513.57,22895
20241119,300026,4.0,4.0,4.07,3.98,4.07,47345406,190431971.18,25167
20241119,300027,2.85,2.81,2.9,2.79,2.9,109295220,311177760.4,35309
20241119,300029,5.64,5.58,5.92,5.53,5.81,4574300,25916746.0,1784
20241119,300030,6.19,6.28,6.4,6.16,6.39,8385816,52642283.21,9043
20241119,300031,18.42,18.59,19.09,18.32,19.06,18039329,337675944.26,31564
20241119,300032,5.03,5.15,5.6,5.08,5.5,60723000,324683601.23,35934
20241119,300033,266.28,266.88,290.0,263.12,289.0,27034372,7468558235.88,117781
20241119,300034,16.93,16.99,17.19,16.56,17.16,19437116,326837610.69,31902
20241119,300035,15.59,15.47,16.13,15.22,16.08,37141991,581443325.7,62077
20241119,300036,17.78,18.0,18.36,17.67,18.36,13675018,247042456.38,18580
20241119,300037,40.29,40.29,42.53,40.29,42.25,9061214,376028898.46,34031
20241119,300039,6.44,6.48,6.6,6.44,6.6,17086181,111513486.0,16917
20241119,300040,6.35,6.46,6.54,6.32,6.54,18027168,115893724.35,9284
20241119,300041,8.58,8.53,8.84,8.52,8.83,14909564,129625609.82,10079
20241119,300042,23.76,22.51,22.93,20.62,22.46,18395706,400176266.85,23607
20241119,300043,3.12,3.12,3.18,3.06,3.18,36367784,113245737.37,20667
20241119,300044,6.91,7.1,7.48,7.02,7.47,94565539,688860544.81,54131
20241119,300045,24.86,24.79,25.5,24.58,25.5,27535126,690564067.45,42264
20241119,300046,37.75,38.5,42.0,38.15,41.96,35036292,1391890146.67,78036
20241119,300047,14.03,14.07,14.76,13.7,14.67,66038804,941280059.12,59211
20241119,300048,5.04,5.08,5.18,5.05,5.18,13704500,70003452.34,13622
20241119,300049,35.53,35.34,35.95,34.95,35.91,7206000,255875770.4,15640
20241119,300050,6.47,6.5,6.64,6.27,6.62,58270808,375581387.12,33137
20241119,300051,8.35,8.35,8.7,8.26,8.7,7758011,65939186.34,12706
20241119,300052,18.44,18.65,19.26,18.27,19.26,15846685,298541732.95,26497
20241119,300053,14.97,15.2,15.59,14.83,15.58,37216187,567650218.58,39666
20241119,300054,26.39,26.51,27.83,26.51,27.57,19862766,542117777.55,42822
20241119,300055,5.4,5.44,5.64,5.28,5.64,20161402,110232232.16,14932
20241119,300056,13.39,13.45,13.96,13.28,13.94,18379427,249816218.19,20437
20241119,300057,5.55,5.54,5.75,5.54,5.73,23636765,133383991.41,11653
20241119,300058,9.26,8.82,9.04,8.48,8.98,329379118,2884466519.99,176043
20241119,300059,25.83,25.93,27.12,25.65,26.97,1004814255,26410930250.86,828634
20241119,300061,14.51,14.44,14.95,14.14,14.85,43703321,633732931.53,46607
20241119,300062,5.77,5.75,6.04,5.66,6.01,29969373,175742593.67,18457
20241119,300063,9.29,9.09,9.7,9.01,9.68,89505824,831971006.9,62881
20241119,300065,8.91,8.92,9.1,8.77,9.09,18539591,165741956.1,21469
20241119,300066,4.21,4.23,4.36,4.2,4.34,25134338,107738043.76,8418
20241119,300067,5.3,5.3,5.46,5.22,5.45,48327218,257764345.92,21124
20241119,300068,17.79,17.71,18.48,17.61,18.47,71291827,1284623729.55,75479
20241119,300069,14.8,14.8,15.26,14.7,15.23,2134300,31884751.0,5203
20241119,300070,6.18,5.99,6.13,5.68,6.01,179844554,1056802867.45,83352
20241119,300071,4.91,4.51,5.28,4.51,5.1,201312083,988385291.14,80663
20241119,300072,4.1,3.96,4.04,3.74,3.94,87883772,341594578.76,26206
20241119,300073,47.33,46.52,49.81,45.43,49.48,36914234,1752736316.18,76187
20241119,300074,4.25,4.26,4.66,4.22,4.49,35768438,158033186.44,27743
20241119,300075,17.33,17.36,17.98,17.2,17.93,20295910,356919047.63,24793
20241119,300076,5.25,5.26,6.04,5.18,5.93,42888800,241870521.0,20000
20241119,300077,27.34,27.33,29.38,27.3,29.04,88202315,2492416102.25,139133
20241119,300078,3.3,3.34,3.42,3.26,3.42,50336351,167971273.88,28343
20241119,300079,5.54,5.56,5.77,5.47,5.77,67652100,381097136.0,50158
20241119,300080,4.82,4.8,4.9,4.66,4.89,31603800,151029578.34,18063
20241119,300081,6.5,6.66,7.19,6.38,7.19,70651867,484228974.6,34961
20241119,300082,6.35,6.35,6.74,6.27,6.68,9031716,58620978.01,11324
20241119,300083,7.16,7.16,7.47,7.15,7.46,45511261,333852589.44,33108
20241119,300084,6.14,6.13,6.24,6.05,6.23,8791305,54002077.45,6332
20241119,300085,43.7,43.5,47.0,43.5,46.64,74021157,3342904739.18,151041
20241119,300086,4.91,4.91,5.02,4.86,5.02,14767012,72883837.31,16549
20241119,300087,10.2,10.31,10.8,10.3,10.75,44002409,464658231.17,41111
20241119,300088,6.93,6.97,7.35,6.95,7.35,121549252,874068835.22,63834
20241119,300091,2.73,2.7,2.87,2.65,2.86,62356604,172050481.2,15076
20241119,300092,11.5,11.6,12.15,11.5,12.14,10359858,123083378.28,11508
20241119,300093,17.43,17.68,18.5,17.5,18.5,16444570,296683780.42,24267
20241119,300094,4.1,4.1,4.24,4.05,4.24,68587661,283763122.49,21626
20241119,300095,6.86,6.86,7.03,6.83,7.03,5297650,36774617.0,4021
20241119,300096,3.43,3.43,3.48,3.36,3.48,13220756,45350636.4,2429
20241119,300097,7.06,7.1,7.33,7.03,7.31,9449252,67822932.6,10249
20241119,300098,5.86,5.88,6.22,5.83,6.15,119977322,726341062.25,48305
20241119,300099,6.12,6.12,6.26,6.06,6.25,12393802,76301090.24,8217
20241119,300100,19.89,20.01,20.95,19.92,20.95,12651027,258050726.32,20414
20241119,300101,21.74,22.0,22.91,21.24,22.49,24564600,542406600.0,49928
20241119,300102,11.17,11.18,11.65,11.1,11.65,39300779,447221736.65,41530
20241119,300103,7.09,7.12,7.19,6.88,7.18,9249231,64970407.83,13319
20241119,300105,7.05,7.1,7.24,7.01,7.23,9232816,65729170.42,11283
20241119,300106,9.08,9.12,9.39,8.99,9.39,9310574,85444015.19,12791
20241119,300107,10.85,10.9,11.12,10.68,11.1,26481045,289739016.76,22746
20241119,300109,13.89,13.95,14.89,13.56,14.89,47996391,684360054.66,43813
20241119,300110,3.68,3.69,3.78,3.68,3.78,17434835,65168897.2,9631
20241119,300111,3.02,3.03,3.1,2.99,3.1,26954942,81697037.0,17586
20241119,300112,8.51,8.58,9.11,8.55,9.1,12015635,106348682.05,14411
20241119,300113,13.72,13.74,14.22,13.64,14.18,17104196,238474428.24,30729
20241119,300115,16.42,16.43,17.18,16.43,17.15,50656488,851351229.06,56285
20241119,300118,13.37,13.5,13.88,13.06,13.75,39612559,536968375.9,48281
20241119,300119,19.11,19.11,19.54,18.64,19.54,8523583,163007964.74,15829
20241119,300120,11.17,11.3,11.8,11.11,11.78,41047323,469090965.98,45501
20241119,300121,13.98,13.88,14.47,13.86,14.47,27544791,390384746.94,29614
20241119,300122,29.1,29.18,29.98,28.92,29.97,27453900,809896321.63,48526
20241119,300123,6.62,6.76,6.83,6.58,6.8,31184339,208999002.31,24447
20241119,300124,57.06,57.7,59.0,56.8,58.88,21909088,1269316180.42,53983
20241119,300125,5.45,5.52,5.68,5.43,5.65,16178498,89714723.44,5234
20241119,300126,5.55,5.62,6.05,5.53,5.88,8789738,50908034.77,8964
20241119,300127,26.34,26.74,28.63,26.65,28.36,25312162,703421733.97,53055
20241119,300128,5.47,5.48,5.77,5.42,5.75,62308687,349444970.2,30007
20241119,300129,7.65,7.73,7.85,7.61,7.85,13457006,104041547.94,13677
20241119,300130,24.3,24.18,24.95,23.91,24.92,22936616,560165922.04,42706
20241119,300131,8.66,8.66,8.66,8.66,8.66,0,0.0,0
20241119,300132,4.77,4.77,4.94,4.75,4.92,11327559,54745150.23,9391
20241119,300133,7.26,7.25,7.37,7.06,7.35,112073309,807762664.45,77824
20241119,300134,12.95,12.94,13.62,12.9,13.61,19952217,265573591.59,30343
20241119,300135,4.49,5.39,5.39,4.61,4.68,176874941,861362977.07,53165
20241119,300136,26.04,26.29,27.25,26.03,27.15,47651244,1275139072.16,78803
20241119,300137,5.22,5.23,5.25,4.97,5.19,15973409,82202518.35,9194
20241119,300138,8.83,8.81,8.93,8.75,8.92,7288857,64428650.26,5139
20241119,300139,16.12,16.52,17.29,16.3,17.29,32398053,543306701.18,45518
20241119,300140,6.48,6.49,6.63,6.38,6.6,18488576,119895316.32,18573
20241119,300141,9.45,9.3,9.9,9.26,9.9,10746605,103654961.75,9726
20241119,300142,14.97,15.08,15.29,14.75,15.29,28991742,436303788.08,44440
20241119,300143,9.84,9.8,10.09,9.78,10.03,5863026,58408349.76,10618
20241119,300144,9.32,9.38,9.47,9.26,9.47,29258501,274771158.23,27437
20241119,300145,3.28,3.29,3.35,3.23,3.35,41670522,137422396.06,21649
20241119,300146,12.77,12.82,12.9,12.63,12.89,18166796,232699815.39,23216
20241119,300147,11.8,11.95,12.35,11.64,12.29,44738662,534039461.17,40894
20241119,300148,3.8,3.81,3.87,3.69,3.87,49780041,187153921.14,21236
20241119,300149,6.4,6.46,6.58,6.33,6.55,11387087,73351817.19,14215
20241119,300150,4.34,4.36,4.5,4.3,4.48,12758628,55975636.32,11048
20241119,300151,20.61,20.8,22.03,20.61,22.0,12894805,273784988.87,21121
20241119,300152,6.98,6.75,8.38,6.6,8.2,204681749,1545856442.99,100379
20241119,300153,7.69,7.77,8.07,7.62,8.07,12469155,98227476.0,13898
20241119,300154,6.77,6.78,7.0,6.73,6.99,6501867,44875467.3,8659
20241119,300155,4.83,4.82,4.92,4.71,4.92,15743550,75723193.0,12596
20241119,300157,3.07,3.1,3.16,3.01,3.16,22050780,68003386.65,12929
20241119,300158,4.94,4.91,4.98,4.8,4.97,32052030,157056303.36,18736
20241119,300159,3.37,3.41,3.46,3.26,3.46,97785870,329029830.2,32606
20241119,300160,5.75,5.76,5.91,5.72,5.91,11910980,69309732.4,13642
20241119,300161,27.95,27.83,29.07,27.6,29.06,7636663,216494940.96,16999
20241119,300162,7.3,7.3,7.69,7.26,7.68,16835333,125632141.36,20442
20241119,300163,2.16,2.16,2.2,2.09,2.19,20812486,44834637.68,2625
20241119,300164,4.46,4.49,4.56,4.42,4.56,33720100,151349390.0,19322
20241119,300165,3.62,3.66,3.77,3.6,3.75,16581996,60822298.75,14051
20241119,300166,9.02,9.03,9.31,8.93,9.3,34857442,317516132.85,29774
20241119,300167,2.11,2.12,2.17,2.02,2.13,20472875,43103117.0,3218
20241119,300168,7.58,7.6,7.79,7.47,7.78,23863504,181763139.62,23627
20241119,300169,9.11,9.1,9.4,9.07,9.4,26453410,243537924.1,16055
20241119,300170,8.91,8.96,9.18,8.8,9.16,47998941,430751438.18,39575
20241119,300171,12.87,12.95,13.16,12.77,13.15,7864799,102252039.48,14619
20241119,300172,5.27,5.31,5.46,5.25,5.45,23013300,122772613.17,22021
20241119,300173,7.86,7.05,9.38,7.05,8.92,284614476,2285603428.33,152888
20241119,300174,17.63,17.19,18.78,17.19,18.77,26566031,481423364.03,43957
20241119,300175,6.95,6.95,7.24,6.91,7.12,20358900,143720270.0,12838
20241119,300176,7.42,7.46,7.74,7.38,7.73,21593050,163151315.42,18596
20241119,300177,11.78,11.5,12.08,11.42,12.07,47537451,561991511.04,39135
20241119,300179,8.07,8.09,8.19,7.96,8.19,5668713,45857554.82,7916
20241119,300180,7.44,7.51,7.71,7.41,7.68,76743306,579658302.73,50077
20241119,300181,16.13,16.15,16.91,16.15,16.61,16393607,271734083.19,22117
20241119,300182,5.4,5.44,5.78,5.34,5.78,178551591,995949494.3,77300
20241119,300183,16.63,16.78,17.11,16.56,17.1,9491428,159884480.36,18339
20241119,300184,10.91,10.92,11.29,10.78,11.25,87346795,963696420.21,59840
20241119,300185,2.82,2.82,2.85,2.75,2.85,94694537,265215448.04,21214
20241119,300187,5.14,5.16,5.27,5.1,5.27,5849491,30293934.34,6302
20241119,300188,14.7,14.85,15.06,14.45,14.98,18232545,269568163.68,23968
20241119,300189,3.27,3.3,3.38,3.26,3.37,57972402,192362190.4,19823
20241119,300190,4.14,3.98,4.04,3.86,4.03,32798643,129529008.43,15702
20241119,300191,14.29,14.21,14.59,14.01,14.59,5766551,82566114.95,7435
20241119,300192,13.66,13.7,14.08,13.44,14.08,19051100,262935547.0,30886
20241119,300193,8.81,8.81,9.1,8.81,9.09,8943611,80185410.16,11018
20241119,300194,4.78,4.8,4.87,4.73,4.87,25316625,121486804.5,18755
20241119,300195,6.72,6.72,7.6,6.41,7.29,128263672,899285431.22,73642
20241119,300196,11.77,11.79,11.79,11.28,11.57,5462229,62634626.31,7671
20241119,300197,2.49,2.49,2.5,2.31,2.45,148024447,354027232.07,27128
20241119,300198,2.5,2.54,2.54,2.36,2.51,70578680,172501364.85,20208
20241119,300199,11.39,11.5,12.5,11.5,12.5,64534341,784554007.62,46880
20241119,300200,8.78,8.78,9.12,8.78,9.09,8979620,80226971.0,7253
20241119,300201,5.34,5.42,6.25,5.3,6.04,102585346,583385426.33,48805
20241119,300203,17.38,17.32,17.85,17.17,17.69,6465900,113321124.0,16302
20241119,300204,7.63,7.69,7.83,7.61,7.82,5769475,44479465.99,7087
20241119,300205,5.29,5.28,5.41,5.26,5.39,6671800,35559328.0,2307
20241119,300206,10.39,10.51,10.68,10.4,10.66,4965476,52428172.0,10475
20241119,300207,23.43,23.6,24.43,23.0,24.24,58971650,1398080800.66,80930
20241119,300208,2.65,2.64,2.78,2.64,2.77,13978150,37905414.5,2350
20241119,300209,6.04,5.93,6.04,5.66,5.74,18936155,110102664.84,4702
20241119,300210,11.94,12.1,12.5,11.85,12.45,16489464,200699747.51,22625
20241119,300211,7.06,7.02,7.48,6.96,7.37,11911600,85669816.84,12608
20241119,300212,25.02,25.2,26.2,24.84,26.15,27325794,695504706.32,47622
20241119,300213,7.73,7.79,8.01,7.7,8.0,16135837,126419047.75,11325
20241119,300214,5.63,5.69,5.82,5.63,5.81,5608699,32097090.33,6703
20241119,300215,5.93,5.93,6.26,5.89,6.26,22802900,139330059.0,22449
20241119,300217,5.42,5.3,5.85,5.26,5.82,196713820,1107564973.79,68167
20241119,300218,15.32,15.32,15.94,15.32,15.86,4572880,71480011.44,8628
20241119,300219,7.22,7.19,7.46,7.19,7.45,15880603,116405687.2,15896
20241119,300220,11.4,11.5,12.05,11.14,12.05,11754588,137396356.48,12350
20241119,300221,5.87,5.9,6.04,5.83,6.04,18729534,110918842.04,13355
20241119,300222,8.78,8.82,10.54,8.82,10.54,62877621,636916679.85,26106
20241119,300223,73.34,73.34,75.97,73.12,75.97,14424557,1079568362.09,45471
20241119,300224,12.33,12.45,12.79,12.27,12.75,31227336,392133985.5,32348
20241119,300225,6.91,6.95,7.13,6.83,7.09,9676000,67298208.0,6130
20241119,300226,24.13,24.18,25.1,23.88,25.04,13812861,337501728.25,24429
20241119,300227,8.67,8.85,9.26,8.77,9.26,28939891,259659425.1,21706
20241119,300228,6.92,6.97,7.08,6.81,7.07,18254440,126740085.2,13228
20241119,300229,16.09,16.1,16.74,15.95,16.73,31494477,515208520.42,44527
20241119,300230,4.47,4.48,4.59,4.43,4.59,16627266,74903529.04,10843
20241119,300231,11.39,11.35,11.87,11.02,11.83,42865160,488806139.36,35331
20241119,300232,6.61,6.6,6.86,6.59,6.86,22560821,151854393.65,27894
20241119,300233,13.12,13.2,13.47,13.1,13.46,6946851,92233845.99,12026
20241119,300234,4.88,4.88,5.01,4.84,5.01,6845400,33665699.19,5378
20241119,300235,10.29,10.4,10.86,10.16,10.74,12561650,132138975.93,18295
20241119,300236,38.93,39.42,40.65,39.0,40.4,6026811,239794262.78,16016
20241119,300237,2.55,2.54,2.54,2.3,2.45,122178974,293544829.34,28285
20241119,300238,12.88,12.88,13.22,12.75,13.22,6701627,87143137.23,6750
20241119,300239,5.17,5.19,5.41,5.17,5.37,14089272,74497778.29,9290
20241119,300240,6.82,6.81,7.01,6.76,7.01,12009949,82823266.68,12078
20241119,300241,5.32,5.34,5.52,5.3,5.51,21709988,117512102.44,19891
20241119,300242,4.59,4.5,4.56,4.18,4.46,75340369,327469859.81,29575
20241119,300243,12.05,11.95,12.02,11.16,11.77,19307385,224020100.32,14433
20241119,300244,12.92,13.0,13.23,12.86,13.23,11909209,155604343.97,22696
20241119,300245,13.53,13.33,14.4,12.58,14.18,75654755,1012929693.05,65405
20241119,300246,6.97,6.97,7.15,6.95,7.15,5366313,37811382.27,6792
20241119,300247,3.81,3.83,3.92,3.76,3.92,21281999,81823322.15,15921
20241119,300248,10.73,10.42,11.87,10.2,11.85,56316457,616874351.25,42584
20241119,300249,8.53,8.59,9.06,8.44,8.94,18037917,157025543.36,19330
20241119,300250,15.39,15.25,15.73,14.69,15.63,18815717,287049156.11,23012
20241119,300251,8.5,8.55,8.61,8.37,8.6,32185384,273044589.42,32782
20241119,300252,8.93,8.97,9.24,8.79,9.17,21850769,196938070.93,27258
20241119,300253,7.6,7.6,7.79,7.55,7.78,40713302,312204955.24,29611
20241119,300254,9.09,9.1,9.24,9.02,9.24,7570902,69222910.68,7638
20241119,300255,19.19,19.33,20.09,19.12,19.87,36501359,715908523.72,47089
20241119,300256,4.51,4.47,4.84,4.4,4.79,133865654,619598765.58,50273
20241119,300257,9.3,9.34,9.56,9.25,9.56,10372264,97521194.18,12005
20241119,300258,8.82,8.82,9.18,8.82,9.15,10015613,90516346.13,9480
20241119,300259,3.55,3.58,3.65,3.52,3.65,15105937,54158296.52,8433
20241119,300260,26.15,26.5,27.34,26.16,27.22,13165211,352430007.6,19781
20241119,300261,7.67,7.59,7.9,7.59,7.89,22928963,177697324.69,25056
20241119,300263,6.97,7.02,7.26,6.99,7.26,19548500,138991583.0,22309
20241119,300264,5.54,5.7,6.65,5.43,6.65,85550385,535722023.29,33284
20241119,300265,8.06,8.06,8.25,7.94,8.24,14548150,117861279.47,14390
20241119,300266,3.24,3.25,3.35,3.15,3.33,92089130,299737464.9,32073
20241119,300267,2.96,2.96,3.11,2.9,3.08,43951446,130956965.8,31020
20241119,300268,8.03,8.13,8.16,7.87,8.12,982700,7886244.0,540
20241119,300269,4.37,4.47,4.58,4.38,4.56,27721219,124194908.05,11764
20241119,300270,7.19,7.23,7.43,7.11,7.43,11442600,83286925.0,15634
20241119,300271,7.72,7.68,7.91,7.49,7.86,34914415,268745569.9,20575
20241119,300272,6.34,6.34,6.46,6.27,6.46,9350247,59614018.74,9262
20241119,300274,81.18,83.7,87.17,82.5,85.08,52093628,4403362184.62,150570
20241119,300275,14.46,14.65,15.87,14.3,15.77,18790820,283346305.0,18782
20241119,300276,5.03,5.02,5.88,5.02,5.65,154253281,847816706.15,73655
20241119,300277,13.25,13.05,13.61,12.75,13.6,42862742,562710757.4,33585
20241119,300278,5.83,5.79,6.15,5.79,6.14,81518014,490069076.73,34496
20241119,300279,6.17,6.19,6.45,6.17,6.45,15096500,95161065.0,15086
20241119,300280,16.45,16.36,18.5,16.1,18.48,42911929,756664211.55,47716
20241119,300281,5.87,5.88,6.15,5.87,6.11,13786843,82695076.21,14510
20241119,300283,6.2,6.15,6.4,6.01,6.37,23066924,143542979.84,24479
20241119,300284,11.7,11.76,12.43,11.36,12.35,92204111,1114108510.42,77974
20241119,300285,19.11,19.29,19.63,19.0,19.59,9888019,191065248.67,23329
20241119,300286,18.95,19.11,19.65,18.94,19.65,3698261,71447691.44,8340
20241119,300287,5.04,5.0,5.17,4.61,5.12,206935586,1005156985.65,80027
20241119,300288,14.49,14.5,14.88,14.13,14.88,17053762,247767750.14,30275
20241119,300289,5.05,5.06,5.17,5.0,5.17,6609605,33761755.3,6056
20241119,300290,22.78,23.28,23.5,22.3,23.49,49214304,1130187885.25,65371
20241119,300291,5.17,5.2,5.3,5.08,5.3,28733013,149021203.99,21095
20241119,300292,4.96,4.99,5.1,4.9,5.1,57382378,287561504.66,29836
20241119,300293,26.81,27.0,28.24,26.76,28.22,21628861,593344589.56,39503
20241119,300294,30.24,30.23,30.59,29.94,30.5,6948806,210621377.94,14469
20241119,300295,17.99,17.99,18.5,17.41,18.36,12787097,229467213.64,15849
20241119,300296,5.11,5.14,5.47,5.12,5.4,89266770,474288259.58,71361
20241119,300298,24.0,24.22,25.08,24.08,25.0,5153100,127159136.3,13994
20241119,300299,5.14,5.1,5.31,5.02,5.28,30586660,157506450.8,22382
20241119,300300,2.91,2.9,3.03,2.9,3.0,26511605,78478897.33,4981
20241119,300301,1.69,1.7,1.75,1.68,1.74,18989049,32550082.86,2387
20241119,300302,15.48,15.71,16.21,15.38,16.13,16941639,267179885.3,19729
20241119,300303,6.72,6.76,7.01,6.74,7.0,52645830,361819733.66,47972
20241119,300304,7.89,7.85,8.19,7.85,8.17,24596618,197523987.7,26620
20241119,300305,6.08,6.07,6.31,6.0,6.31,12631233,77781241.97,9649
20241119,300306,11.5,11.67,11.99,11.54,11.99,4100895,48238777.13,8466
20241119,300307,7.25,7.25,7.52,7.23,7.52,20058570,148273892.85,16887
20241119,300308,132.01,133.33,136.67,129.87,134.8,29837101,3969159057.69,106959
20241119,300310,9.52,8.8,9.25,8.49,9.16,142976330,1266840207.8,74775
20241119,300311,6.54,6.57,6.9,6.45,6.89,37949146,253665933.39,22466
20241119,300313,6.47,6.48,6.57,6.31,6.54,4449100,28671637.0,2075
20241119,300314,11.82,11.8,12.1,11.78,12.09,2955353,35282128.76,4791
20241119,300315,5.36,5.38,5.53,5.31,5.53,107048023,580047100.95,62458
20241119,300316,34.91,35.03,36.13,34.56,36.11,20046723,709667123.17,41109
20241119,300317,4.11,4.13,4.26,4.1,4.26,20167241,84320295.15,17765
20241119,300318,5.81,5.84,6.5,5.84,6.38,32757256,205713680.06,25122
20241119,300319,12.65,12.66,13.11,12.53,13.09,31014452,397300486.63,26925
20241119,300320,10.47,10.55,10.88,10.47,10.88,17499647,186649746.33,27054
20241119,300321,18.99,19.06,19.18,18.56,19.17,1676400,31697611.0,3872
20241119,300322,15.97,15.98,16.65,15.72,16.58,36981195,599387916.31,35509
20241119,300323,6.15,6.23,6.43,6.15,6.4,22731400,143142712.0,24017
20241119,300324,3.63,3.63,3.79,3.58,3.78,80072567,294695134.94,22910
20241119,300326,5.93,5.93,6.02,5.84,6.02,11952901,71051703.74,14437
20241119,300327,24.72,24.94,25.96,24.78,25.96,11910532,302246843.57,24403
20241119,300328,7.53,7.61,8.08,7.58,8.05,31768560,248116131.56,22462
20241119,300329,5.81,5.84,5.96,5.75,5.96,5930894,34672974.0,8864
20241119,300331,22.42,22.49,23.48,22.42,23.48,8717215,199784698.54,12243
20241119,300332,6.75,6.61,6.63,6.26,6.58,31708629,204824984.08,15998
20241119,300333,10.7,10.65,11.75,10.58,11.64,49246538,552128629.98,45650
20241119,300334,6.39,6.42,6.56,6.32,6.55,4776700,30688295.0,5850
20241119,300335,4.94,4.95,5.08,4.93,5.08,11554767,57823561.7,7903
20241119,300337,14.81,14.6,15.19,14.1,15.18,92514829,1347249871.95,73686
20241119,300338,4.73,4.65,4.77,4.42,4.68,30914400,141882101.0,8327
20241119,300339,60.73,60.73,63.85,60.15,63.65,96744749,6000864586.66,209587
20241119,300340,11.48,10.99,12.12,10.8,12.0,32187375,369439070.0,30961
20241119,300341,21.22,21.46,22.32,21.1,22.3,17178904,372566647.44,28416
20241119,300342,18.36,18.58,18.75,17.76,18.75,27780522,507913037.0,39632
20241119,300343,5.79,5.8,6.05,5.74,6.04,28934289,170421160.74,23953
20241119,300344,5.43,5.3,5.43,4.85,5.15,96015894,483788087.34,40315
20241119,300345,6.33,6.4,6.74,6.33,6.74,11983471,77848674.02,7601
20241119,300346,38.38,39.0,40.31,38.73,40.2,29011132,1146309742.64,62214
20241119,300347,60.05,60.48,61.33,59.8,61.14,8992082,545763955.48,33640
20241119,300348,15.47,15.36,16.34,15.21,16.33,47896631,755722478.99,56841
20241119,300349,13.33,13.45,13.54,13.15,13.54,10737796,143589770.62,9413
20241119,300350,5.75,5.8,5.92,5.68,5.92,19850730,115239517.5,14024
20241119,300351,17.46,17.46,18.27,17.4,18.22,18644078,333581909.37,27452
20241119,300352,5.64,5.65,5.86,5.6,5.85,56010670,320359391.78,36322
20241119,300353,12.09,12.2,13.49,12.11,13.45,39107545,502025279.51,35785
20241119,300354,32.16,32.59,34.15,32.31,34.15,3375584,112350339.87,9970
20241119,300355,6.76,6.5,7.07,6.41,7.05,219814447,1505796771.63,88941
20241119,300357,23.05,23.3,23.6,22.81,23.45,6132355,142518214.15,15189
20241119,300358,7.54,7.59,7.78,7.53,7.76,11447624,87645390.88,14662
20241119,300359,5.98,5.95,6.04,5.8,6.04,27466000,162644221.0,14914
20241119,300360,17.18,17.15,17.64,17.13,17.6,9651355,167784105.7,17161
20241119,300363,17.87,17.99,18.64,17.63,18.26,12531335,227357765.36,30759
20241119,300364,25.31,25.31,25.96,24.8,25.92,59717747,1519560271.13,89521
20241119,300365,6.08,6.14,6.34,6.05,6.33,17837700,109826475.0,16627
20241119,300366,10.41,10.7,11.26,10.55,10.97,37219291,403287005.49,36542
20241119,300368,4.14,4.18,4.3,4.12,4.3,15931180,66959737.02,5152
20241119,300369,8.06,8.0,8.36,7.98,8.35,25158827,205133398.35,24091
20241119,300370,2.92,2.91,2.98,2.85,2.98,54478294,158364230.6,17513
20241119,300371,9.99,10.06,10.43,10.0,10.42,3415766,34848248.22,7536
20241119,300373,45.76,46.1,47.25,45.62,47.11,10641006,494020783.03,32674
20241119,300374,23.81,22.08,23.0,20.98,22.94,45920308,1004866309.46,53029
20241119,300375,4.85,4.87,5.03,4.83,5.03,23616333,116716680.64,16855
20241119,300376,3.57,3.58,3.7,3.53,3.69,21608500,78097043.0,4975
20241119,300377,24.84,25.2,29.75,24.51,29.06,212493979,5821959499.99,271163
20241119,300378,24.7,24.3,26.75,24.3,26.75,40743676,1041420415.91,41495
20241119,300379,17.05,17.2,17.79,16.85,17.78,40892950,708555246.62,51150
20241119,300380,53.7,54.11,60.29,54.11,59.59,26666590,1523620118.8,72714
20241119,300381,7.25,7.34,7.47,7.26,7.47,6469606,47553941.1,7283
20241119,300382,9.56,9.48,9.85,9.45,9.8,10678913,102976527.47,10658
20241119,300383,10.85,10.9,11.14,10.73,11.11,48214040,527503790.31,55475
20241119,300384,15.96,15.9,16.55,15.78,16.52,15794316,256487097.97,30789
20241119,300385,5.09,4.99,5.1,4.83,5.04,19840307,98415957.4,11520
20241119,300386,17.01,16.35,16.85,15.4,16.78,55669807,897696987.51,61559
20241119,300387,7.7,7.7,7.91,7.63,7.91,7366800,57198341.0,8815
20241119,300388,7.25,7.3,7.31,7.1,7.31,8262334,59592186.1,7612
20241119,300389,11.35,11.39,11.92,11.35,11.89,5624900,65414171.07,11134
20241119,300390,25.61,25.71,29.29,25.41,29.12,55447315,1519031408.96,86432
20241119,300391,6.21,6.16,6.43,6.1,6.41,23315216,146794595.21,11505
20241119,300393,7.16,7.21,7.4,7.13,7.4,16106157,117236033.67,19205
20241119,300394,112.71,114.79,118.11,112.44,115.98,12805444,1471237526.45,56917
20241119,300395,39.6,39.88,40.15,38.13,39.06,11229172,436640576.7,34633
20241119,300396,15.89,15.9,16.4,15.86,16.4,6130006,98917581.66,8077
20241119,300397,12.17,12.33,12.56,12.05,12.55,17589993,216960619.26,18307
20241119,300398,16.57,16.88,18.03,16.88,17.93,39482095,688908857.29,57179
20241119,300399,20.78,21.0,21.76,20.31,21.71,16766620,355850645.96,28206
20241119,300400,17.02,17.3,18.39,17.06,18.3,11666500,207104739.0,15036
20241119,300401,14.6,14.61,15.09,14.53,15.09,17871762,265405209.96,22562
20241119,300402,15.2,15.2,16.11,15.19,16.11,6949500,108896037.0,11418
20241119,300403,8.36,8.42,8.92,8.38,8.91,25815938,223560911.79,23145
20241119,300404,8.66,8.66,8.97,8.66,8.97,8037319,70885261.85,13937
20241119,300405,5.75,5.17,5.39,4.91,5.2,56751345,290375995.36,29077
20241119,300406,14.6,14.65,15.15,14.6,14.97,9135534,135416965.21,14886
20241119,300407,11.66,11.68,11.94,11.03,11.89,16789815,191178023.55,13046
20241119,300408,35.67,36.18,37.0,35.75,36.9,21044290,767092092.68,51165
20241119,300409,16.01,14.65,16.45,14.64,16.45,91900786,1426196972.59,101724
20241119,300410,6.23,6.22,6.6,6.21,6.6,14193134,90719917.07,19879
20241119,300411,15.15,15.3,15.83,14.91,15.69,29852969,460553338.18,37329
20241119,300412,4.18,4.19,4.32,4.17,4.32,12724710,53972498.0,9813
20241119,300413,26.7,26.82,27.44,26.45,27.4,13777639,370529895.25,37804
20241119,300414,8.06,8.18,8.42,8.11,8.39,6415765,53178467.25,9386
20241119,300415,21.87,22.0,22.38,21.69,22.38,6992973,154215835.66,18674
20241119,300416,12.6,12.58,12.99,12.56,12.97,11998375,152919027.63,16249
20241119,300417,11.71,11.72,12.15,11.58,12.11,3609068,42707764.2,4272
20241119,300418,40.8,40.03,41.16,39.03,40.97,79684943,3188642485.06,132573
20241119,300419,5.27,5.27,5.39,5.24,5.39,17660883,93676174.98,5008
20241119,300420,2.98,2.99,3.08,2.96,3.08,31451522,95158954.76,17782
20241119,300421,10.64,10.63,11.2,10.55,11.17,20229044,220881457.36,18553
20241119,300422,4.88,4.88,4.99,4.81,4.99,7906714,38729201.0,8263
20241119,300423,7.56,7.62,7.83,7.45,7.7,11819376,90145303.9,12560
20241119,300424,17.54,17.75,18.17,17.39,18.15,14735733,262943360.24,25813
20241119,300425,5.52,5.47,5.61,5.44,5.61,19413348,107106875.8,15663
20241119,300426,10.15,10.4,10.4,9.44,9.95,18115850,179731606.38,20190
20241119,300427,7.37,7.23,7.33,6.91,7.31,33185628,238356387.77,17407
20241119,300428,18.4,18.46,18.93,18.35,18.91,6132987,114481556.52,10106
20241119,300429,14.11,14.17,14.84,14.16,14.84,32496406,472348530.34,34080
20241119,300430,15.35,15.42,15.8,15.07,15.72,12497089,192771369.39,12745
20241119,300432,13.65,13.63,14.28,13.41,14.21,46429945,643247229.17,56438
20241119,300433,21.07,21.29,21.77,21.0,21.69,33675330,718720528.55,62816
20241119,300434,8.55,8.6,8.79,8.55,8.78,4528720,39270446.4,7109
20241119,300435,12.06,12.5,12.69,12.17,12.68,12599766,157330896.8,13027
20241119,300436,28.32,27.81,28.53,27.11,28.2,8084554,224597552.98,13452
20241119,300437,9.95,10.02,10.18,9.78,10.13,6027045,60219901.95,9840
20241119,300438,32.6,32.5,33.93,31.77,33.76,24369808,798846698.16,47035
20241119,300439,10.86,10.86,11.16,10.86,11.16,4904877,54025029.92,8932
20241119,300440,7.04,7.03,7.18,6.92,7.18,10885300,76634418.0,14445
20241119,300441,8.26,8.26,8.49,8.22,8.49,12666820,105918617.0,9346
20241119,300442,31.36,31.43,32.2,30.85,32.09,19196468,604076992.82,40258
20241119,300443,23.7,23.68,24.23,23.21,24.06,6233855,148052454.8,14024
20241119,300444,7.08,7.08,7.47,7.08,7.4,36185598,263710914.12,24855
20241119,300445,16.08,16.08,16.85,16.08,16.84,3028733,49781607.17,6662
20241119,300446,17.49,17.61,18.21,17.5,18.19,16970046,303866705.99,24183
20241119,300447,13.79,13.91,14.17,13.77,14.15,3900077,54538379.47,7938
20241119,300448,6.2,6.2,6.39,5.98,6.37,32954572,204163855.2,19029
20241119,300449,7.07,7.12,7.19,6.92,7.16,12283275,86505484.6,9672
20241119,300450,24.31,23.54,24.35,22.7,24.35,95766435,2260447897.28,134421
20241119,300451,4.92,4.98,5.05,4.83,5.05,54389692,268280354.04,25764
20241119,300452,12.35,12.36,12.64,12.36,12.64,3406963,42538033.76,4164
20241119,300453,7.93,7.93,8.19,7.93,8.19,5104090,41303537.09,7613
20241119,300454,63.65,63.65,65.33,62.7,65.19,5722510,365630860.1,21644
20241119,300455,14.02,14.16,14.44,13.9,14.41,15050616,213638624.28,26913
20241119,300456,18.28,18.36,19.08,18.32,19.06,20649109,384936753.22,30875
20241119,300457,22.6,22.72,23.74,22.62,23.69,17229879,398444814.57,32574
20241119,300458,34.09,34.5,36.13,34.5,35.98,27772960,977797572.22,67302
20241119,300459,4.88,4.82,5.01,4.76,5.0,178075566,871218006.31,80559
20241119,300460,14.19,14.34,14.82,13.82,14.75,20784884,295038561.72,19532
20241119,300461,21.29,21.3,22.24,21.11,22.21,3915566,84783417.68,9485
20241119,300462,10.47,10.53,11.0,10.41,11.0,20441550,219213759.64,30479
20241119,300463,13.99,14.03,14.41,14.0,14.41,7443054,105990781.01,14140
20241119,300464,5.67,5.62,5.65,5.18,5.44,43203734,232140939.86,26368
20241119,300465,13.73,13.99,14.63,13.75,14.59,38029354,540917560.64,46442
20241119,300466,8.24,8.45,8.55,8.17,8.54,20341100,170387162.4,17028
20241119,300467,16.23,16.23,17.08,16.06,17.08,10919487,181942537.45,16807
20241119,300468,19.09,19.1,20.21,18.69,20.19,39470646,767718066.42,51610
20241119,300469,25.97,26.0,30.69,24.9,29.53,40597067,1108172512.65,41793
20241119,300470,35.8,36.0,36.87,35.8,36.85,2157273,78269109.96,7811
20241119,300471,10.1,10.1,10.43,10.04,10.42,7145000,72895131.0,11240
20241119,300472,7.42,7.42,7.73,7.32,7.72,8816135,66159300.79,7570
20241119,300473,21.35,25.62,25.62,22.88,23.49,31665784,765013392.28,35402
20241119,300474,85.01,85.2,88.38,84.16,88.27,14255796,1230478243.64,48433
20241119,300475,29.9,30.25,30.54,29.13,30.51,14660194,439255988.44,30246
20241119,300476,39.46,39.91,40.87,39.38,40.69,21858649,878440798.28,53740
20241119,300477,3.25,3.27,3.34,3.16,3.33,34609248,112753000.87,13086
20241119,300478,10.25,10.26,10.77,10.13,10.71,4032341,41616968.33,4313
20241119,300479,18.03,18.3,19.18,18.15,18.99,8431152,156300865.96,13848
20241119,300480,14.34,14.49,15.19,14.36,15.19,7800232,115268671.55,9921
20241119,300481,15.49,15.66,17.2,15.64,16.55,17847741,293339198.68,25358
20241119,300482,24.7,24.86,25.19,24.55,25.18,4738582,118020179.02,11336
20241119,300483,11.05,10.52,11.05,10.0,10.9,23139282,241061371.12,17968
20241119,300484,28.28,25.0,26.5,23.8,26.13,54940910,1384028579.61,74847
20241119,300485,7.55,7.55,7.77,7.55,7.77,4221025,32253745.25,7896
20241119,300486,6.67,6.34,7.11,6.33,7.0,43949441,296915263.83,23140
20241119,300487,53.9,53.63,56.5,52.25,56.09,10570073,571046869.97,25530
20241119,300488,22.79,22.8,23.8,22.8,23.78,1590840,37078617.6,3828
20241119,300489,66.78,67.99,72.5,67.4,72.5,11873602,830331338.6,39774
20241119,300490,9.57,9.1,9.89,9.1,9.78,32192632,302205823.22,26796
20241119,300491,15.7,15.78,16.31,15.72,16.31,5451508,87613298.52,8584
20241119,300492,73.68,73.7,74.25,71.8,73.9,768554,56183991.19,3785
20241119,300493,14.29,14.44,14.93,14.21,14.91,44898013,654775684.13,44717
20241119,300494,11.94,11.73,12.54,11.24,12.49,49415216,596503094.02,44322
20241119,300496,54.65,55.41,57.9,55.03,57.84,19055237,1081905439.76,52932
20241119,300497,11.13,11.18,12.17,11.1,11.88,17027538,195705221.74,17508
20241119,300498,17.84,17.9,18.05,17.63,17.96,35934674,641311816.91,40901
20241119,300499,15.5,15.59,16.3,15.1,16.25,27425825,427843049.3,47430
20241119,300500,11.79,11.88,12.0,11.55,11.98,3845485,45341499.6,8690
20241119,300501,14.4,14.45,14.98,14.3,14.94,5322565,77648031.99,7087
20241119,300502,121.0,122.44,128.59,121.11,125.0,29520799,3661322280.05,107146
20241119,300503,17.0,17.0,18.37,17.0,18.35,31944962,569809492.94,41732
20241119,300504,16.21,16.3,16.76,16.11,16.75,5697958,93585810.76,10406
20241119,300505,14.91,14.86,15.55,14.78,15.52,13655645,206816692.75,23178
20241119,300506,3.82,3.85,3.9,3.79,3.89,9638395,37141144.2,2029
20241119,300507,6.51,6.59,6.8,6.58,6.8,23920085,160240521.26,20180
20241119,300508,26.95,27.03,28.6,27.03,28.6,2488871,69150188.2,7622
20241119,300509,6.37,6.33,6.85,6.33,6.63,11515027,75199552.82,9875
20241119,300510,4.53,4.52,4.77,4.49,4.76,27466431,127259663.72,20628
20241119,300511,3.82,3.85,3.91,3.8,3.91,14218937,54792352.01,10245
20241119,300512,7.09,7.05,7.41,6.98,7.4,4477783,32346477.62,6725
20241119,300513,9.07,9.27,9.42,9.05,9.42,6568672,60486919.76,12834
20241119,300514,14.35,14.3,14.93,14.3,14.92,4736763,69261158.64,10421
20241119,300515,11.67,11.67,12.11,11.67,12.08,3416500,40759073.0,8366
20241119,300516,35.65,35.66,36.56,35.49,36.45,1784180,64365855.65,5052
20241119,300517,9.18,9.2,9.43,9.14,9.43,3454799,32041413.88,5179
20241119,300518,12.58,12.62,13.07,12.43,13.04,6086652,77522485.31,11557
20241119,300519,14.05,14.2,14.44,14.0,14.42,2649400,37602175.0,5352
20241119,300520,21.63,21.8,22.61,21.32,22.54,22682595,500347470.99,33600
20241119,300521,15.97,16.0,16.71,15.77,16.7,3195760,51900566.6,5556
20241119,300522,11.67,11.67,12.17,11.66,12.14,5941744,70588484.24,9287
20241119,300523,23.72,23.99,24.35,23.45,24.34,4627365,110573405.95,10952
20241119,300525,16.92,16.88,17.15,16.58,17.11,11635817,196858743.5,22228
20241119,300527,8.91,8.92,9.1,8.77,9.07,16930518,150839794.5,16301
20241119,300528,8.85,8.8,9.44,8.61,9.39,16494341,151289399.23,19647
20241119,300529,30.61,30.87,31.15,30.3,31.13,6249754,192762305.12,20463
20241119,300530,23.48,22.17,22.59,21.0,21.94,8466207,183990535.31,11068
20241119,300531,16.37,16.17,16.8,15.79,16.69,22377258,363464649.44,22974
20241119,300532,10.88,10.89,11.27,10.86,11.25,10189535,112387142.7,12746
20241119,300533,20.14,19.93,20.8,19.53,20.8,15399959,309474032.98,26119
20241119,300534,9.06,9.06,9.24,8.93,9.23,10571900,96071668.0,9877
20241119,300535,14.25,14.42,14.83,14.25,14.83,1901100,27508796.0,3982
20241119,300536,7.07,7.06,7.35,6.95,7.28,9163049,65356424.22,3073
20241119,300537,18.13,19.57,21.76,19.57,21.76,16398002,353083134.44,11011
20241119,300538,16.35,16.71,17.52,16.42,17.52,8767900,147870888.0,14465
20241119,300539,12.6,12.2,13.42,11.67,13.34,19991319,253465453.71,17497
20241119,300540,24.58,24.5,25.02,24.34,25.02,3153900,77873963.0,7269
20241119,300541,11.97,12.17,12.56,11.92,12.56,28644358,353712181.57,30748
20241119,300542,23.56,24.0,25.36,23.9,25.08,20328300,503260552.41,38525
20241119,300543,9.53,9.56,9.92,9.56,9.92,7814232,76040653.87,12534
20241119,300545,33.08,35.48,38.5,34.8,36.24,14814153,538990626.06,26257
20241119,300546,17.61,17.88,18.37,17.37,18.37,12664438,225709058.0,19840
20241119,300547,21.18,21.1,21.1,19.07,20.48,16784480,333262669.0,18928
20241119,300548,22.54,22.78,23.38,22.45,23.36,7879000,180812389.91,18489
20241119,300549,16.76,16.98,17.82,16.76,17.81,3678272,63755438.39,8502
20241119,300550,13.71,13.71,14.14,13.53,14.12,3583325,49695363.66,7261
20241119,300551,12.54,12.86,13.37,12.45,13.36,27393200,352372805.0,27920
20241119,300552,33.76,34.5,35.86,34.0,35.86,9412941,327707345.53,23990
20241119,300553,27.21,27.21,28.2,27.17,28.2,2046549,56568974.1,6077
20241119,300554,23.5,23.77,24.96,23.47,24.96,5554609,134554559.47,12425
20241119,300555,7.18,7.2,7.24,6.81,6.97,6015450,42298790.24,1666
20241119,300556,18.92,18.91,19.8,18.71,19.75,9981200,192808066.0,20648
20241119,300557,28.72,28.81,29.56,28.7,29.56,1862715,54197183.51,5402
20241119,300558,46.0,46.32,47.17,45.92,46.95,4225118,196421032.91,15203
20241119,300559,11.11,11.39,11.43,11.0,11.4,8748950,97900083.0,10737
20241119,300560,14.75,14.99,15.2,14.55,15.2,7112830,105845813.0,9377
20241119,300561,22.98,23.3,27.58,22.87,27.58,58988198,1528311230.28,86435
20241119,300562,12.9,12.99,14.86,12.81,14.47,28808036,401568120.13,32709
20241119,300563,46.67,47.49,51.0,47.37,50.91,17917571,878697607.41,42507
20241119,300564,16.66,16.32,16.96,15.98,16.86,6364709,104926094.86,13533
20241119,300565,14.24,14.24,14.68,14.21,14.65,7453603,107596179.03,10730
20241119,300566,17.47,17.55,18.36,17.5,18.36,8239195,147208577.65,13514
20241119,300567,69.8,70.0,72.95,69.26,72.6,7768646,552726250.83,33084
20241119,300568,11.22,11.18,11.61,10.79,11.58,67119603,752078552.89,57002
20241119,300569,5.29,5.26,5.35,5.19,5.35,18498967,97575334.87,11430
20241119,300570,67.31,68.21,73.38,67.63,70.66,15851891,1108561155.81,57257
20241119,300571,25.47,25.43,25.94,24.95,25.88,3034400,77152924.0,8312
20241119,300572,18.6,18.07,18.85,17.21,18.59,11834146,212161347.96,10280
20241119,300573,84.25,84.99,86.4,83.0,85.78,6446380,545113811.92,27580
20241119,300575,6.73,6.6,6.63,6.28,6.61,25082113,161972236.14,11491
20241119,300576,49.75,50.53,52.11,50.05,51.95,15034841,769530229.54,38574
20241119,300577,21.14,21.22,21.86,21.14,21.86,1619960,34878401.4,3767
20241119,300578,20.86,20.92,21.48,20.65,21.48,8638095,181814804.0,19100
20241119,300579,27.42,27.7,27.94,26.97,27.93,4795744,131592243.82,15806
20241119,300580,19.14,19.28,21.0,19.28,21.0,30108464,610089924.81,38414
20241119,300581,12.29,12.47,12.65,12.03,12.61,22161666,274051498.98,22794
20241119,300582,11.21,11.21,11.62,11.21,11.62,5912875,67501305.25,10076
20241119,300583,24.88,25.14,26.4,24.82,26.39,6721660,172768325.0,11743
20241119,300584,21.85,22.51,23.86,22.41,22.99,6681300,153487675.0,13420
20241119,300585,14.45,14.43,15.0,14.4,15.0,4982692,73273451.4,10359
20241119,300586,8.36,8.15,8.48,7.92,8.35,30677597,250382619.21,16807
20241119,300587,4.6,4.65,4.78,4.55,4.78,21590802,100495620.32,21591
20241119,300588,14.42,14.29,14.84,13.72,14.81,9945250,140838768.0,9923
20241119,300589,12.83,12.84,13.06,12.72,13.05,4963681,64033347.08,6043
20241119,300590,13.7,13.7,14.25,13.7,14.25,11861674,165500227.56,17106
20241119,300591,4.65,4.67,4.82,4.56,4.79,18463850,86190800.5,17602
20241119,300592,13.08,12.82,13.55,12.52,13.53,17386910,229689480.31,17471
20241119,300593,12.29,12.25,12.59,12.16,12.51,11905276,147502519.62,25226
20241119,300594,18.34,18.4,18.96,18.31,18.95,2845472,52992832.16,5948
20241119,300595,19.09,19.21,19.57,18.98,19.5,8862777,170854023.83,21642
20241119,300596,28.01,28.16,28.94,27.92,28.83,3821956,108563626.68,12169
20241119,300597,9.01,9.04,9.12,8.75,9.07,11636543,104258354.48,10802
20241119,300598,55.92,56.98,57.92,55.5,57.9,10474831,594970805.17,29750
20241119,300599,7.3,7.29,7.42,7.1,7.35,4710400,34177320.0,6676
20241119,300600,7.13,7.11,7.26,7.06,7.25,3951000,28230742.0,1873
20241119,300601,18.61,18.77,19.07,18.35,19.04,12338581,231369394.55,26727
20241119,300602,19.01,19.1,19.67,18.9,19.67,15377479,296395974.96,27809
20241119,300603,9.14,9.22,9.44,9.09,9.42,11113600,102894000.0,14047
20241119,300604,47.83,47.85,49.28,46.06,48.97,36152361,1726060383.39,83882
20241119,300605,12.21,12.23,12.7,12.12,12.68,3725500,46065915.0,8405
20241119,300606,21.69,21.7,22.47,21.51,22.47,4659565,102700455.5,6649
20241119,300607,21.2,20.31,25.44,20.31,25.44,145106417,3502762966.11,126988
20241119,300608,11.78,11.79,12.2,11.6,12.16,17953646,213525278.13,15795
20241119,300609,26.42,27.1,27.36,26.1,27.33,4933843,132268359.97,10831
20241119,300610,10.03,10.03,10.22,9.94,10.22,4457760,44977620.8,8521
20241119,300611,10.51,10.55,10.88,10.46,10.87,6202249,66272632.82,9942
20241119,300612,15.97,15.91,16.71,15.6,16.71,16227115,263114584.17,27990
20241119,300613,46.86,47.29,48.81,46.57,48.68,5061723,241132228.99,17047
20241119,300614,10.65,10.68,11.03,10.55,11.03,2389049,25740219.36,4375
20241119,300615,11.56,11.56,12.09,11.56,12.08,4869180,57589838.4,8353
20241119,300616,13.63,13.32,13.75,13.1,13.74,9591778,128315368.36,16701
20241119,300617,27.67,27.82,28.8,27.59,28.8,2466265,69785471.6,5455
20241119,300618,37.35,37.85,40.9,37.4,40.51,20172330,788660180.0,43605
20241119,300619,27.25,27.25,28.39,26.68,28.39,3400875,93505037.1,6939
20241119,300620,46.31,46.47,47.78,45.9,47.77,5852625,274862794.0,20161
20241119,300621,10.9,10.9,11.04,10.6,10.99,8593100,93008910.5,10199
20241119,300622,51.6,45.32,46.5,41.28,41.28,31145286,1314830319.06,48510
20241119,300623,35.15,35.3,36.39,35.0,36.3,29199782,1042803024.91,66469
20241119,300624,59.43,57.5,59.56,56.5,59.24,20790511,1203785725.44,50481
20241119,300625,11.74,11.68,12.2,11.6,12.2,2003225,23903669.3,4171
20241119,300626,9.67,9.74,9.91,9.55,9.91,4052466,39481110.4,5874
20241119,300627,37.6,37.91,38.89,37.01,38.32,8481454,321331941.72,18806
20241119,300628,38.07,38.34,38.9,37.83,38.86,7520078,288676221.93,22243
20241119,300629,22.0,22.4,22.81,21.89,22.8,10192134,228114728.53,15658
20241119,300631,22.65,22.88,23.69,22.22,23.69,3370934,77503796.02,5535
20241119,300632,11.66,11.63,12.55,11.63,12.43,6127904,74095153.85,9376
20241119,300633,35.16,35.57,36.1,34.72,35.46,3511020,124072395.4,13133
20241119,300634,21.39,20.88,21.43,20.41,21.23,35981733,753258658.55,46067
20241119,300635,11.67,11.3,11.7,10.9,11.38,12431210,140504060.89,10238
20241119,300636,8.26,8.29,8.47,8.21,8.46,6171799,51372753.79,6171
20241119,300637,10.79,10.89,11.35,10.89,11.35,12116729,134821426.23,14972
20241119,300638,17.25,17.41,17.86,17.13,17.8,23734337,415574564.52,33452
20241119,300639,7.38,7.15,7.17,6.8,7.15,60000807,419890021.35,38471
20241119,300640,5.29,5.3,5.6,5.25,5.59,18735981,101217568.36,14310
20241119,300641,23.38,23.29,24.26,23.29,24.26,15446120,368091358.08,30930
20241119,300642,15.7,15.8,16.5,15.7,16.21,10463912,167762605.72,13351
20241119,300643,12.71,12.86,13.36,12.8,13.36,5666280,74064691.0,9271
20241119,300644,21.06,21.21,22.07,21.09,21.98,5581147,119988273.03,12740
20241119,300645,15.89,16.21,16.68,15.57,16.42,10764186,172848202.45,17831
20241119,300647,7.23,7.29,7.49,7.05,7.44,30044562,219296020.3,15821
20241119,300648,26.14,26.15,27.65,26.14,27.6,5029210,136178812.0,12467
20241119,300649,11.71,11.8,11.99,11.5,11.99,2389319,28129732.49,5193
20241119,300650,11.47,11.56,12.12,11.52,12.12,8371839,98911882.03,12943
20241119,300651,13.51,13.56,13.8,13.38,13.8,1831090,24876160.14,3248
20241119,300652,30.26,30.37,31.18,29.21,30.3,5639174,169913824.39,11415
20241119,300653,21.88,22.08,22.43,21.81,22.39,2129050,47191781.0,4846
20241119,300654,11.62,11.4,11.56,10.75,11.34,51184086,567214277.46,57327
20241119,300655,10.09,10.5,11.06,10.28,10.87,77421172,821790689.27,69215
20241119,300656,28.03,28.3,29.59,27.63,29.49,6645069,189742315.95,15043
20241119,300657,20.44,20.11,20.95,19.72,20.94,37963250,769993819.76,39285
20241119,300658,5.39,5.4,5.56,5.37,5.55,8420674,45787903.07,10131
20241119,300659,19.25,19.45,20.71,18.65,20.65,16183016,321615758.26,36680
20241119,300660,29.16,29.28,30.6,29.28,30.6,9476160,284868576.8,20839
20241119,300661,85.35,85.64,89.31,85.5,88.85,5709474,498248084.52,23524
20241119,300662,22.97,22.7,23.04,21.68,22.4,6023031,135388805.31,12116
20241119,300663,19.93,20.08,21.07,19.5,21.01,31790355,648559136.59,51266
20241119,300664,5.18,5.13,5.28,5.08,5.23,20910276,107858351.46,10240
20241119,300665,6.64,6.64,6.81,6.54,6.79,5831073,38815631.26,7109
20241119,300666,73.44,74.22,75.23,71.06,74.22,11010458,807693718.93,35625
20241119,300667,18.88,18.89,19.5,18.89,19.5,4743834,91212414.64,7855
20241119,300668,20.92,20.95,21.19,20.32,21.07,1780684,37034917.24,3280
20241119,300669,20.5,20.5,21.67,20.14,21.63,1771445,37194603.35,3699
20241119,300670,6.32,6.34,6.57,6.31,6.57,7939500,51026932.0,9583
20241119,300671,37.47,38.01,39.45,37.69,39.37,6790872,261254134.7,22084
20241119,300672,65.55,65.56,68.5,65.15,68.4,5800758,387368096.18,20458
20241119,300673,15.53,15.6,15.84,15.5,15.81,3411046,53540733.96,7901
20241119,300674,21.29,21.59,22.0,20.97,21.98,27124187,583948485.65,45911
20241119,300675,15.15,15.07,15.34,14.64,15.31,6071877,90722978.38,7742
20241119,300676,46.0,46.2,46.75,45.6,46.62,3733114,172686120.08,13137
20241119,300677,26.99,27.13,28.04,26.92,28.04,20483016,564909621.13,37159
20241119,300678,37.39,37.6,39.35,36.74,38.84,20810300,787642007.5,42305
20241119,300679,47.56,47.85,50.99,47.5,50.89,16520784,826550596.87,33601
20241119,300680,25.21,25.4,26.06,24.8,25.86,9817786,249323612.71,23588
20241119,300681,23.0,22.33,23.32,21.8,22.92,18666633,420558707.13,23333
20241119,300682,13.08,13.26,14.1,13.18,13.92,26470013,358600113.98,40131
20241119,300683,26.68,26.94,27.56,26.4,27.44,1342236,36318760.32,4383
20241119,300684,20.93,20.83,22.24,20.7,22.22,30270800,648453487.18,54647
20241119,300685,25.21,25.25,26.15,25.22,25.96,5864170,150723644.48,15919
20241119,300686,8.89,8.94,9.41,8.81,9.39,11391460,104499147.8,17603
20241119,300687,18.15,18.08,19.76,17.8,19.15,22067479,414692307.41,25226
20241119,300688,28.07,28.25,29.48,28.01,29.05,9608826,275340573.1,17051
20241119,300689,27.4,27.57,28.2,26.8,27.91,1610760,44243849.7,4510
20241119,300690,23.65,24.2,24.43,23.5,24.43,6575400,158080684.4,16402
20241119,300691,19.0,19.0,20.88,18.99,20.78,17798611,356645070.05,20022
20241119,300692,6.26,6.29,6.59,6.13,6.59,15876065,101580542.03,7853
20241119,300693,24.33,24.59,25.28,24.26,25.23,7999394,198404691.56,17059
20241119,300694,14.18,13.25,16.8,12.84,15.99,47870075,699948148.68,35541
20241119,300695,41.82,41.64,42.6,41.17,42.57,584414,24542509.56,1997
20241119,300696,16.64,16.75,17.07,16.4,17.0,6685498,112060390.76,13887
20241119,300697,11.58,11.64,11.94,11.58,11.94,6133148,72240828.4,12621
20241119,300698,38.85,39.04,39.57,37.57,39.43,3271211,126267085.74,7253
20241119,300699,35.02,35.5,35.6,33.93,35.26,17121654,593220172.22,40015
20241119,300700,8.13,8.18,8.35,7.96,8.35,10103849,82748808.64,8726
20241119,300701,9.47,9.52,9.9,9.42,9.9,4497950,43668005.0,8576
20241119,300702,16.25,16.34,16.73,16.25,16.73,2248653,37095886.08,6792
20241119,300703,9.31,9.31,9.44,9.2,9.44,3784225,35234644.5,6120
20241119,300705,22.88,23.01,24.28,23.01,24.23,6359264,150461630.47,17998
20241119,300706,23.25,23.5,24.53,23.39,24.53,4619560,110778695.4,11694
20241119,300707,15.57,15.61,16.25,15.3,16.11,15296998,242731504.32,13948
20241119,300708,11.01,11.16,11.61,11.12,11.59,16918775,191862937.92,22806
20241119,300709,38.99,39.24,40.32,38.5,40.3,8907527,351426825.53,20186
20241119,300710,18.91,18.91,19.37,18.8,19.36,3481717,66542265.21,8251
20241119,300711,19.36,19.87,20.27,19.36,20.15,8872050,176122005.49,15499
20241119,300712,26.67,26.9,27.72,26.53,27.66,7893073,214478652.79,11345
20241119,300713,17.61,17.1,19.0,16.91,19.0,20110753,365826142.65,26203
20241119,300715,7.19,7.23,7.4,7.17,7.4,2554100,18574790.0,4011
20241119,300716,11.75,11.86,12.26,11.7,12.19,4856915,58231867.2,8398
20241119,300717,15.14,15.07,15.58,15.07,15.52,1651563,25375026.19,3165
20241119,300718,17.22,17.25,18.09,17.24,18.09,7361643,130329913.42,10012
20241119,300719,18.78,18.95,19.78,18.85,19.78,12003050,231806919.22,19418
20241119,300720,17.26,17.08,17.73,17.03,17.72,3080420,53411404.4,5900
20241119,300721,13.37,13.43,14.35,13.43,14.33,5731750,79382724.2,10901
20241119,300722,28.22,28.51,29.68,28.47,29.4,8323465,241961110.94,16098
20241119,300723,16.04,16.16,16.5,16.02,16.48,4376379,71316048.46,13143
20241119,300724,70.34,70.8,73.08,70.0,72.3,13380841,958042208.14,41388
20241119,300725,34.76,35.0,36.13,35.0,35.99,5547124,197339935.97,15999
20241119,300726,31.1,31.51,32.07,30.8,32.06,5191550,163530292.5,14437
20241119,300727,25.65,25.51,26.88,25.46,26.84,3099158,80751344.56,8898
20241119,300729,16.08,16.1,16.54,16.0,16.47,7482980,121850545.22,11772
20241119,300730,12.96,13.01,13.54,12.77,13.46,13020826,170450764.87,17809
20241119,300731,19.86,19.93,20.51,19.74,20.5,4872401,98056332.44,13158
20241119,300732,7.96,8.03,8.16,7.76,8.02,17842223,141443229.47,21018
20241119,300733,11.36,11.36,11.9,11.36,11.9,5272889,61636852.23,9493
20241119,300735,34.51,34.5,36.3,34.21,35.92,48280678,1704364648.59,72902
20241119,300736,10.05,10.1,10.41,9.96,10.39,7543489,76741670.62,11395
20241119,300737,5.4,5.42,5.5,5.32,5.49,14845842,80117535.92,14798
20241119,300738,11.68,11.62,12.06,11.54,12.04,45699071,539303614.45,48124
20241119,300739,13.75,13.71,14.36,13.67,14.36,10338955,145268290.06,18565
20241119,300740,12.48,12.48,12.95,12.47,12.95,6395498,81413821.9,12112
20241119,300741,17.53,17.61,18.06,17.52,18.06,1761400,31316707.0,5827
20241119,300743,16.01,15.86,16.53,15.86,16.53,6114867,99197559.53,12055
20241119,300745,17.52,17.6,18.23,17.42,18.18,3800295,67762157.35,7731
20241119,300746,13.45,13.51,14.07,13.3,14.07,6645400,90959765.0,13444
20241119,300747,20.23,20.48,21.14,20.28,21.07,17084249,352984887.78,27614
20241119,300748,18.57,18.71,19.49,18.56,19.49,39316306,749055070.66,56541
20241119,300749,6.53,6.52,6.68,6.43,6.68,4253002,27827583.32,5653
20241119,300750,262.92,262.02,272.0,258.0,268.72,34812887,9211079120.51,139339
20241119,300751,124.23,125.47,132.89,125.0,132.89,4749678,615906182.22,22735
20241119,300752,17.92,18.28,19.0,17.99,19.0,8323817,154138540.91,21059
20241119,300753,14.14,14.22,14.5,14.01,14.47,3482178,49643496.38,7560
20241119,300755,17.94,18.01,18.17,17.6,18.15,4854499,86968756.54,9788
20241119,300756,14.42,14.5,14.85,14.41,14.84,1894200,27691023.6,3872
20241119,300757,190.3,191.99,195.18,178.33,190.0,9494720,1769290269.07,38305
20241119,300758,12.36,12.43,12.87,12.36,12.86,9037094,113634342.91,16431
20241119,300759,27.48,27.71,28.22,27.39,28.11,23046165,640851438.7,47763
20241119,300760,267.63,267.51,270.2,264.39,269.87,5377968,1436971283.97,30372
20241119,300761,20.63,20.7,21.06,20.42,21.06,8353868,173809830.97,19244
20241119,300762,27.03,26.52,27.15,25.08,26.62,59976201,1566310535.54,79386
20241119,300763,69.6,70.19,72.59,69.28,71.71,8802150,623873782.62,30431
20241119,300765,24.96,25.01,26.66,25.0,26.39,12647608,328006230.9,23640
20241119,300766,13.91,14.39,14.45,13.7,14.38,24173458,339289663.84,31021
20241119,300767,10.76,10.8,11.15,10.66,11.15,5393820,58802125.56,9454
20241119,300768,18.69,18.9,19.28,18.54,19.25,7582291,143319084.33,17090
20241119,300769,39.73,39.85,44.82,39.55,44.03,19027250,792446224.3,40829
20241119,300770,41.3,41.51,42.84,41.28,42.7,3749167,157444753.33,11256
20241119,300771,10.66,10.7,11.04,10.63,11.04,5726360,61950063.4,12374
20241119,300772,13.13,13.18,13.57,13.15,13.52,10860972,145233172.89,20715
20241119,300773,19.46,19.54,20.4,19.36,20.37,27301209,542896628.66,41649
20241119,300774,8.93,9.0,9.35,8.9,9.34,4048831,36837891.79,5345
20241119,300775,25.11,25.2,25.5,24.6,25.41,13398556,335798471.82,24748
20241119,300776,74.0,74.44,76.44,72.66,76.0,4242843,317591796.31,17658
20241119,300777,28.43,28.55,29.03,28.1,28.98,6900062,197224193.34,18349
20241119,300778,11.89,11.86,12.09,11.64,12.08,6051107,71747228.87,11798
20241119,300779,85.61,85.52,91.2,85.52,91.0,4018780,357272089.2,10551
20241119,300780,16.93,16.02,18.39,16.02,18.12,15935385,275689428.85,17247
20241119,300781,62.84,61.57,64.48,59.99,63.8,8829515,545725525.41,29066
20241119,300782,92.41,92.71,96.32,91.71,96.19,10803795,1016320838.62,43938
20241119,300783,29.73,30.0,30.85,29.65,30.73,11601380,352203991.71,34654
20241119,300785,27.73,26.81,28.28,26.46,27.75,18965716,517096224.07,43453
20241119,300786,14.58,14.69,15.58,14.59,15.47,9830907,147852082.1,10423
20241119,300787,14.19,14.07,14.58,13.62,14.58,20269851,287063228.15,34952
20241119,300788,31.19,30.24,31.59,30.05,31.18,10678741,327559264.28,24863
20241119,300789,15.05,15.17,15.75,15.09,15.64,2406085,36888990.08,7492
20241119,300790,16.45,16.49,17.08,16.25,17.03,19842734,330139529.83,33257
20241119,300791,26.41,26.53,27.37,26.42,27.36,2403917,64629626.54,6649
20241119,300792,20.04,20.01,20.38,19.72,20.38,4183688,83981383.17,9575
20241119,300793,16.35,16.51,17.32,16.04,17.3,30370212,505902480.67,42741
20241119,300795,16.97,16.97,17.16,16.61,17.13,2591650,43924439.87,4670
20241119,300796,11.36,11.37,11.47,11.02,11.38,10971229,123265004.78,8368
20241119,300797,12.55,12.56,12.91,12.52,12.88,4116353,52308418.19,5160
20241119,300798,7.1,7.17,7.38,6.97,7.35,11238888,80840018.3,9211
20241119,300800,10.61,10.61,11.01,10.56,11.01,2278481,24541667.61,6816
20241119,300801,18.26,18.0,18.64,17.4,18.6,10634947,191224325.1,18191
20241119,300802,16.7,16.79,17.68,16.76,17.68,3676278,63283165.96,7915
20241119,300803,88.6,91.3,95.54,90.01,94.97,29980253,2777462012.7,91941
20241119,300805,8.54,8.63,8.78,8.3,8.78,14532900,123934568.0,23306
20241119,300806,12.34,12.55,12.97,12.33,12.95,11036898,139581524.1,12747
20241119,300807,32.85,33.41,35.08,32.45,33.88,3519500,118280377.0,8660
20241119,300808,22.86,22.9,23.98,22.9,23.9,2471945,58009064.2,4945
20241119,300809,22.6,22.6,23.59,22.6,23.49,4085380,94279015.84,9519
20241119,300810,20.49,20.51,20.98,20.21,20.96,2073205,42694332.5,5768
20241119,300811,47.83,47.79,49.9,47.58,49.75,6115150,297321580.6,15510
20241119,300812,24.48,24.94,25.71,24.71,25.69,5562932,139919273.48,15682
20241119,300813,22.4,22.36,22.84,22.01,22.65,1789486,40155248.43,4435
20241119,300814,30.3,30.7,31.69,30.47,31.66,3207368,99835679.73,9605
20241119,300815,15.88,15.91,16.13,15.63,16.08,6603644,105057948.04,13461
20241119,300816,23.44,23.56,24.05,23.36,24.05,1211682,28734790.02,3464
20241119,300817,12.87,12.98,13.36,12.82,13.35,3886264,50854620.06,4905
20241119,300818,28.0,28.02,28.57,27.8,28.55,841791,23799819.93,2236
20241119,300819,13.23,13.1,14.12,12.98,13.99,5381601,73183162.98,6430
20241119,300820,58.94,58.62,60.5,57.5,59.78,5815179,342966902.77,23997
20241119,300821,8.39,8.38,8.84,8.3,8.77,27820003,237886104.05,31915
20241119,300822,12.15,12.28,12.8,12.15,12.79,5573788,69457467.83,14487
20241119,300823,15.15,14.75,15.05,13.95,14.87,14149759,203786433.8,14496
20241119,300824,9.81,9.64,10.29,9.38,10.04,22012347,217304622.59,14511
20241119,300825,12.68,12.08,14.49,11.9,13.85,69270343,911059110.57,43354
20241119,300826,16.24,16.1,17.5,15.93,17.45,10577964,179643737.74,15529
20241119,300827,45.7,45.91,50.88,45.91,49.14,10260692,495854028.85,27793
20241119,300828,13.26,13.27,13.85,13.27,13.85,2856339,38718261.8,7185
20241119,300829,15.94,16.0,16.45,15.9,16.42,2248535,36277724.4,4843
20241119,300830,7.62,7.62,7.74,7.41,7.74,10721814,81034672.47,7665
20241119,300831,15.03,15.08,15.53,14.95,15.49,9994679,152311160.48,11886
20241119,300832,66.07,66.07,66.66,63.5,64.78,5830465,375437046.04,22795
20241119,300833,38.77,38.9,46.44,38.8,43.89,7896593,335741965.03,15810
20241119,300834,19.99,20.04,20.28,19.89,20.28,607900,12230696.0,1810
20241119,300835,31.5,31.98,32.69,31.3,32.44,3939060,125916201.3,9774
20241119,300836,48.99,49.0,49.53,47.29,48.64,1349560,65132499.68,4617
20241119,300837,21.15,21.3,21.87,21.16,21.8,801337,17188979.21,2464
20241119,300838,12.44,12.44,12.78,12.41,12.78,1961760,24638046.8,3739
20241119,300839,7.48,7.32,7.63,7.03,7.61,10248405,75996753.15,11453
20241119,300840,20.64,18.37,19.97,17.0,19.5,87020165,1597144607.48,81850
20241119,300841,57.4,57.5,58.13,56.36,57.5,4162651,237754425.82,11257
20241119,300842,45.4,45.6,47.49,45.52,47.43,6060632,281879604.52,16346
20241119,300843,29.13,29.3,31.19,29.24,31.18,7324285,220666272.37,17702
20241119,300844,30.45,30.8,31.06,29.99,30.96,2128606,64962569.88,5707
20241119,300845,13.51,13.58,13.98,13.41,13.96,4615700,63129051.4,11269
20241119,300846,12.43,12.41,12.8,12.23,12.79,25378500,317473073.8,22766
20241119,300847,18.14,18.12,18.36,17.77,18.36,6570250,118935376.5,10567
20241119,300848,18.99,19.09,19.76,18.82,19.69,4118140,79499233.07,6183
20241119,300849,12.61,12.58,12.78,12.42,12.76,2535747,31912144.09,3349
20241119,300850,24.23,24.5,25.27,23.84,24.99,9282660,229098846.05,21500
20241119,300851,27.56,27.87,28.5,27.56,28.45,1319472,37104298.08,3155
20241119,300852,25.82,25.82,27.0,25.8,26.98,2378957,63006434.63,7292
20241119,300853,17.53,17.52,18.12,17.35,18.08,5386100,95888330.84,8901
20241119,300854,13.09,13.09,13.39,12.95,13.35,1802262,23709514.23,4555
20241119,300855,25.31,25.18,25.43,24.4,25.29,4870784,121302059.56,11680
20241119,300856,25.98,26.05,26.64,26.02,26.64,4528778,119118649.76,10587
20241119,300857,83.41,84.24,87.77,83.29,87.26,11198600,957995087.62,39116
20241119,300858,14.87,14.91,15.27,14.88,15.27,1920100,28892668.0,3511
20241119,300859,37.78,38.09,39.88,37.59,39.59,6426847,249426033.33,16132
20241119,300860,24.3,24.3,25.22,24.1,25.14,3121533,76936280.52,8233
20241119,300861,23.36,23.47,24.53,23.47,24.53,6373513,153098413.89,16005
20241119,300862,29.29,29.19,30.38,28.71,30.37,5795320,171075659.8,10240
20241119,300863,43.4,42.95,44.22,42.57,44.22,3021238,131623038.37,6655
20241119,300864,21.77,21.93,22.27,21.49,22.26,1376366,30092816.05,3007
20241119,300865,27.53,27.5,28.88,27.5,28.88,3046900,86034846.0,9646
20241119,300866,83.3,83.31,84.42,82.01,83.66,3428662,285203613.53,19579
20241119,300867,13.86,13.89,14.14,13.54,14.14,3807396,53087873.34,4144
20241119,300868,28.59,28.54,30.35,27.8,30.31,3455708,101434855.36,6726
20241119,300869,15.27,15.35,15.6,15.21,15.59,5561349,85897631.62,11499
20241119,300870,74.35,71.01,76.5,68.51,75.61,9652227,697815928.13,28717
20241119,300871,11.59,11.59,11.78,11.31,11.72,2277889,26371937.5,4940
20241119,300872,15.01,15.13,15.48,14.82,15.44,14552936,220636032.23,18881
20241119,300873,17.19,17.22,17.64,16.92,17.5,3571460,61718009.2,7224
20241119,300875,31.18,31.49,33.86,31.39,33.27,4177178,136374446.9,10573
20241119,300876,23.69,23.76,24.5,23.23,24.0,3225920,77272247.72,4750
20241119,300877,14.92,14.92,15.18,14.68,15.18,1635951,24421873.62,3832
20241119,300878,18.4,18.38,19.38,18.27,18.85,5181704,97015014.8,8963
20241119,300879,14.24,14.22,14.91,14.22,14.91,5679025,82508876.73,8870
20241119,300880,21.53,21.7,22.29,21.45,22.29,4465018,97937857.85,8341
20241119,300881,32.2,31.67,32.84,31.62,32.84,2456629,78993543.39,7776
20241119,300882,14.89,14.97,15.49,14.89,15.49,4059216,61632547.58,8011
20241119,300883,5.32,5.28,5.42,5.24,5.41,6838015,36391288.35,5258
20241119,300884,10.59,10.67,10.94,10.49,10.94,5903913,63300762.35,8312
20241119,300885,11.05,11.03,11.7,11.0,11.7,7449362,84483975.09,7803
20241119,300886,20.57,20.59,21.19,20.35,21.19,953280,19782441.2,2438
20241119,300887,7.87,7.88,8.21,7.82,8.2,11185469,89790469.8,20045
20241119,300888,33.4,33.4,34.41,33.09,34.29,7863274,268006345.38,22797
20241119,300889,12.98,12.95,13.31,12.94,13.31,3461600,45414340.0,5811
20241119,300890,37.37,34.0,35.97,33.0,35.66,23129880,796357681.34,32444
20241119,300891,8.95,8.91,9.18,8.83,9.18,5730872,51527084.96,5468
20241119,300892,37.27,37.27,40.46,36.18,40.21,8771022,338919482.79,18702
20241119,300893,31.06,31.09,31.95,30.93,31.93,1175075,37077904.0,3035
20241119,300894,13.62,13.79,14.04,13.57,14.04,7620800,105200631.6,14126
20241119,300895,32.5,32.82,33.3,31.94,33.3,3631861,118516200.5,9042
20241119,300896,210.8,212.02,215.48,207.2,215.47,3400880,720254018.51,20161
20241119,300897,21.88,22.1,22.76,21.79,22.76,1163006,25845230.34,2888
20241119,300898,21.37,21.39,21.78,21.2,21.78,2155352,46335730.72,5284
20241119,300899,22.86,23.05,23.71,22.5,23.71,3910502,90771155.92,9692
20241119,300900,22.38,22.58,22.98,21.97,22.64,10739540,241040888.3,18307
20241119,300901,12.24,12.23,12.9,12.0,12.89,5647927,70173539.3,11162
20241119,300902,18.3,18.56,19.72,18.35,19.42,4139681,78465479.03,5772
20241119,300903,8.5,8.52,8.84,8.42,8.84,13137802,113633338.64,16970
20241119,300905,29.25,29.07,31.09,28.84,31.06,8319142,248720695.0,14696
20241119,300906,22.46,22.56,23.35,22.5,23.31,1142000,26134338.0,4041
20241119,300907,21.5,21.5,22.1,21.32,22.09,1499435,32580272.91,4647
20241119,300908,31.5,31.55,31.97,31.21,31.97,1558105,49244624.77,4208
20241119,300909,24.65,24.86,26.0,24.65,25.57,5554779,140744121.77,12578
20241119,300910,44.63,44.74,45.88,44.49,45.81,2636027,119396963.3,7671
20241119,300911,25.6,25.45,27.11,25.42,26.77,3766554,98168494.97,6520
20241119,300912,12.83,12.84,13.2,12.48,13.07,6839465,87643230.25,7318
20241119,300913,32.05,32.28,33.86,32.22,33.81,4981220,164284046.2,16392
20241119,300915,31.55,31.72,32.23,31.23,32.13,700000,22241309.5,2394
20241119,300916,28.67,28.64,29.89,28.55,29.83,3304732,96453250.06,6594
20241119,300917,57.62,57.62,61.0,55.41,59.89,12557521,725799425.55,34792
20241119,300918,10.99,10.97,11.4,10.97,11.37,3267619,36478149.55,6365
20241119,300919,39.8,40.0,41.79,39.31,41.67,11288395,458057886.23,32534
20241119,300920,18.5,18.5,18.89,18.12,18.88,953400,17689647.0,2290
20241119,300921,21.42,21.43,22.24,21.22,22.22,3252296,70648635.3,7965
20241119,300922,14.84,14.87,15.33,14.87,15.33,4077844,61429467.53,8857
20241119,300923,20.95,21.1,21.59,20.88,21.59,1581137,33609187.99,3903
20241119,300925,25.25,25.25,26.25,24.63,26.23,39725604,1007881525.52,55556
20241119,300926,21.69,21.91,22.62,21.78,22.55,6361820,141591998.24,18001
20241119,300927,18.15,18.02,18.56,17.9,18.49,2016080,36739813.54,3969
20241119,300928,36.66,37.06,38.98,36.8,38.24,2690822,101663880.8,6756
20241119,300929,9.38,9.38,9.58,9.21,9.58,2543997,23979507.52,5271
20241119,300930,31.01,30.71,35.94,29.45,33.4,10901158,343150817.9,17421
20241119,300931,6.74,6.74,6.9,6.68,6.9,4134606,28158242.8,6884
20241119,300932,14.04,14.04,14.22,13.55,14.09,7883078,109607545.71,9254
20241119,300933,6.62,6.64,6.79,6.58,6.79,9856400,66107231.0,9668
20241119,300935,20.55,20.64,21.11,20.22,21.02,1765855,36587421.75,5996
20241119,300936,42.69,43.3,44.76,42.82,44.72,1736532,76115501.52,6414
20241119,300937,27.99,27.9,28.83,27.46,28.83,5772375,162812787.25,11520
20241119,300938,21.3,21.56,22.23,21.3,22.23,2377294,51863085.51,5900
20241119,300939,30.4,31.0,32.6,31.0,32.2,4022300,127972861.6,10853
20241119,300940,14.91,14.99,15.3,14.6,15.23,7207833,108043064.77,12530
20241119,300941,21.44,21.5,22.35,21.21,22.32,7278487,158567098.26,13606
20241119,300942,8.21,8.33,8.54,8.24,8.53,4153039,34931480.21,8270
20241119,300943,12.76,12.99,13.22,12.72,13.22,3230895,41857901.95,6888
20241119,300945,9.7,9.73,9.97,9.68,9.97,6158138,60335410.7,9206
20241119,300946,27.2,27.08,28.6,27.08,28.58,1279023,35738906.96,4084
20241119,300947,16.81,16.84,17.32,16.51,17.32,5175146,88095097.45,8200
20241119,300948,10.79,10.65,11.07,10.4,10.98,4810680,51807581.7,5545
20241119,300949,30.55,30.78,31.25,30.1,31.25,1213200,37200745.0,5436
20241119,300950,16.21,16.27,16.87,16.27,16.87,2633946,43593447.44,6994
20241119,300951,30.03,29.91,31.24,29.89,31.15,2525232,77336153.7,9071
20241119,300952,19.35,19.37,20.8,19.37,20.8,3906154,79543460.32,5953
20241119,300953,64.33,66.38,71.49,66.38,70.18,4163801,288998239.72,15223
20241119,300955,14.9,14.9,15.22,14.77,15.18,1289822,19428259.48,4022
20241119,300956,17.78,17.9,18.46,17.72,18.46,7064455,127949466.99,12736
20241119,300957,49.58,49.91,50.69,49.3,50.67,4542750,227210905.9,14752
20241119,300958,12.37,12.36,12.56,12.23,12.56,3100030,38461623.5,4444
20241119,300959,40.24,37.92,39.35,35.3,38.2,9322723,349026734.97,18658
20241119,300960,23.67,23.41,24.18,22.85,24.12,3604897,85253447.18,5866
20241119,300961,9.86,9.95,10.29,9.8,10.26,6123961,61546019.83,9809
20241119,300962,16.19,15.98,16.36,15.77,16.36,3972304,63803211.0,5313
20241119,300963,9.03,9.03,9.17,8.9,9.17,4905720,44454742.09,4345
20241119,300964,38.43,39.23,40.0,38.47,39.99,1937881,76133817.82,7425
20241119,300965,32.79,32.94,33.49,32.45,33.25,358600,11808424.0,779
20241119,300966,17.67,17.79,18.24,17.67,18.18,2405900,43240979.47,4789
20241119,300967,12.03,12.09,12.36,11.9,12.36,3111297,37636071.0,7421
20241119,300968,20.0,19.8,21.42,19.0,21.42,38575700,788655078.73,46381
20241119,300969,79.3,81.2,85.7,77.86,85.58,3163042,260731800.74,9940
20241119,300970,12.84,12.9,13.1,12.81,13.07,2295092,29694323.48,5072
20241119,300971,20.69,20.68,21.82,20.6,21.82,3901548,83267637.08,7899
20241119,300972,66.44,66.6,69.0,64.0,68.3,3933043,260644981.43,15885
20241119,300973,35.92,36.0,36.49,35.52,36.47,1333117,48119010.91,6205
20241119,300975,12.2,12.2,12.86,12.09,12.84,46484282,579002529.76,51793
20241119,300976,57.86,57.74,60.74,57.74,60.68,1711555,101763454.35,7177
20241119,300977,23.3,21.5,23.01,20.42,22.6,14906144,321920119.09,19359
20241119,300978,11.53,11.6,12.06,11.6,12.06,6932539,81884526.64,11168
20241119,300979,64.69,64.87,65.89,63.09,65.1,1952914,126095344.26,10524
20241119,300980,21.48,21.17,23.08,20.92,22.88,8380415,185056071.98,13712
20241119,300981,15.48,15.0,17.16,15.0,15.98,45906717,731292696.61,51079
20241119,300982,18.66,18.66,19.15,18.5,19.11,3128590,58967119.31,6418
20241119,300983,18.79,18.85,19.2,18.62,19.19,1184026,22371780.62,2246
20241119,300984,24.88,24.95,25.58,24.81,25.5,575975,14551416.59,2039
20241119,300985,18.78,18.92,19.65,18.71,19.65,3000765,57263238.5,5333
20241119,300986,12.41,12.58,12.72,12.26,12.72,3273250,40811884.3,6921
20241119,300987,15.48,15.56,15.66,15.04,15.66,4719447,72531654.78,8608
20241119,300988,18.64,18.64,19.35,18.62,19.35,3844964,73011579.42,9486
20241119,300989,13.9,13.95,14.07,13.43,14.02,8943163,123281307.21,11427
20241119,300990,33.88,34.01,35.42,34.01,35.42,2017660,70056799.6,5446
20241119,300991,20.02,20.22,20.59,19.75,20.58,6504872,131444551.52,13177
20241119,300992,20.57,20.6,21.51,20.57,21.51,1379400,29028175.0,2933
20241119,300993,9.74,9.83,9.92,9.68,9.92,3051080,29925946.74,5121
20241119,300994,10.87,10.87,11.26,10.86,11.26,2262145,24987877.7,5794
20241119,300995,16.7,16.8,17.35,16.53,17.35,1692032,28761976.04,4757
20241119,300996,18.9,18.95,19.38,18.61,19.35,5741836,109034407.08,9462
20241119,300997,12.65,12.72,13.2,12.63,13.07,3390391,43795503.14,5101
20241119,300998,14.93,14.93,15.48,14.92,15.47,2397800,36489851.0,5042
20241119,300999,34.26,34.43,34.68,33.69,34.63,8028160,274805497.61,24830
20241119,301000,17.49,17.5,18.08,17.41,18.08,8321690,148217423.56,12340
20241119,301001,23.45,23.32,24.22,23.0,24.22,2760467,65187433.63,5290
20241119,301002,17.25,17.26,17.89,17.12,17.89,1345323,23509254.54,3708
20241119,301003,22.19,22.31,22.96,22.02,22.94,909284,20509970.4,2655
20241119,301004,99.21,99.34,104.75,99.21,104.73,914026,93561317.02,4823
20241119,301005,28.5,28.56,29.66,28.51,29.65,3762658,109461129.74,11295
20241119,301006,14.53,14.5,14.94,14.42,14.94,1717214,25232085.9,2900
20241119,301007,15.5,15.69,16.76,15.55,16.7,13763389,223262355.84,20965
20241119,301008,19.77,20.01,21.05,19.83,21.02,2618081,53571074.19,6495
20241119,301009,8.88,8.89,9.23,8.85,9.23,2481500,22465929.0,3949
20241119,301010,13.88,13.88,14.11,13.6,14.07,1582000,21994166.0,3621
20241119,301011,18.77,18.79,19.46,18.66,19.46,2381483,45451729.52,7724
20241119,301012,22.78,22.85,23.59,22.6,23.56,4557074,105126694.76,8724
20241119,301013,13.09,13.24,13.71,13.15,13.7,8570292,115515985.38,9676
20241119,301015,27.48,27.4,28.04,27.28,28.04,2283400,63267779.0,7389
20241119,301016,22.72,23.2,23.99,22.9,23.99,5169656,121584353.12,12757
20241119,301017,13.54,13.61,14.18,13.28,14.18,8751200,119939008.66,9625
20241119,301018,22.48,22.6,23.46,22.49,23.46,4068050,93288222.28,9991
20241119,301019,14.94,14.91,15.29,14.86,15.29,869208,13124859.73,2173
20241119,301020,19.67,19.88,20.45,19.73,20.43,1436700,28783384.0,4852
20241119,301021,31.33,31.31,35.45,30.5,35.15,22988604,763617253.92,39393
20241119,301022,22.46,22.61,23.4,22.51,23.39,1568500,36039998.8,5383
20241119,301023,49.97,49.81,52.51,49.5,52.51,1417950,72572929.0,5599
20241119,301024,26.0,25.92,26.36,25.06,26.01,1662971,42598503.74,3980
20241119,301025,10.09,10.22,10.3,9.92,10.29,8042500,81147604.05,14817
20241119,301026,28.93,29.29,29.47,28.6,29.47,1626223,47294851.24,4246
20241119,301027,12.38,12.49,12.66,12.23,12.58,6960800,86782773.0,9170
20241119,301028,10.56,10.64,11.02,10.55,11.0,3616000,39021685.0,7890
20241119,301029,24.27,24.46,25.27,24.21,25.27,3953716,97803058.36,14854
20241119,301030,27.87,27.65,29.37,27.65,29.18,7957120,226711633.2,16842
20241119,301031,107.58,110.0,111.11,106.61,110.53,772900,83938403.0,4771
20241119,301032,10.22,10.29,10.4,9.99,10.4,6728365,68617837.22,7870
20241119,301033,46.51,46.51,47.94,46.5,47.92,529687,25036984.56,1930
20241119,301035,49.8,50.0,51.96,49.81,51.9,1110706,56779877.28,5536
20241119,301036,45.11,45.4,47.3,45.32,47.3,4314763,199306807.84,13472
20241119,301037,10.7,10.88,11.08,10.67,11.06,2035186,22105622.0,4094
20241119,301038,20.34,20.34,20.55,19.9,20.55,3037351,61506641.22,5532
20241119,301039,9.99,10.04,10.2,9.93,10.19,14259587,143591514.18,20756
20241119,301040,15.72,15.69,16.15,15.25,16.15,3694295,57670213.1,8080
20241119,301041,25.43,25.21,26.08,24.8,26.08,5637300,144183163.0,14643
20241119,301042,35.55,36.07,38.48,36.07,38.06,1964688,73366423.36,6918
20241119,301043,27.68,27.8,28.42,27.4,28.37,657900,18415450.0,2128
20241119,301045,21.52,21.63,22.69,21.62,22.65,2614350,57898511.5,5724
20241119,301046,21.21,21.44,21.92,21.14,21.92,1787100,38590863.0,4602
20241119,301047,66.81,67.21,68.65,66.91,68.57,843171,57185855.47,4059
20241119,301048,10.91,10.53,10.79,10.11,10.48,18197640,189447574.0,12209
20241119,301049,25.82,26.2,26.89,25.55,26.82,2790300,73176727.58,6624
20241119,301050,53.28,53.6,55.48,53.12,55.24,9301141,505203460.98,25896
20241119,301051,31.45,30.86,33.0,30.19,32.9,11582017,373219830.11,17662
20241119,301052,26.0,26.01,26.53,25.55,26.5,6309473,164520059.92,19991
20241119,301053,20.75,21.0,21.41,20.7,21.4,975000,20542364.0,3213
20241119,301055,14.15,14.21,14.39,13.89,14.39,2561000,36168553.0,5104
20241119,301056,8.53,8.54,8.84,8.49,8.84,3462989,30078171.52,6032
20241119,301057,13.87,13.94,14.21,13.72,14.16,3403000,47606469.27,4113
20241119,301058,11.92,11.5,11.81,11.36,11.8,22431400,259075257.44,25565
20241119,301059,10.75,10.85,11.22,10.77,11.2,2714020,29824495.4,6002
20241119,301060,9.9,10.1,10.44,9.93,10.38,9129048,93019157.0,13385
20241119,301061,54.33,54.33,56.23,54.15,56.1,729080,40329194.67,3153
20241119,301062,12.68,12.63,13.67,12.63,13.51,14272636,190016224.53,16222
20241119,301063,16.52,16.42,17.03,16.42,17.03,1804900,30201757.0,4970
20241119,301065,19.47,19.51,19.91,19.48,19.91,1260809,24881516.3,2825
20241119,301066,10.32,10.39,10.56,10.15,10.53,5533165,57298757.67,8747
20241119,301067,24.97,24.97,25.86,24.97,25.84,2237880,56951908.2,6800
20241119,301068,30.0,30.59,32.1,30.02,32.0,1396240,43497989.8,3881
20241119,301069,14.15,14.24,15.16,14.18,15.09,6952200,102040851.68,13822
20241119,301070,51.63,51.63,52.52,49.92,52.34,1764147,90114466.15,4342
20241119,301071,27.32,27.35,28.06,27.17,28.05,2994500,82818869.0,7070
20241119,301072,21.23,21.87,22.63,21.43,22.63,2143900,47305552.0,5267
20241119,301073,22.05,22.12,22.57,21.71,22.53,5811675,128873997.01,9690
20241119,301075,20.0,20.29,20.53,19.92,20.49,1054900,21394562.0,2911
20241119,301076,19.23,19.5,20.31,19.44,20.31,3275355,65223311.05,7898
20241119,301077,23.36,23.34,23.9,23.23,23.88,2218750,52492465.5,5994
20241119,301078,11.33,11.36,12.19,10.89,12.07,69150574,797579786.52,60421
20241119,301079,16.21,16.42,17.0,16.29,17.0,4242430,70537581.1,8005
20241119,301080,44.4,44.4,46.93,44.39,45.82,2660977,122034584.42,8555
20241119,301081,8.57,8.52,8.78,8.48,8.74,2204600,19036509.2,3637
20241119,301082,13.39,12.9,16.07,12.65,16.07,52735257,786566523.12,34487
20241119,301083,14.05,14.0,15.15,14.0,15.14,6326138,92289167.14,13290
20241119,301085,58.37,58.37,59.97,57.33,59.81,2928385,171228657.48,8075
20241119,301086,48.38,49.0,50.49,48.38,50.38,1229200,60686450.5,5911
20241119,301087,37.74,37.67,38.81,37.61,38.8,1630257,62208830.92,7306
20241119,301088,13.18,13.17,13.44,13.11,13.42,1342300,17805875.0,2987
20241119,301089,31.8,32.0,32.77,31.6,32.76,2869704,92691909.36,9997
20241119,301090,7.63,7.62,7.85,7.56,7.85,7766000,59868465.0,13714
20241119,301091,58.53,56.48,61.65,55.9,58.0,30792471,1815007743.05,71017
20241119,301092,23.9,23.99,24.93,23.79,24.89,1631000,39762114.0,4502
20241119,301093,22.82,22.82,23.41,22.7,23.41,907200,20852934.0,2454
20241119,301095,59.6,60.29,62.28,58.87,62.02,7143783,432703185.21,23796
20241119,301096,40.02,40.1,40.88,39.56,40.86,3316679,133423640.98,7908
20241119,301097,43.61,44.22,44.49,43.05,44.19,523791,22971172.82,1718
20241119,301098,8.8,8.77,8.97,8.66,8.97,6704845,59092127.47,7124
20241119,301099,39.87,40.12,41.18,39.4,41.17,2474639,99920932.98,9141
20241119,301100,18.15,18.08,18.4,17.1,17.9,5487445,96413433.3,8838
20241119,301101,37.0,33.5,34.66,31.13,33.65,20210299,664701129.85,36560
20241119,301102,10.78,10.85,11.08,10.6,11.08,6846732,74331701.55,11364
20241119,301103,22.59,22.61,23.18,22.33,23.17,1438130,32727579.0,4025
20241119,301105,29.52,29.52,30.37,29.41,30.31,559800,16767539.0,2071
20241119,301106,31.9,31.92,33.0,31.92,32.94,1763960,57482126.0,5708
20241119,301107,26.49,26.72,28.53,26.59,28.53,1742169,48123430.1,6005
20241119,301108,26.92,26.94,29.16,26.81,29.07,2044068,57458474.6,4502
20241119,301109,16.45,16.46,16.81,16.44,16.81,2274849,37748625.52,5823
20241119,301110,39.05,39.06,41.5,38.32,41.16,2691140,107293590.6,9348
20241119,301111,16.46,16.44,16.95,16.42,16.95,2746700,45836193.0,6145
20241119,301112,24.93,24.96,26.54,24.85,26.46,2656200,68727928.0,6516
20241119,301113,25.37,25.41,25.95,25.14,25.84,460500,11782073.0,1424
20241119,301115,14.42,14.48,14.76,14.36,14.74,1847880,26850080.8,4084
20241119,301116,11.62,11.63,12.01,11.63,11.98,3957000,46690233.0,5918
20241119,301117,31.41,31.88,32.12,30.79,32.12,3411698,107647211.96,9677
20241119,301118,19.44,19.47,20.49,19.07,20.31,4869700,96803900.64,6856
20241119,301119,22.35,22.36,23.37,22.21,23.27,1641193,37480773.11,4098
20241119,301120,9.44,9.46,9.87,9.43,9.86,4781550,46054913.0,7318
20241119,301121,51.89,50.88,54.01,50.02,54.01,4461104,232520689.16,14063
20241119,301122,22.74,22.5,24.5,21.8,24.25,13556177,315376059.46,16452
20241119,301123,18.95,19.03,19.85,19.03,19.82,3645300,70834817.0,9506
20241119,301125,10.78,10.75,11.77,10.75,11.77,10851604,123781495.57,14271
20241119,301126,11.15,11.15,11.35,11.05,11.35,3583200,40259494.0,5980
20241119,301127,12.66,12.63,13.15,12.5,13.11,14201798,182535903.35,17506
20241119,301128,54.16,54.44,56.2,54.17,56.2,1903301,105051572.19,7145
20241119,301129,23.05,23.03,23.88,22.95,23.88,2400920,56189225.52,7257
20241119,301130,26.86,26.94,27.29,26.66,27.29,1650600,44466704.0,3103
20241119,301131,33.86,34.1,35.69,34.1,35.69,1313201,45674799.86,4439
20241119,301132,28.63,29.0,30.07,28.65,30.07,3654947,107635979.91,10504
20241119,301133,22.7,22.66,23.79,22.66,23.79,2239387,52236754.2,6120
20241119,301135,23.64,23.8,24.97,23.8,24.97,2603800,63509357.0,6591
20241119,301136,13.8,13.89,14.08,13.56,14.01,6340950,87707753.0,10599
20241119,301137,17.82,17.85,18.98,17.7,18.92,5048192,93164516.12,6534
20241119,301138,26.9,27.1,28.45,26.55,28.45,2005800,55498997.0,6306
20241119,301139,22.74,22.88,23.55,22.43,23.45,3745224,86138809.84,6660
20241119,301141,39.8,40.0,41.25,39.6,41.12,3231599,130654838.46,9602
20241119,301148,18.93,18.78,19.59,18.78,19.59,1157800,22266909.0,3317
20241119,301149,9.93,9.96,10.08,9.8,10.08,4562492,45380415.68,6836
20241119,301150,24.03,23.98,24.45,23.22,24.35,5487248,130957514.18,15983
20241119,301151,15.86,15.88,16.2,15.71,16.2,2348395,37462652.05,5050
20241119,301152,42.62,42.21,46.0,42.2,45.03,7244500,318335806.0,10400
20241119,301153,28.99,29.29,29.81,28.51,29.7,7440077,217037117.57,21358
20241119,301155,62.25,62.16,62.85,60.58,62.66,3934233,243003091.23,14011
20241119,301156,13.39,13.45,13.73,13.33,13.72,1218726,16480044.36,3307
20241119,301157,40.83,40.19,40.19,37.52,39.21,3056820,117851460.18,7208
20241119,301158,14.46,14.48,15.16,14.46,15.06,3704086,54974030.28,6916
20241119,301159,32.71,33.33,33.8,32.52,33.71,1762896,58437123.88,5887
20241119,301160,49.31,49.81,51.75,49.45,51.7,2453600,124505954.0,8168
20241119,301161,18.99,18.99,19.5,18.71,19.49,2332946,44541587.54,4532
20241119,301162,38.69,39.11,39.87,38.36,39.81,1209400,47257625.0,4558
20241119,301163,22.45,22.45,23.4,22.34,23.33,1749700,39986317.0,4132
20241119,301165,50.69,50.6,51.88,49.77,51.5,2921766,148704385.17,16176
20241119,301166,30.11,30.13,31.62,30.13,31.09,1474300,45587312.82,4092
20241119,301167,13.47,13.5,13.87,13.38,13.82,2488180,33815396.8,3778
20241119,301168,29.33,29.33,30.49,29.3,30.49,1913300,57325379.0,6100
20241119,301169,41.47,41.89,43.99,39.93,43.6,4362330,183340096.57,12243
20241119,301171,32.67,29.6,32.53,29.6,32.52,85252124,2650321504.46,109139
20241119,301175,5.64,5.65,5.74,5.6,5.74,23516638,133275242.56,22826
20241119,301176,18.62,18.69,19.76,18.69,19.76,3773800,72348695.0,9215
20241119,301177,22.48,22.57,23.22,22.5,23.22,1117600,25479487.0,4389
20241119,301178,27.88,27.8,28.49,27.31,28.46,3081560,85875839.2,7215
20241119,301179,17.43,17.56,18.13,17.52,18.09,3201146,57090766.64,6599
20241119,301180,14.95,15.17,15.55,14.93,15.5,4645700,70965931.0,13390
20241119,301181,23.09,23.18,23.58,22.91,23.55,1569690,36547628.76,2874
20241119,301182,34.5,35.0,36.2,34.06,36.15,2955390,103687934.0,8347
20241119,301183,50.52,53.0,59.52,52.94,56.63,8778200,489356874.0,22882
20241119,301185,17.3,17.5,18.1,17.23,18.08,4902500,86335854.0,11003
20241119,301186,37.79,37.95,40.22,37.45,40.01,2158218,84432962.05,6011
20241119,301187,26.9,26.91,28.0,26.91,27.91,1870671,51417495.3,6603
20241119,301188,15.53,15.44,15.69,15.13,15.69,4085605,63167729.74,3889
20241119,301189,24.1,23.91,24.87,23.91,24.87,2407229,58644003.83,7316
20241119,301190,15.63,15.64,16.3,15.49,16.3,2703185,42666909.94,4128
20241119,301191,78.98,78.99,82.8,78.99,82.59,1388000,112964714.1,6182
20241119,301192,18.1,18.16,18.85,18.14,18.81,1164335,21503294.55,3314
20241119,301193,15.82,15.81,16.47,15.69,16.45,1337460,21537138.0,3068
20241119,301195,32.1,32.39,33.3,32.02,33.3,1498222,48888074.15,5871
20241119,301196,34.5,34.63,35.8,34.63,35.79,1247003,43974738.81,3633
20241119,301197,15.11,15.21,15.69,15.11,15.69,2168300,33321936.0,4956
20241119,301198,10.52,10.65,10.79,10.4,10.78,4606826,48758937.46,5103
20241119,301199,27.66,27.67,29.44,27.67,29.4,2891095,82791547.1,7708
20241119,301200,36.95,36.61,40.4,36.61,40.26,8613204,337878276.08,21495
20241119,301201,21.58,21.94,22.87,21.58,22.51,2655780,59038393.56,7500
20241119,301205,70.45,71.33,73.41,70.2,73.33,2887420,208046487.8,12671
20241119,301206,27.07,27.1,27.72,27.1,27.7,862960,23681422.8,2432
20241119,301207,19.29,19.47,20.22,19.47,20.19,4028927,79911571.18,11224
20241119,301208,35.2,35.03,36.21,34.86,36.21,2765527,98284726.04,6907
20241119,301209,31.41,30.42,30.52,28.24,29.9,4879156,142628634.11,8017
20241119,301211,19.92,20.02,20.37,19.7,20.37,3873800,77968637.4,6520
20241119,301212,24.84,24.0,24.45,22.59,24.32,4425516,103518590.52,7167
20241119,301213,39.5,39.5,39.9,37.91,39.52,2069500,80557151.0,6231
20241119,301215,6.52,6.49,6.83,6.46,6.83,41080000,273576799.0,35286
20241119,301216,10.94,10.99,11.25,10.94,11.23,3858700,42810193.0,7438
20241119,301217,10.96,10.99,11.49,10.96,11.45,6121393,68444552.45,12759
20241119,301218,22.9,22.9,23.8,22.58,23.76,3165750,73519686.5,9325
20241119,301219,49.54,49.54,53.0,49.54,52.98,7370195,378003439.85,21144
20241119,301220,31.28,31.73,31.8,30.5,31.6,1808000,56237706.0,5690
20241119,301221,46.59,46.7,50.0,46.7,49.72,4607240,224302063.0,14005
20241119,301222,27.33,27.54,28.14,27.21,28.1,1624370,44872486.0,3424
20241119,301223,17.05,17.05,17.11,16.81,17.1,762300,12945413.0,1839
20241119,301226,23.35,23.44,24.38,23.28,24.32,2839940,67547987.8,6871
20241119,301227,17.78,17.81,17.9,17.35,17.84,1377200,24363174.97,3103
20241119,301228,12.62,12.7,12.89,12.46,12.85,2740105,34761556.95,6380
20241119,301229,20.8,20.82,21.87,20.82,21.82,2215400,47462967.2,4876
20241119,301230,24.61,24.5,25.3,24.0,25.26,5270232,130762610.36,12453
20241119,301231,18.23,18.23,18.61,17.83,18.61,4032119,73298325.38,8615
20241119,301233,40.7,41.27,42.87,40.84,42.79,1233200,51814771.0,5084
20241119,301234,26.53,26.53,27.19,26.44,27.12,1207926,32424887.14,2769
20241119,301235,20.33,20.5,20.85,20.29,20.85,1390200,28522045.0,4689
20241119,301236,57.17,57.03,59.46,56.4,59.25,34851007,2029973382.77,96864
20241119,301237,23.72,23.62,24.4,23.62,24.4,491356,11790046.52,1703
20241119,301238,17.94,18.08,18.5,17.36,18.5,20055134,360517410.26,41661
20241119,301239,48.26,49.0,50.33,47.81,49.75,2420700,118483541.0,12039
20241119,301246,14.57,14.66,14.91,14.31,14.79,7765622,113476223.68,13616
20241119,301248,16.7,17.2,17.85,16.68,17.45,8777770,150890700.57,10890
20241119,301255,34.32,33.8,40.0,33.5,38.47,8123212,303879220.32,14656
20241119,301256,7.66,7.66,7.94,7.63,7.94,5174831,40189681.77,5653
20241119,301257,29.3,29.34,30.21,29.1,30.21,1280810,37927115.9,3187
20241119,301258,26.12,26.45,27.04,26.19,27.04,1256151,33349935.4,5241
20241119,301259,46.6,47.05,47.63,45.58,47.48,1300600,61060403.0,4546
20241119,301260,13.67,13.72,14.08,13.58,14.05,2896000,40017221.0,6464
20241119,301263,13.79,13.93,14.09,13.73,14.05,4077825,56811346.6,4300
20241119,301265,9.43,9.44,9.57,9.36,9.57,1737169,16454789.05,3298
20241119,301266,44.31,44.33,46.71,44.32,46.58,6246496,284790658.31,20657
20241119,301267,21.68,21.78,22.19,21.52,22.18,4548604,99694881.1,15159
20241119,301268,18.42,18.57,19.35,18.43,19.34,1805100,34215280.0,6167
20241119,301269,115.99,118.0,124.69,115.02,122.03,11328879,1353555285.21,47226
20241119,301270,34.95,35.0,36.65,34.95,36.6,2378500,85111654.0,7457
20241119,301273,18.68,18.71,19.31,18.56,19.24,666300,12608684.0,2318
20241119,301276,20.48,20.55,20.64,20.34,20.57,1307317,26788499.35,1997
20241119,301277,14.5,14.61,15.06,14.58,15.04,3573095,52827596.95,7560
20241119,301278,37.12,37.31,38.74,37.31,38.74,1619140,61599235.2,5547
20241119,301279,20.41,20.41,21.29,20.41,21.29,1429254,29817295.4,4101
20241119,301280,42.69,42.3,43.63,41.93,43.58,1776089,76405726.84,6816
20241119,301282,22.07,22.27,23.43,22.08,23.29,3653700,83697590.0,10925
20241119,301283,26.21,26.28,26.98,26.22,26.94,765000,20322507.0,2112
20241119,301285,23.61,23.8,26.69,23.8,26.5,10603031,271374957.52,18348
20241119,301286,31.98,32.16,33.14,32.02,33.14,773700,25120164.0,2679
20241119,301288,16.39,16.13,16.61,16.11,16.58,2408400,39467807.0,5057
20241119,301289,42.86,43.25,45.79,42.94,45.79,2712330,121459864.5,7120
20241119,301290,26.4,26.6,26.94,25.86,26.84,1917144,50735136.68,3642
20241119,301296,8.89,8.9,9.12,8.87,9.11,3176300,28633498.0,4761
20241119,301297,48.12,48.7,50.88,48.3,50.81,14930300,739997395.15,43090
20241119,301298,13.77,13.78,14.4,13.78,14.4,1807900,25474011.74,3606
20241119,301299,51.58,51.96,53.81,51.29,53.81,1679600,88054347.0,6717
20241119,301300,26.2,26.07,27.0,26.01,27.0,825500,21813141.0,2825
20241119,301301,13.26,13.31,13.55,13.11,13.54,30233038,403079593.83,40322
20241119,301302,19.81,20.09,20.38,19.57,20.34,4472450,89360551.0,10519
20241119,301303,14.91,14.9,15.66,14.68,15.66,11376544,173459572.69,15250
20241119,301306,42.3,42.94,43.74,41.5,43.4,3412099,146122956.8,9165
20241119,301308,85.87,86.5,88.96,85.12,88.96,6348374,552829397.32,23189
20241119,301309,26.79,26.88,27.75,26.82,27.75,767400,20913694.0,3181
20241119,301311,19.6,19.6,20.19,19.44,20.12,3878651,76556094.29,8895
20241119,301312,50.13,50.3,52.61,49.15,52.61,3131655,159871650.85,8554
20241119,301313,21.3,21.3,21.99,21.05,21.99,4936724,106302510.97,11674
20241119,301314,35.51,35.87,37.25,35.83,37.25,968734,35304764.68,3182
20241119,301316,18.93,18.85,19.48,18.63,19.46,9059200,172313065.0,13201
20241119,301317,21.07,21.08,22.24,20.9,22.24,1141500,24816005.0,3085
20241119,301318,29.69,29.7,32.31,29.3,31.77,5919285,182393923.18,18678
20241119,301319,30.31,30.56,31.78,30.01,31.67,1584850,49008026.4,5194
20241119,301321,16.08,16.08,17.16,16.03,17.09,6841390,113457751.6,8997
20241119,301322,25.14,25.09,25.95,24.61,25.91,2546150,64433379.57,6065
20241119,301326,73.2,70.51,76.49,69.51,74.87,2847303,207237695.48,9188
20241119,301327,80.43,81.38,83.35,80.45,83.05,608038,49833823.0,4010
20241119,301328,37.7,37.8,40.33,37.8,40.27,2161656,84633199.64,6853
20241119,301330,26.34,26.66,27.5,26.4,27.45,2654540,71400332.7,7870
20241119,301331,24.49,24.32,24.86,24.25,24.86,1034000,25472757.81,3132
20241119,301333,53.85,53.86,55.41,53.49,55.34,1099800,60032368.0,4970
20241119,301335,20.18,20.1,20.6,20.1,20.57,785181,15981127.67,2283
20241119,301336,33.13,33.23,34.27,33.13,34.17,488700,16410028.0,1784
20241119,301338,34.1,34.41,35.82,34.24,35.82,2330200,81891448.0,6754
20241119,301339,19.88,20.09,20.46,19.74,20.45,6110142,122847676.44,15869
20241119,301345,60.77,61.06,63.1,61.06,63.0,830341,51713526.44,4636
20241119,301349,34.22,33.51,34.44,32.12,34.15,4396437,146932976.69,12937
20241119,301356,19.03,19.14,19.5,18.43,19.05,1785210,33868032.9,5168
20241119,301358,46.8,47.55,50.7,46.75,50.57,17495133,858876633.19,55365
20241119,301359,23.43,23.55,24.45,23.55,24.4,2118123,50680868.97,5426
20241119,301361,25.68,25.68,26.84,25.68,26.84,2016000,52924517.0,6635
20241119,301363,29.48,29.7,30.04,29.23,29.88,1555436,46126734.34,5369
20241119,301365,14.3,14.27,14.7,14.15,14.66,2513800,36289837.0,6936
20241119,301366,45.45,46.22,46.63,44.39,46.63,3273970,149538369.03,8431
20241119,301367,68.31,68.3,71.44,68.0,71.44,1032960,72313010.6,4841
20241119,301368,47.22,47.0,50.7,47.0,50.64,8405224,413355907.25,22717
20241119,301369,57.49,57.73,60.57,57.51,60.5,2082000,122838028.5,7762
20241119,301373,26.09,26.09,26.86,26.09,26.86,693133,18362997.25,1853
20241119,301377,19.65,19.76,20.61,19.53,20.61,2377600,47707746.0,8035
20241119,301378,31.86,32.0,32.78,31.0,32.7,3258687,104108670.29,8787
20241119,301379,19.71,19.71,20.5,19.71,20.5,2711920,54586499.6,8519
20241119,301380,39.04,40.0,40.44,38.56,40.19,2551437,100561464.79,7131
20241119,301386,20.52,20.65,21.25,20.56,21.25,1475010,30843173.6,4415
20241119,301388,22.59,22.58,23.62,22.26,23.62,1819961,41828182.68,4939
20241119,301389,15.42,15.44,16.2,15.44,16.18,4375276,69148091.32,11891
20241119,301391,40.3,40.7,41.22,39.01,41.18,2282695,91701788.08,5672
20241119,301396,26.4,26.4,26.66,25.09,26.55,7736496,200463871.58,11646
20241119,301398,45.84,45.8,48.5,45.5,48.3,2692360,128071099.55,7263
20241119,301408,12.03,12.03,12.36,11.94,12.36,4100408,49772016.12,8313
20241119,301419,28.32,28.51,29.99,28.02,29.91,1828700,53289592.0,5307
20241119,301439,13.45,13.39,13.86,13.39,13.86,3119048,42493741.24,8721
20241119,302132,68.25,67.9,69.38,66.42,69.2,19654166,1335818901.52,60384
20241119,600000,9.83,9.85,10.05,9.67,9.79,73998208,728900946.0,63478
20241119,600004,9.87,9.87,9.93,9.73,9.85,19736150,194164495.0,22435
20241119,600006,7.22,7.2,7.27,6.93,7.17,91624341,650166131.0,58382
20241119,600007,22.43,22.44,22.59,22.05,22.47,5103176,113882881.0,14070
20241119,600008,3.38,3.39,3.42,3.35,3.39,81350360,274995130.0,36269
20241119,600009,36.18,36.28,36.37,35.47,35.96,12559599,451012887.0,27322
20241119,600010,1.92,1.91,1.93,1.85,1.92,681104167,1287094849.0,118376
20241119,600011,7.22,7.23,7.23,7.01,7.11,62479516,444242257.0,47651
20241119,600012,14.85,14.77,14.95,14.5,14.7,8181664,120413533.0,21318
20241119,600015,7.44,7.44,7.67,7.32,7.52,96083423,721885499.0,53954
20241119,600016,4.05,4.1,4.35,4.03,4.16,1018050886,4258453989.0,172142
20241119,600017,3.21,3.2,3.28,3.17,3.23,55759637,179512684.0,27234
20241119,600018,6.07,6.07,6.08,5.91,5.97,51219930,306497397.0,39301
20241119,600019,6.8,6.77,6.81,6.64,6.73,97868122,656485353.0,62399
20241119,600020,4.2,4.19,4.26,4.14,4.21,19268734,80888046.0,14485
20241119,600021,9.87,9.91,9.99,9.8,9.94,34136879,338019395.0,39648
20241119,600022,1.55,1.53,1.54,1.49,1.52,152114139,229965596.0,25491
20241119,600023,5.77,5.77,5.79,5.66,5.75,55359645,316274250.0,36583
20241119,600025,9.67,9.67,9.69,9.54,9.6,28190206,270619870.0,31216
20241119,600026,12.95,12.94,12.94,12.71,12.83,29472709,377607044.0,26095
20241119,600027,5.59,5.61,5.63,5.52,5.57,52924650,294354426.0,41033
20241119,600028,6.36,6.38,6.39,6.26,6.29,178021352,1121273287.0,69377
20241119,600029,6.32,6.32,6.45,6.25,6.35,75735416,480831885.0,49710
20241119,600030,30.67,30.7,31.52,30.48,31.3,219410612,6795769179.0,274392
20241119,600031,17.83,17.76,17.96,17.62,17.89,50131509,891083657.0,78034
20241119,600032,8.06,8.1,8.14,7.99,8.13,6179963,49872373.0,11819
20241119,600033,3.58,3.57,3.63,3.53,3.58,36001016,128664591.0,26757
20241119,600035,4.26,4.3,4.31,4.21,4.27,23204760,98873328.0,15540
20241119,600036,37.9,37.91,38.18,37.45,37.72,52124855,1967719175.0,90100
20241119,600037,7.37,7.37,7.37,7.16,7.3,25894289,187877074.0,25591
20241119,600038,40.66,40.96,41.39,40.0,40.88,8965799,364518380.0,22280
20241119,600039,7.48,7.48,7.53,7.33,7.53,32766761,243582536.0,33123
20241119,600048,10.18,10.21,10.25,9.95,10.18,126835497,1275236373.0,85595
20241119,600050,5.8,5.64,5.68,5.34,5.48,1313574025,7190256617.0,302321
20241119,600051,6.7,6.64,6.95,6.57,6.86,12366804,83496791.0,8874
20241119,600052,4.68,4.66,4.73,4.58,4.73,7033344,32675162.0,5918
20241119,600053,15.07,15.28,15.55,15.07,15.53,5573784,85150963.0,12756
20241119,600054,11.49,11.52,11.58,11.39,11.58,4628147,53256963.0,7869
20241119,600055,16.76,16.81,17.0,16.32,16.96,10501296,175004226.0,23737
20241119,600056,12.63,12.4,12.57,12.0,12.27,59224522,725922932.0,61988
20241119,600057,6.14,6.15,6.18,5.99,6.12,24394860,148197934.0,20397
20241119,600058,7.47,7.48,7.56,7.37,7.56,8379051,62686649.0,12430
20241119,600059,8.97,9.01,9.04,8.88,9.03,9218856,82744376.0,12673
20241119,600060,20.58,20.47,21.23,20.47,21.07,11334497,236815289.0,21465
20241119,600061,7.82,7.81,7.97,7.77,7.96,46461153,365806209.0,31455
20241119,600062,21.29,21.26,21.93,21.25,21.72,19523623,422967876.0,39637
20241119,600063,3.98,4.0,4.12,4.0,4.12,28878203,117713361.0,16796
20241119,600064,7.94,7.94,8.05,7.85,8.03,33590801,267044411.0,28596
20241119,600066,22.84,22.8,23.03,22.62,22.92,21819639,498754032.0,50486
20241119,600067,3.44,3.15,3.31,3.1,3.2,69566276,221845166.0,18854
20241119,600071,21.26,21.22,22.22,21.22,22.2,6601243,143890444.0,17773
20241119,600072,13.58,13.7,13.72,13.34,13.71,21753743,294221411.0,30182
20241119,600073,6.98,7.03,7.07,6.95,7.05,10507765,73714541.0,18005
20241119,600075,4.49,4.46,4.52,4.39,4.51,16499456,73634998.0,14953
20241119,600076,2.23,2.23,2.29,2.18,2.24,30228226,67336085.0,12621
20241119,600078,6.07,6.1,6.19,6.0,6.19,9996777,60791715.0,12176
20241119,600079,22.8,22.96,23.19,22.0,22.42,19672934,441549668.0,39165
20241119,600080,6.59,6.54,6.73,6.54,6.71,2488000,16576238.0,4450
20241119,600081,10.73,10.73,10.81,10.36,10.79,9874645,105086735.0,8793
20241119,600082,2.95,2.96,2.97,2.81,2.88,18825453,53890694.0,9075
20241119,600084,5.82,5.8,5.91,5.74,5.91,4795290,27950264.0,5467
20241119,600085,41.08,41.15,41.8,40.64,41.48,7873565,324277184.0,23065
20241119,600088,17.22,17.1,17.5,16.85,17.48,10774545,185000378.0,22329
20241119,600089,13.84,13.83,14.03,13.67,13.92,36015639,498891920.0,45460
20241119,600094,3.64,3.65,3.69,3.56,3.67,25074832,90858472.0,16796
20241119,600095,7.51,7.53,7.58,7.43,7.58,31984209,240276632.0,27189
20241119,600096,22.01,22.16,22.3,21.87,22.27,20556489,454568771.0,41996
20241119,600097,9.31,9.31,9.44,9.14,9.34,3148500,29195751.0,6786
20241119,600098,6.54,6.53,6.59,6.44,6.56,31184603,203015535.0,28431
20241119,600099,9.16,9.12,9.38,9.12,9.38,2969068,27474829.0,6209
20241119,600100,7.17,7.24,7.34,7.09,7.32,63984474,461823750.0,54651
20241119,600101,9.02,8.96,9.21,8.95,9.21,18598219,168814336.0,22062
20241119,600103,2.2,2.2,2.21,2.14,2.2,48668788,105651541.0,15535
20241119,600104,18.35,17.12,17.41,16.52,16.52,267626764,4502089382.0,169738
20241119,600105,4.71,4.7,4.94,4.65,4.89,49217159,235906460.0,32381
20241119,600106,6.7,6.68,6.8,6.56,6.75,33603983,224247140.0,19286
20241119,600107,5.17,5.16,5.19,4.89,5.09,14436347,72824912.0,7224
20241119,600108,2.91,2.92,3.09,2.92,3.08,86018382,258851253.0,18277
20241119,600109,9.05,9.09,9.2,9.0,9.16,39619717,360528672.0,31879
20241119,600110,4.53,4.48,4.57,4.33,4.57,51133382,227032370.0,30886
20241119,600111,22.81,22.93,23.35,22.52,23.21,66597990,1529881456.0,114798
20241119,600113,12.13,12.13,13.34,11.85,13.34,15331606,193658917.0,17818
20241119,600114,15.5,15.66,16.18,15.58,16.18,26217138,415080172.0,31256
20241119,600115,3.97,3.96,4.04,3.93,3.98,90648958,360985513.0,38215
20241119,600116,7.28,7.29,7.29,7.18,7.27,15228139,110103190.0,15218
20241119,600117,2.67,2.67,2.68,2.6,2.67,12781148,33693594.0,9004
20241119,600118,27.4,27.5,28.21,27.17,28.07,22883959,632327657.0,45939
20241119,600119,9.15,8.6,9.23,8.31,8.8,39222494,345320475.0,26061
20241119,600120,4.67,4.65,4.73,4.62,4.72,38358951,179195342.0,33211
20241119,600121,4.97,4.87,4.97,4.71,4.84,79458155,384219954.0,32867
20241119,600123,9.2,9.11,9.11,8.8,9.03,48254283,431468281.0,34571
20241119,600125,6.18,6.17,6.37,6.11,6.33,32810961,206165768.0,24927
20241119,600126,4.14,4.13,4.15,4.02,4.14,42597325,174390177.0,29472
20241119,600127,6.9,6.91,6.95,6.81,6.94,11877601,81715833.0,8447
20241119,600128,8.21,8.19,8.23,7.97,8.21,6939500,56422889.0,7791
20241119,600129,25.56,25.6,25.86,25.03,25.83,11081953,283306435.0,22159
20241119,600130,5.2,5.19,5.4,5.18,5.39,41129634,217582203.0,30450
20241119,600131,21.78,21.89,22.13,21.14,21.83,22610348,489141337.0,46559
20241119,600132,64.45,65.05,65.3,62.33,63.61,4677464,297209563.0,17581
20241119,600133,10.68,10.69,10.92,10.55,10.91,37129801,398351034.0,41065
20241119,600135,6.56,6.55,6.69,6.44,6.68,12485957,82119738.0,11538
20241119,600136,1.88,1.85,1.9,1.81,1.86,18007632,33433507.0,2854
20241119,600137,14.35,14.27,14.5,14.13,14.5,1138350,16336781.0,2501
20241119,600138,10.18,10.19,10.29,10.1,10.29,16114674,164309121.0,16374
20241119,600141,23.1,23.04,23.55,22.96,23.55,15900115,369044803.0,33551
20241119,600143,8.6,8.64,8.75,8.58,8.74,18843250,163430049.0,27931
20241119,600148,21.85,23.86,24.04,22.02,24.04,7085467,168772782.0,6943
20241119,600149,4.63,4.65,4.67,4.52,4.67,9108867,41862301.0,8480
20241119,600150,36.71,36.72,37.03,35.52,36.26,60098513,2164721647.0,107754
20241119,600151,9.0,8.91,9.12,8.71,8.99,29895162,266720608.0,21031
20241119,600152,6.93,6.8,6.99,6.62,6.97,31068817,211527846.0,30667
20241119,600153,10.26,10.08,10.08,9.69,9.87,63442024,624423456.0,50312
20241119,600155,7.99,7.8,8.0,7.78,7.98,74574335,587559798.0,48540
20241119,600156,4.79,4.55,4.68,4.44,4.66,29631164,135281642.0,26503
20241119,600157,1.71,1.71,1.73,1.61,1.68,2240472688,3749061321.0,275319
20241119,600158,7.98,7.98,8.09,7.89,8.08,14571858,116510313.0,17707
20241119,600159,2.67,2.69,2.7,2.58,2.66,25811055,67875439.0,15900
20241119,600160,21.45,21.54,21.63,20.91,21.39,26605250,564606459.0,45906
20241119,600161,21.71,21.73,21.95,21.6,21.86,12189926,265524777.0,23872
20241119,600162,1.99,1.96,1.97,1.88,1.94,67102281,128581008.0,19075
20241119,600163,6.2,6.2,6.55,6.0,6.52,58678503,376336498.0,36639
20241119,600165,2.09,2.01,2.04,1.99,2.0,24237189,48377891.0,4101
20241119,600166,2.64,2.64,2.67,2.58,2.64,120058921,315147751.0,37717
20241119,600167,5.97,5.97,6.05,5.94,6.05,3724125,22344530.0,9514
20241119,600168,4.81,4.82,4.92,4.77,4.92,16884780,81900782.0,14757
20241119,600169,2.38,2.38,2.45,2.38,2.45,39030464,94526959.0,16495
20241119,600170,2.83,2.83,2.9,2.67,2.73,670869264,1858021930.0,166585
20241119,600171,39.89,39.9,41.0,38.26,40.78,77579777,3068844226.0,191963
20241119,600172,3.15,3.14,3.21,3.03,3.21,42123182,132208121.0,25555
20241119,600173,4.23,4.25,4.25,4.14,4.22,7792300,32648053.0,9325
20241119,600176,10.89,10.93,11.0,10.73,10.97,21426550,233457790.0,41783
20241119,600177,7.68,7.67,7.78,7.6,7.73,32355931,249054629.0,31729
20241119,600178,11.98,11.97,12.25,11.85,12.25,21767021,262834030.0,34486
20241119,600179,2.88,2.88,2.97,2.86,2.96,50475279,147583646.0,22758
20241119,600180,4.61,4.63,4.8,4.58,4.73,21334056,99902712.0,14288
20241119,600182,15.79,16.58,16.58,16.58,16.58,338696,5615580.0,282
20241119,600183,20.71,20.72,20.99,20.44,20.89,13912722,288525299.0,38082
20241119,600184,10.28,10.28,10.5,10.25,10.49,6829166,70678352.0,10229
20241119,600185,6.78,6.77,7.1,6.72,7.04,27926204,192068620.0,20138
20241119,600186,4.92,4.82,5.0,4.66,4.92,103423554,499839844.0,42593
20241119,600187,4.18,4.1,4.23,4.06,4.22,90866254,378840036.0,42095
20241119,600188,15.49,15.49,15.57,15.21,15.57,29290327,451009296.0,36213
20241119,600189,7.23,7.25,7.39,7.18,7.38,15422922,112140133.0,12180
20241119,600190,1.77,1.71,1.73,1.68,1.7,47720709,80797325.0,6077
20241119,600191,5.92,5.92,6.08,5.83,6.08,4323301,25615707.0,6134
20241119,600192,6.36,6.36,6.41,6.23,6.41,9948231,62856080.0,10048
20241119,600193,3.35,3.35,3.43,3.25,3.42,23874018,79890422.0,8964
20241119,600195,6.93,6.93,6.99,6.8,6.97,12307677,84803716.0,13987
20241119,600196,26.67,26.7,26.98,26.4,26.85,11769011,314378058.0,27646
20241119,600197,17.79,17.86,17.98,17.3,17.83,7539601,132988439.0,12532
20241119,600198,10.23,10.22,10.68,10.13,10.67,53559097,560927756.0,66148
20241119,600199,13.55,13.55,13.8,13.25,13.8,16077780,217547256.0,24655
20241119,600200,9.42,9.44,9.71,9.44,9.71,15177516,145621646.0,20429
20241119,600201,6.67,6.68,6.8,6.62,6.79,14652650,98458437.0,12749
20241119,600202,4.61,4.65,4.75,4.56,4.75,9531420,44354814.0,7311
20241119,600203,11.79,11.81,12.25,11.45,12.23,62790487,752110443.0,66418
20241119,600206,21.8,19.62,21.27,19.62,19.62,323804110,6456412319.0,335014
20241119,600207,4.78,4.76,5.0,4.73,4.95,27259394,132307598.0,18203
20241119,600208,2.98,2.96,3.01,2.91,3.01,154895928,458609846.0,48273
20241119,600210,7.16,7.13,7.4,7.09,7.4,106876101,774604916.0,77837
20241119,600211,37.95,38.13,38.55,37.81,38.49,2968385,113356128.0,10983
20241119,600212,8.58,8.66,9.24,8.3,9.24,36507300,320235157.0,35470
20241119,600215,6.99,7.03,7.3,6.99,7.3,10378331,74256255.0,10810
20241119,600216,16.64,16.7,16.94,16.48,16.75,22213976,371759376.0,37062
20241119,600217,6.02,6.07,6.19,5.97,6.12,27050502,164470061.0,18877
20241119,600218,8.07,8.07,8.07,7.8,8.0,9955769,78828721.0,13576
20241119,600219,4.12,4.13,4.18,4.1,4.17,83741198,346259737.0,53441
20241119,600221,1.78,1.77,1.77,1.67,1.74,1200508838,2052769101.0,198424
20241119,600222,5.06,5.09,5.15,5.02,5.14,10083200,51264368.0,9776
20241119,600223,6.84,6.84,6.96,6.81,6.95,8234595,56520495.0,9855
20241119,600226,2.37,2.37,2.41,2.33,2.41,22692130,53690733.0,9670
20241119,600227,2.47,2.34,2.46,2.25,2.45,75648541,179945043.0,19559
20241119,600228,7.67,6.93,6.99,6.9,6.9,21355400,147514141.0,10196
20241119,600229,7.17,7.14,7.26,7.04,7.25,9021890,64516414.0,11657
20241119,600230,10.77,10.77,11.0,10.73,10.98,3552722,38561074.0,5791
20241119,600231,2.01,2.0,2.03,1.95,2.03,19536630,39052501.0,5268
20241119,600232,5.31,5.32,5.37,5.25,5.37,3528054,18789896.0,4642
20241119,600233,16.48,16.44,16.66,16.21,16.45,12095237,198129097.0,24696
20241119,600234,4.84,4.6,4.6,4.6,4.6,901200,4145520.0,191
20241119,600235,5.6,5.61,5.68,5.53,5.68,6309666,35448522.0,6668
20241119,600236,6.34,6.37,6.42,6.24,6.33,22904462,144413690.0,18960
20241119,600237,6.91,6.91,7.11,6.89,7.07,19355782,135607876.0,21379
20241119,600238,8.24,8.26,8.3,8.09,8.28,7465999,61213711.0,7628
20241119,600239,3.06,3.08,3.27,2.95,3.18,92642213,286448928.0,27152
20241119,600241,7.04,7.03,7.31,6.97,7.28,4511076,32051452.0,6535
20241119,600243,4.21,4.18,4.28,4.16,4.25,8840668,37274553.0,6202
20241119,600246,11.59,11.4,11.76,11.1,11.6,55164980,630290822.0,54135
20241119,600248,4.69,4.66,4.74,4.61,4.71,45518500,212722698.0,32621
20241119,600249,4.8,4.8,4.87,4.76,4.87,7089402,34098941.0,7458
20241119,600250,9.56,9.56,9.56,9.56,9.56,0,0.0,0
20241119,600251,7.38,7.38,7.46,7.31,7.46,6425530,47529024.0,4681
20241119,600252,2.62,2.63,2.65,2.58,2.64,50688733,132715025.0,23155
20241119,600255,2.2,2.19,2.23,2.15,2.23,48125230,105363936.0,18633
20241119,600256,7.57,7.61,7.61,7.35,7.54,79959232,594301273.0,54454
20241119,600257,5.17,5.2,5.23,5.1,5.23,18784000,96883143.0,10904
20241119,600258,14.29,14.38,14.45,14.15,14.29,9516968,135849402.0,20489
20241119,600259,29.53,29.7,30.44,29.48,30.38,6233932,186999646.0,15179
20241119,600261,3.24,3.25,3.28,3.17,3.27,14759000,47582770.0,9840
20241119,600262,20.13,20.09,20.71,19.74,20.68,9022929,183875357.0,13394
20241119,600265,16.02,16.04,16.46,15.92,16.45,1019767,16488263.0,1925
20241119,600266,5.74,5.8,5.91,5.69,5.87,39179428,227756352.0,26078
20241119,600267,8.45,8.47,8.54,8.36,8.48,10628530,89970228.0,14260
20241119,600268,6.88,6.9,7.04,6.88,7.03,13813828,96363808.0,22342
20241119,600269,5.34,5.36,5.43,5.28,5.38,28526556,152799555.0,26877
20241119,600271,9.83,9.82,9.93,9.73,9.92,18848441,185482127.0,22097
20241119,600272,11.63,11.68,11.77,11.45,11.74,7825352,90910669.0,11219
20241119,600273,7.71,7.72,7.81,7.69,7.81,15910501,123219113.0,18423
20241119,600276,47.2,47.24,47.8,46.84,47.43,26030458,1230951482.0,62021
20241119,600278,7.35,7.35,7.85,7.25,7.83,36895471,279102586.0,29829
20241119,600279,5.4,5.37,5.58,5.21,5.39,46860815,250702101.0,26881
20241119,600280,3.72,3.7,3.91,3.58,3.9,73970685,276858800.0,30329
20241119,600281,3.9,3.9,3.93,3.69,3.84,30784049,116151098.0,15979
20241119,600282,4.28,4.28,4.3,4.2,4.25,35423682,150155260.0,26517
20241119,600283,9.08,9.09,9.35,9.06,9.3,5960140,54786336.0,9374
20241119,600284,6.43,6.4,6.55,6.32,6.47,21240323,136452000.0,17798
20241119,600285,21.0,21.11,21.55,21.04,21.34,7064371,150410120.0,17210
20241119,600287,4.05,4.04,4.07,3.89,4.04,6493530,25895530.0,1683
20241119,600288,7.99,8.79,8.79,8.79,8.79,6058944,53258118.0,3214
20241119,600289,1.79,1.79,1.79,1.79,1.79,0,0.0,0
20241119,600292,13.31,13.13,14.64,12.91,14.64,123251201,1728682372.0,85737
20241119,600293,2.94,2.94,2.96,2.87,2.95,17901029,52144186.0,7001
20241119,600295,9.62,9.63,9.82,9.57,9.81,13213685,128261927.0,20462
20241119,600298,35.43,35.36,35.94,35.3,35.64,5810600,206929466.0,16625
20241119,600299,11.19,11.21,11.33,11.05,11.27,8583078,96234979.0,20139
20241119,600300,2.91,2.92,2.93,2.86,2.93,23896200,69404233.0,11588
20241119,600301,18.02,18.0,18.3,17.68,18.08,9095204,162968386.0,25612
20241119,600302,4.93,4.93,5.01,4.84,5.01,5923403,29253836.0,6045
20241119,600303,3.13,3.01,3.08,2.97,3.05,24190629,72450961.0,4889
20241119,600305,7.99,7.99,8.08,7.93,8.08,6664400,53446687.0,11120
20241119,600307,1.7,1.68,1.69,1.63,1.68,93891657,155362897.0,20060
20241119,600308,3.79,3.79,3.82,3.74,3.82,22138152,83691761.0,12189
20241119,600309,76.36,76.7,77.2,76.2,77.13,13470555,1034368855.0,41445
20241119,600310,4.64,4.65,4.77,4.61,4.77,31997540,150223185.0,33987
20241119,600312,18.42,18.43,18.73,18.08,18.55,12927510,237614432.0,21609
20241119,600313,6.69,6.7,6.74,6.56,6.72,21828244,145557070.0,18031
20241119,600315,17.04,17.12,17.23,16.87,17.21,4120118,70449281.0,9475
20241119,600316,34.3,34.32,34.85,32.51,33.81,19230728,643501181.0,59447
20241119,600318,9.0,9.0,9.46,8.95,9.42,49440867,456378546.0,40383
20241119,600319,4.92,4.93,5.04,4.89,5.04,5305008,26304063.0,4190
20241119,600320,4.12,4.13,4.18,4.09,4.17,32137336,132964095.0,26970
20241119,600322,2.41,2.53,2.65,2.41,2.57,169137379,424625411.0,45752
20241119,600323,21.84,21.85,22.24,21.75,22.05,5872154,129136110.0,16833
20241119,600325,6.58,6.6,6.7,6.46,6.69,37773428,248237385.0,54216
20241119,600326,7.16,7.11,7.29,6.99,7.27,70357686,502000619.0,40116
20241119,600327,4.44,4.44,4.88,4.36,4.55,136586559,631512315.0,51537
20241119,600328,8.33,8.36,8.41,8.24,8.41,19621443,163321398.0,21526
20241119,600329,33.36,33.44,33.94,33.2,33.65,3827765,128824369.0,13473
20241119,600330,7.5,7.53,7.73,7.47,7.71,25067715,190278307.0,26799
20241119,600331,7.63,7.74,7.86,7.54,7.81,33347502,256187812.0,23436
20241119,600332,28.59,28.68,28.93,28.39,28.74,6185439,177131510.0,17825
20241119,600333,5.86,5.61,6.04,5.3,5.84,53975845,302945439.0,28478
20241119,600335,6.56,6.56,6.65,6.45,6.64,35090799,230335888.0,33638
20241119,600336,7.16,7.15,7.34,7.06,7.34,26145768,188265981.0,23620
20241119,600337,1.99,1.97,1.98,1.89,1.96,28874304,55588911.0,10762
20241119,600338,12.42,12.3,13.14,11.99,13.14,84719923,1064102211.0,85043
20241119,600339,3.74,3.75,3.86,3.65,3.73,82828993,309651621.0,54817
20241119,600340,2.6,2.61,2.86,2.34,2.86,535551891,1399255215.0,167215
20241119,600343,11.47,11.15,11.35,10.7,11.23,39090743,431078703.0,49326
20241119,600345,28.58,26.82,27.26,25.72,25.72,27686830,718853881.0,35169
20241119,600346,14.75,14.76,15.02,14.7,15.01,19086497,284607898.0,30488
20241119,600348,7.71,7.71,7.73,7.58,7.71,31575663,241909511.0,26416
20241119,600350,9.24,9.21,9.37,9.18,9.28,11575751,107289212.0,21296
20241119,600351,6.13,6.15,6.19,6.08,6.19,14487941,88905855.0,13756
20241119,600352,10.14,10.14,10.3,10.09,10.25,27348587,279518156.0,34621
20241119,600353,7.9,7.83,8.16,7.83,8.12,29056163,232637167.0,24631
20241119,600354,5.68,5.68,5.72,5.58,5.72,15080762,85278091.0,14505
20241119,600355,4.33,4.32,4.5,4.26,4.48,37784992,165322989.0,19986
20241119,600356,7.52,7.52,7.52,7.52,7.52,0,0.0,0
20241119,600358,3.64,3.75,3.77,3.56,3.69,12391763,45058531.0,11308
20241119,600359,6.49,6.53,6.58,6.45,6.57,4842714,31563098.0,4034
20241119,600360,5.06,5.02,5.1,4.81,4.97,48422204,238070820.0,18395
20241119,600361,4.08,4.05,4.06,3.91,4.02,81877663,325611520.0,44786
20241119,600362,21.75,21.93,22.11,21.59,22.0,15238223,332973940.0,29764
20241119,600363,43.37,43.0,47.71,43.0,46.6,39303048,1785481399.0,93137
20241119,600365,2.85,2.85,2.87,2.72,2.8,8982640,24984237.0,1723
20241119,600366,7.15,7.16,7.31,7.09,7.28,19882113,143201789.0,25588
20241119,600367,11.2,11.28,11.56,11.17,11.56,5654553,64360794.0,11668
20241119,600368,3.9,3.88,3.95,3.83,3.92,29734877,115479995.0,13653
20241119,600369,4.77,4.79,4.84,4.73,4.83,55007233,263457492.0,31780
20241119,600370,1.92,1.94,1.99,1.89,1.97,23280002,44941031.0,10922
20241119,600371,8.65,8.65,8.74,8.57,8.74,4306597,37311962.0,5201
20241119,600372,12.73,12.83,12.98,12.65,12.98,33586412,430599989.0,45911
20241119,600373,12.89,12.78,12.91,12.61,12.83,20018714,255882392.0,20393
20241119,600375,6.18,6.18,6.44,6.11,6.42,7829256,49420129.0,3399
20241119,600376,2.97,2.94,2.94,2.81,2.91,42043345,120762719.0,13223
20241119,600377,13.15,13.12,13.26,13.05,13.21,8534828,112257589.0,19725
20241119,600378,31.78,31.82,32.22,31.33,31.81,1740023,55255786.0,8058
20241119,600379,9.86,9.82,10.04,9.82,10.04,3746505,37313920.0,6970
20241119,600380,11.48,11.51,11.78,11.51,11.64,23076528,268723458.0,31629
20241119,600381,3.27,3.12,3.17,3.11,3.13,14035617,43765117.0,4088
20241119,600382,4.22,4.2,4.28,4.15,4.27,7416166,31244082.0,6642
20241119,600383,5.37,5.35,5.39,5.16,5.38,122832644,647469794.0,50111
20241119,600386,4.1,4.1,4.2,4.05,4.18,12233086,50348859.0,15011
20241119,600387,3.28,3.3,3.31,3.18,3.3,5531600,17976487.0,1282
20241119,600388,11.95,11.92,12.12,11.73,12.1,28524623,338250358.0,30234
20241119,600389,15.49,15.38,15.67,15.14,15.62,7019242,108153068.0,12799
20241119,600390,7.77,7.59,7.73,7.43,7.71,193990592,1469643792.0,100215
20241119,600391,18.85,18.89,19.34,18.79,19.15,6369347,121390644.0,15020
20241119,600392,11.35,11.35,11.61,11.2,11.58,38607690,440121243.0,49467
20241119,600395,5.51,5.51,5.57,5.47,5.57,15073438,83113295.0,14562
20241119,600396,2.71,2.71,2.72,2.6,2.67,32190926,84983155.0,7974
20241119,600397,2.53,2.54,2.54,2.44,2.52,20435645,50800411.0,7913
20241119,600398,6.05,6.05,6.08,5.91,6.05,54461292,326880039.0,36192
20241119,600399,6.64,6.6,6.7,6.49,6.68,50856436,336327256.0,35616
20241119,600400,3.05,2.82,3.05,2.75,2.92,198257822,568206302.0,55243
20241119,600403,3.24,3.24,3.31,3.17,3.26,12230949,39439711.0,16460
20241119,600405,4.25,4.25,4.38,4.18,4.33,11714267,50069385.0,10641
20241119,600406,26.32,26.33,26.74,26.12,26.39,15973900,420957200.0,35074
20241119,600408,2.08,2.08,2.09,2.01,2.09,22432110,46033015.0,8559
20241119,600409,5.7,5.7,5.74,5.59,5.73,34456038,195569297.0,28185
20241119,600410,5.4,5.4,5.59,5.35,5.56,23869848,130357093.0,23029
20241119,600415,11.45,11.45,11.86,11.4,11.76,51827672,602135333.0,59958
20241119,600416,13.93,14.06,14.18,13.32,13.7,26970083,368395976.0,27382
20241119,600418,41.35,41.35,41.44,37.44,39.6,194908735,7643221164.0,252531
20241119,600419,9.22,9.2,9.33,9.17,9.33,4118127,38052251.0,8427
20241119,600420,12.29,12.31,12.49,12.18,12.43,13782950,170180488.0,21173
20241119,600421,12.97,12.97,12.97,12.97,12.97,0,0.0,0
20241119,600422,14.55,14.59,14.82,14.44,14.79,10229271,149718819.0,22219
20241119,600423,2.81,2.8,2.86,2.76,2.84,10837416,30378521.0,7067
20241119,600425,3.98,3.96,4.0,3.86,3.93,28259366,110685148.0,15549
20241119,600426,22.7,22.68,22.97,22.36,22.7,16146047,366203712.0,27198
20241119,600428,7.09,7.1,7.17,6.99,7.17,27935740,198362317.0,34908
20241119,600429,4.28,4.29,4.32,4.23,4.32,6325866,27083418.0,7073
20241119,600433,3.22,3.22,3.28,3.18,3.28,12931113,41829664.0,10041
20241119,600435,10.47,10.47,10.6,10.23,10.58,36291688,377991213.0,37028
20241119,600436,246.6,246.66,250.5,244.68,247.69,2233778,553309392.0,14385
20241119,600438,26.74,26.97,27.7,26.58,27.41,44720234,1217297114.0,82477
20241119,600439,3.65,3.62,3.76,3.58,3.75,52067572,191415949.0,28951
20241119,600444,15.84,15.84,16.32,15.75,16.31,3691400,58963275.0,6730
20241119,600446,15.49,15.5,15.88,15.21,15.79,31413711,489085967.0,33388
20241119,600448,2.71,2.69,2.73,2.66,2.73,15147979,40782204.0,7450
20241119,600449,13.91,13.8,13.97,13.28,13.65,14824700,201386934.0,22391
20241119,600452,10.56,10.52,10.69,10.45,10.57,14406792,151936513.0,22626
20241119,600455,21.34,21.34,21.67,20.8,21.56,2612401,55399027.0,6050
20241119,600456,30.3,30.3,31.38,30.3,31.29,6197594,190819492.0,13702
20241119,600458,12.76,12.81,13.13,12.75,12.98,12102070,156326088.0,22249
20241119,600459,14.06,14.11,14.41,14.02,14.39,9662932,137133310.0,16980
20241119,600460,28.33,28.33,29.42,28.02,29.32,64473875,1854983497.0,133380
20241119,600461,9.68,9.68,9.78,9.55,9.68,11210153,108043526.0,13711
20241119,600462,1.47,1.45,1.49,1.43,1.48,12811138,18600659.0,1698
20241119,600463,11.66,11.66,11.95,11.5,11.94,7105740,83196598.0,14130
20241119,600467,2.41,2.39,2.39,2.28,2.36,70755286,164338189.0,21088
20241119,600468,4.63,4.65,4.94,4.64,4.9,31921748,153424688.0,28740
20241119,600469,6.4,6.43,6.58,6.39,6.54,9503352,61775174.0,7991
20241119,600470,4.87,4.94,5.36,4.93,5.36,63254659,329151940.0,31029
20241119,600475,9.32,9.29,9.5,9.26,9.5,5001177,46885250.0,8248
20241119,600476,15.31,15.3,15.65,15.13,15.64,5462200,83848695.0,12428
20241119,600477,2.85,2.86,2.88,2.79,2.85,27331394,77530091.0,13073
20241119,600478,4.43,4.43,4.59,4.41,4.59,29568769,132970822.0,24829
20241119,600479,10.69,10.69,10.79,10.63,10.79,3530803,37828547.0,6772
20241119,600480,9.48,9.5,9.78,9.5,9.78,17214383,165934482.0,20310
20241119,600481,5.85,5.85,6.11,5.79,6.1,74546364,445575889.0,57559
20241119,600482,23.33,23.35,23.44,22.7,23.23,27950495,642403261.0,40381
20241119,600483,9.96,9.92,10.27,9.82,10.25,53108847,535562351.0,52691
20241119,600486,56.22,56.37,57.35,56.18,56.92,2172198,123337386.0,10583
20241119,600487,17.56,17.54,17.8,17.21,17.61,28817576,503363727.0,41569
20241119,600488,4.28,4.26,4.36,4.25,4.36,6897672,29743816.0,8770
20241119,600489,12.56,12.78,13.0,12.7,12.89,102413407,1315119410.0,87339
20241119,600490,3.03,3.05,3.11,3.01,3.1,46724096,142836225.0,24711
20241119,600491,4.13,4.09,4.12,3.92,4.06,40514068,162211121.0,25337
20241119,600493,5.22,5.21,5.26,5.12,5.25,6576502,34116908.0,5920
20241119,600495,3.9,3.9,3.94,3.86,3.93,16311036,63614629.0,11678
20241119,600496,3.07,3.08,3.11,3.05,3.11,31018830,95585924.0,22359
20241119,600497,5.9,5.92,6.0,5.86,6.0,74725662,443356572.0,48778
20241119,600498,18.36,18.16,18.58,17.98,18.51,29461208,537293200.0,53139
20241119,600499,8.39,8.31,8.78,8.3,8.76,28401953,243250672.0,30305
20241119,600500,4.34,4.33,4.41,4.26,4.37,32524147,141085669.0,23501
20241119,600501,19.2,19.38,19.65,18.84,19.43,12037000,231281136.0,23306
20241119,600502,5.05,5.05,5.11,4.92,5.01,42047960,209946211.0,25344
20241119,600503,2.38,2.39,2.4,2.25,2.38,33621502,79036641.0,12521
20241119,600505,10.42,10.38,10.5,10.21,10.5,10834188,112204134.0,13825
20241119,600506,13.28,13.27,13.64,13.2,13.57,8246201,110624062.0,11786
20241119,600507,4.22,4.24,4.27,4.17,4.23,19761672,83336439.0,13926
20241119,600508,14.65,14.63,14.98,14.12,14.89,39099456,571785380.0,40122
20241119,600509,6.47,6.46,6.71,6.44,6.69,36816254,243114434.0,38879
20241119,600510,5.23,5.04,5.48,4.92,5.35,74958708,389023573.0,28874
20241119,600511,34.39,34.36,35.15,33.57,34.39,10389518,356103990.0,25342
20241119,600512,2.45,2.44,2.46,2.39,2.45,36169983,87732398.0,10304
20241119,600513,9.92,9.98,10.22,9.91,10.19,11670400,117308653.0,16848
20241119,600515,3.82,3.81,3.89,3.73,3.83,86664472,329685915.0,42189
20241119,600516,5.25,5.21,5.28,5.16,5.27,34618694,180914067.0,27266
20241119,600517,5.63,5.65,5.73,5.61,5.72,25402693,144163072.0,25752
20241119,600518,2.34,2.34,2.37,2.29,2.36,506480493,1181357547.0,87620
20241119,600519,1559.0,1565.0,1569.37,1525.0,1541.92,3326643,5138831155.0,26419
20241119,600520,34.36,33.94,36.18,33.8,35.9,20629385,723236852.0,62556
20241119,600521,17.43,17.46,17.67,17.38,17.55,9238399,161802671.0,22051
20241119,600522,16.21,16.2,16.47,15.75,16.19,43316166,695447049.0,58602
20241119,600523,12.34,12.38,12.67,12.31,12.67,5400615,67381188.0,9576
20241119,600525,5.59,5.61,6.03,5.61,6.03,35330416,207222359.0,23238
20241119,600526,4.75,4.77,4.85,4.69,4.84,9834500,46700466.0,9807
20241119,600527,1.93,1.94,1.95,1.87,1.95,42807340,81635312.0,13062
20241119,600528,8.66,8.54,8.66,8.3,8.44,41435441,350442508.0,42207
20241119,600529,25.18,25.07,25.33,24.96,25.26,7366519,185558966.0,15622
20241119,600530,3.43,3.42,3.45,3.28,3.41,15999432,53791385.0,14281
20241119,600531,6.7,6.75,6.84,6.69,6.84,20848922,140916488.0,24262
20241119,600533,2.44,2.46,2.48,2.36,2.45,21376750,51585698.0,11259
20241119,600535,14.91,14.91,15.05,14.78,15.0,10742298,160415623.0,21243
20241119,600536,53.2,53.6,56.77,51.05,55.62,111032583,5981897993.0,240051
20241119,600537,3.22,3.24,3.3,3.18,3.3,30361283,98583628.0,16766
20241119,600538,4.54,4.6,4.63,4.38,4.55,18165600,81417622.0,15654
20241119,600539,6.85,6.93,7.01,6.72,7.0,6830136,46850889.0,9322
20241119,600540,3.98,4.01,4.02,3.94,4.01,7846010,31237366.0,6420
20241119,600543,5.78,5.78,5.85,5.71,5.85,8008434,46217664.0,5757
20241119,600545,1.97,1.96,1.98,1.87,1.94,40324208,77424284.0,10101
20241119,600546,13.16,13.16,13.17,12.78,12.98,26432614,342253929.0,31712
20241119,600547,24.85,25.05,25.45,24.98,25.23,36592618,921880646.0,43758
20241119,600548,11.02,10.98,11.09,10.81,11.09,5564734,61092049.0,8880
20241119,600549,20.59,20.66,21.23,20.57,21.13,20786178,433814154.0,36935
20241119,600550,9.0,9.0,9.24,8.97,9.23,49234680,448522646.0,50003
20241119,600551,8.65,8.66,8.93,8.46,8.68,10578056,91182648.0,10260
20241119,600552,12.25,12.31,12.88,12.31,12.88,45882036,581191632.0,55742
20241119,600556,4.65,4.69,4.78,4.58,4.77,35891350,168265286.0,34010
20241119,600557,14.51,14.5,14.73,14.34,14.65,9375033,136586799.0,16258
20241119,600558,3.96,3.96,4.02,3.93,4.02,10230105,40662435.0,9253
20241119,600559,21.16,21.2,21.35,20.62,21.33,26973947,567408285.0,48659
20241119,600560,14.28,14.22,14.89,14.22,14.89,3542597,51667192.0,8941
20241119,600561,5.45,5.45,5.57,5.36,5.55,8062582,44259564.0,8474
20241119,600562,18.43,18.74,19.14,18.11,18.53,12207670,225933358.0,22604
20241119,600563,126.05,125.95,129.85,125.2,129.1,2281996,290787450.0,14039
20241119,600566,29.72,29.78,30.04,29.42,29.74,4759724,141077977.0,17426
20241119,600567,1.9,1.89,1.89,1.81,1.87,213228018,395015557.0,28417
20241119,600568,1.43,1.43,1.45,1.39,1.44,13708983,19500283.0,1677
20241119,600569,1.91,1.9,1.9,1.82,1.89,38299106,71019545.0,9007
20241119,600570,29.3,29.3,30.25,28.94,30.0,62369404,1845990821.0,100689
20241119,600571,12.49,12.03,12.5,11.9,12.46,41348000,505687089.0,48083
20241119,600572,4.68,4.68,4.73,4.64,4.73,28712595,134569103.0,19675
20241119,600573,10.27,10.25,10.37,10.16,10.35,2224000,22880803.0,6605
20241119,600575,3.6,3.61,3.67,3.56,3.63,27242276,98174348.0,21787
20241119,600576,5.94,5.98,6.08,5.83,6.08,14522600,86378932.0,16533
20241119,600577,5.14,5.14,5.56,5.13,5.56,123715312,665710870.0,69453
20241119,600578,3.73,3.74,3.76,3.67,3.73,25702758,95516113.0,24288
20241119,600579,6.67,6.6,6.81,6.55,6.81,11224725,75001806.0,16568
20241119,600580,14.4,14.68,14.76,14.2,14.7,53437336,776767276.0,78850
20241119,600581,3.36,3.36,3.37,3.25,3.37,29230602,96526954.0,10600
20241119,600582,6.17,6.2,6.29,6.13,6.22,55082170,342078159.0,36687
20241119,600583,5.57,5.57,5.62,5.48,5.58,38888607,215665464.0,28507
20241119,600584,40.76,40.7,42.11,40.45,41.98,63771141,2637166042.0,135170
20241119,600585,26.36,26.36,26.5,25.53,25.99,20048666,519814363.0,57514
20241119,600586,5.78,5.8,5.92,5.76,5.91,19121404,111665656.0,16590
20241119,600587,18.0,17.98,18.28,17.84,18.12,6217853,112306892.0,11116
20241119,600588,12.13,12.2,12.3,11.7,12.28,56159874,676666865.0,56376
20241119,600589,4.2,4.17,4.21,4.03,4.17,34871708,143485010.0,16666
20241119,600590,5.04,5.08,5.31,5.06,5.23,13374330,69527665.0,13280
20241119,600592,9.94,9.99,10.16,9.89,10.15,6714163,67204778.0,12221
20241119,600593,28.85,28.48,31.67,27.7,30.0,14070128,406141183.0,27775
20241119,600594,3.88,3.89,3.94,3.81,3.92,10585100,41019776.0,8570
20241119,600595,3.08,3.07,3.11,2.99,3.06,80174019,243534587.0,25895
20241119,600596,8.41,8.48,8.6,8.33,8.57,17675639,149830273.0,17805
20241119,600597,8.6,8.61,8.65,8.51,8.65,11273488,96930472.0,13974
20241119,600598,14.51,14.54,14.85,14.51,14.83,17225495,252881145.0,27790
20241119,600599,13.13,13.29,13.58,13.11,13.48,2130331,28434602.0,2127
20241119,600600,71.86,71.89,72.38,70.8,72.1,4525234,324087854.0,18810
20241119,600601,3.67,3.68,3.76,3.65,3.76,81540638,302266643.0,35660
20241119,600602,14.8,14.82,15.15,14.6,15.1,34700098,515857058.0,57967
20241119,600603,9.43,9.45,9.9,9.45,9.9,9582788,93578824.0,4386
20241119,600604,4.7,4.71,4.75,4.62,4.74,20149322,94464505.0,23178
20241119,600605,36.48,36.49,37.2,35.82,36.87,4305654,157246898.0,7667
20241119,600606,2.45,2.37,2.38,2.22,2.36,335076234,772703671.0,55309
20241119,600608,3.76,3.78,3.81,3.66,3.77,3139600,11728811.0,811
20241119,600609,6.75,6.85,7.43,6.75,7.43,124625691,896189449.0,66362
20241119,600610,4.89,4.83,5.0,4.81,5.0,16155375,79113169.0,16953
20241119,600611,8.51,8.29,8.69,8.15,8.62,178246759,1507732122.0,133116
20241119,600612,52.08,51.85,52.79,51.59,52.67,2180223,114175024.0,8787
20241119,600613,6.8,6.8,6.95,6.74,6.95,9630759,65842865.0,11636
20241119,600615,10.69,10.78,11.03,10.6,11.02,3166900,34166256.0,4000
20241119,600616,5.93,5.89,5.99,5.73,5.9,27424967,160347715.0,16789
20241119,600617,2.87,2.87,2.91,2.82,2.91,20175917,57771754.0,9567
20241119,600618,9.28,9.33,9.63,9.31,9.62,7783896,73473964.0,14299
20241119,600619,13.43,13.34,14.13,13.27,13.81,115531575,1569541418.0,112131
20241119,600620,5.4,5.4,5.5,5.35,5.48,4997650,27123303.0,8138
20241119,600621,15.07,15.19,15.54,15.1,15.48,23609809,361495962.0,37325
20241119,600622,3.87,3.84,4.04,3.74,4.04,113458695,443884158.0,45798
20241119,600623,7.25,7.17,7.27,7.05,7.26,51521413,369421249.0,44343
20241119,600624,5.0,5.0,5.2,4.96,5.2,23051253,117473197.0,19534
20241119,600626,3.97,3.93,4.08,3.91,4.07,23606627,94387856.0,14354
20241119,600628,6.94,6.94,6.96,6.8,6.93,6098095,42012560.0,7476
20241119,600629,8.62,8.0,8.32,7.76,8.1,95898482,764216920.0,85421
20241119,600630,9.45,9.34,9.57,9.19,9.55,23628156,221502390.0,27835
20241119,600633,10.47,10.48,10.73,10.38,10.71,17334088,182468608.0,27449
20241119,600635,4.17,4.16,4.27,4.13,4.27,59334149,248794473.0,42095
20241119,600636,9.99,9.99,10.27,9.91,10.27,10764051,108402843.0,20070
20241119,600637,8.32,8.3,8.33,8.06,8.26,44911469,367936404.0,45449
20241119,600638,5.16,5.15,5.24,5.06,5.2,7502024,38539955.0,12480
20241119,600639,11.39,11.31,11.47,11.12,11.35,10904000,122915185.0,14789
20241119,600640,12.65,12.51,12.76,12.35,12.75,10189223,128032697.0,20500
20241119,600641,18.3,18.35,19.72,18.35,19.71,38149106,734109482.0,44779
20241119,600642,8.33,8.32,8.41,8.28,8.36,22441444,187071044.0,23892
20241119,600643,5.76,5.75,5.82,5.67,5.79,19955561,114603164.0,14505
20241119,600644,6.46,6.48,6.54,6.36,6.54,7766000,49978813.0,11135
20241119,600645,20.28,20.46,20.67,20.12,20.58,6902540,140962252.0,14880
20241119,600648,11.58,11.58,11.79,11.46,11.73,5845458,67870166.0,11149
20241119,600649,5.04,5.07,5.1,4.82,4.9,64763774,317339224.0,41390
20241119,600650,14.79,14.12,16.27,14.12,16.27,20120261,313758909.0,14229
20241119,600651,4.58,4.64,4.67,4.35,4.55,70225677,315132420.0,60414
20241119,600653,2.24,2.24,2.24,2.13,2.23,78501474,170796985.0,41801
20241119,600654,5.18,5.49,5.66,4.66,4.84,596274394,2931080062.0,269513
20241119,600655,6.15,6.13,6.21,6.08,6.17,19399903,119234068.0,21653
20241119,600657,4.98,4.9,4.96,4.75,4.95,63321232,307227352.0,30904
20241119,600658,5.04,5.05,5.05,4.65,4.85,51484184,247909425.0,22810
20241119,600660,56.7,56.72,57.49,56.6,57.36,9760763,558475358.0,33065
20241119,600661,12.56,12.71,12.93,12.21,12.93,6670400,84644073.0,13306
20241119,600662,5.25,5.3,5.36,5.22,5.36,11855974,62778925.0,18978
20241119,600663,10.68,10.73,10.88,10.58,10.72,7936012,84927586.0,18532
20241119,600664,3.83,3.84,3.87,3.8,3.87,31777028,122041765.0,27336
20241119,600665,3.2,3.22,3.26,3.1,3.18,19492836,61224622.0,16639
20241119,600666,2.48,2.48,2.6,2.41,2.58,113026100,282138324.0,26998
20241119,600667,7.58,7.65,7.81,7.51,7.79,81629935,628013066.0,70389
20241119,600668,10.73,10.73,10.74,10.29,10.51,7463367,78364530.0,8013
20241119,600671,8.92,8.85,9.09,8.77,8.98,729000,6495859.0,373
20241119,600673,7.99,7.99,8.36,7.98,8.3,20052476,163017436.0,24223
20241119,600674,16.86,16.85,16.87,16.59,16.73,24415923,407399225.0,30056
20241119,600675,2.96,2.95,2.99,2.9,2.98,32393585,95235823.0,17124
20241119,600676,5.51,5.51,6.06,5.2,6.06,213246951,1252850061.0,80258
20241119,600678,6.93,6.88,7.09,6.85,7.08,18700748,130012968.0,23669
20241119,600679,10.91,10.84,10.99,10.75,10.97,5442054,59192282.0,6237
20241119,600681,3.57,3.58,3.62,3.55,3.61,13197582,47269659.0,8129
20241119,600682,7.14,7.14,7.14,6.76,7.02,69740544,484431488.0,63490
20241119,600683,4.2,4.25,4.27,4.14,4.27,13961708,58582869.0,14195
20241119,600684,3.4,3.43,3.74,3.35,3.6,52364409,187122855.0,26384
20241119,600685,25.08,25.03,25.24,24.53,25.22,12069162,300321144.0,22437
20241119,600686,12.05,12.04,12.56,11.97,12.38,32063797,393067355.0,33838
20241119,600688,3.01,3.01,3.04,2.96,3.01,32814501,98289894.0,21598
20241119,600689,9.17,9.18,9.28,9.0,9.24,6071701,55802301.0,7234
20241119,600690,28.8,28.84,29.24,28.72,28.95,33987515,985039158.0,66963
20241119,600691,2.32,2.32,2.37,2.28,2.36,24579497,57193328.0,13704
20241119,600692,7.81,7.78,8.13,7.49,8.11,19527465,153459634.0,35633
20241119,600693,3.47,3.5,3.53,3.41,3.53,8830600,30733049.0,9836
20241119,600694,20.01,19.8,20.45,19.59,20.0,10120181,202174823.0,17516
20241119,600696,14.1,14.0,15.0,13.88,14.7,12061439,173061812.0,20767
20241119,600697,12.21,12.12,12.4,11.91,12.32,3861393,46919343.0,4835
20241119,600698,5.13,5.09,5.19,5.03,5.18,14786467,75727854.0,10792
20241119,600699,16.5,16.68,17.11,16.52,17.1,29416631,494461457.0,52767
20241119,600702,72.94,73.8,75.31,70.82,75.1,14626309,1065776619.0,51657
20241119,600703,13.05,13.12,13.65,13.07,13.64,61866333,823457141.0,74658
20241119,600704,5.57,5.42,5.58,5.3,5.52,241922410,1321150817.0,111813
20241119,600706,9.64,9.65,9.73,9.5,9.69,5341120,51321725.0,7980
20241119,600707,7.21,7.23,7.44,7.16,7.41,39447353,287566033.0,48744
20241119,600708,3.1,3.13,3.15,3.03,3.11,39562669,122020245.0,12977
20241119,600710,8.98,8.95,9.12,8.93,9.12,12881409,116379978.0,22292
20241119,600711,4.71,4.78,4.95,4.75,4.95,76112033,368246231.0,15049
20241119,600712,5.56,5.56,5.64,5.42,5.62,19077604,105657666.0,20441
20241119,600713,5.09,5.08,5.12,5.0,5.11,14082601,71408609.0,11389
20241119,600714,8.76,8.76,9.0,8.73,9.0,3914300,34717376.0,7744
20241119,600715,2.34,2.33,2.34,2.24,2.33,36178102,82530484.0,4724
20241119,600716,3.36,3.4,3.41,3.27,3.37,21400593,71142119.0,13236
20241119,600717,5.15,5.15,5.18,5.0,5.09,57727381,293289091.0,32398
20241119,600718,10.3,10.34,10.51,10.23,10.46,16414811,170278788.0,35408
20241119,600719,7.15,7.1,7.28,6.99,7.27,19123417,136182411.0,13078
20241119,600720,9.58,9.62,9.69,9.4,9.6,12352679,117720749.0,15973
20241119,600721,6.91,6.94,7.07,6.87,7.07,14152295,98725375.0,12745
20241119,600722,4.5,4.49,4.64,4.48,4.64,7929662,36024578.0,8526
20241119,600724,4.9,4.9,4.95,4.83,4.95,15208700,74298568.0,20876
20241119,600725,3.05,3.07,3.27,3.04,3.24,33529030,107146673.0,14456
20241119,600726,2.41,2.38,2.41,2.32,2.38,44883321,106077915.0,13801
20241119,600727,7.65,7.65,7.79,7.55,7.78,15369143,118100128.0,17927
20241119,600728,4.67,4.69,4.8,4.67,4.78,37387070,176762228.0,28197
20241119,600729,26.08,25.97,26.94,25.59,26.9,5489963,144340944.0,14750
20241119,600730,6.26,6.32,6.41,6.16,6.4,21445800,134819445.0,19608
20241119,600731,5.84,5.84,5.93,5.8,5.91,5997454,35153685.0,10011
20241119,600732,14.56,14.56,15.77,14.53,15.45,84959558,1283522613.0,86486
20241119,600733,8.44,8.46,8.68,8.36,8.63,248041897,2115946946.0,160594
20241119,600734,3.98,3.82,4.04,3.78,3.96,196863146,763782735.0,49208
20241119,600735,4.6,4.57,4.7,4.57,4.7,7204686,33298068.0,7424
20241119,600736,5.69,5.71,6.26,5.56,6.26,112798924,681748574.0,43751
20241119,600737,9.72,9.75,9.8,9.65,9.77,21858671,212725614.0,21778
20241119,600738,4.7,4.7,4.75,4.64,4.75,8691900,40885285.0,7696
20241119,600739,11.94,11.83,12.15,11.76,12.06,35745424,426208184.0,51382
20241119,600740,4.34,4.3,4.33,4.21,4.3,32074862,136851279.0,17850
20241119,600741,17.31,17.03,17.24,16.65,16.93,40035841,678489065.0,66392
20241119,600742,9.77,9.8,9.94,9.57,9.91,26646006,259892911.0,32565
20241119,600743,1.92,1.9,1.91,1.81,1.91,47078115,87567073.0,7844
20241119,600744,3.33,3.33,3.36,3.28,3.36,25886400,85993181.0,20801
20241119,600745,42.68,42.68,43.39,41.35,43.24,33287169,1413717824.0,82108
20241119,600746,7.05,7.01,7.2,7.0,7.2,3995000,28439755.0,7565
20241119,600748,3.57,3.57,3.62,3.47,3.61,22581616,79813111.0,14307
20241119,600749,10.87,10.92,11.06,10.81,11.06,4623301,50530097.0,6993
20241119,600750,21.2,21.29,21.57,21.08,21.33,4808164,102329198.0,12214
20241119,600751,2.81,2.84,2.93,2.8,2.86,51118465,145730335.0,26636
20241119,600753,7.08,7.12,7.22,6.89,7.22,4764418,33545576.0,4167
20241119,600754,26.67,26.7,26.87,26.41,26.8,7016814,187108909.0,18974
20241119,600755,6.95,6.9,6.98,6.76,6.89,40763838,279121162.0,32451
20241119,600756,15.3,15.27,15.78,15.17,15.75,12006886,185751851.0,18372
20241119,600757,8.8,8.68,8.77,8.52,8.76,28245600,244236793.0,35227
20241119,600758,3.55,3.55,3.65,3.52,3.62,15286358,54686805.0,14290
20241119,600759,2.99,2.9,2.99,2.8,2.94,178714062,514957575.0,39522
20241119,600760,49.34,49.1,50.09,48.15,50.05,41536778,2047543557.0,92326
20241119,600761,17.43,17.47,17.56,17.2,17.49,11490111,199436086.0,15775
20241119,600763,50.42,50.6,51.4,50.09,51.35,6562729,333279686.0,19788
20241119,600764,26.47,26.47,27.27,26.33,27.13,7495719,199978391.0,24591
20241119,600765,20.74,20.78,21.01,20.46,20.93,18151833,375930298.0,38983
20241119,600768,9.38,9.23,9.45,9.1,9.42,5216037,48316550.0,5532
20241119,600769,11.48,11.25,11.52,10.91,11.5,20516222,230460200.0,23530
20241119,600770,4.58,4.57,4.76,4.52,4.76,35976537,167587041.0,37736
20241119,600771,19.37,19.32,19.67,19.25,19.66,5612694,109473348.0,11734
20241119,600773,13.38,13.47,14.18,13.47,14.16,27784352,388153593.0,38834
20241119,600774,7.5,7.52,7.64,7.43,7.64,3829400,28872250.0,6533
20241119,600775,9.39,9.41,9.69,9.29,9.66,28386529,269252204.0,35920
20241119,600776,11.72,11.43,11.97,11.43,11.87,20368603,238840949.0,25436
20241119,600777,2.21,2.21,2.26,2.21,2.26,50893011,113920061.0,4297
20241119,600778,5.22,5.19,5.3,5.15,5.27,4723301,24733612.0,4092
20241119,600779,52.3,52.3,53.65,51.55,53.64,9637664,508081513.0,32597
20241119,600780,6.07,6.1,6.13,5.96,6.09,11307300,68190525.0,12252
20241119,600782,3.9,3.88,3.92,3.77,3.86,42913283,164409025.0,24828
20241119,600783,13.22,13.22,13.58,13.17,13.53,6460401,86427134.0,10888
20241119,600784,5.86,5.86,5.99,5.85,5.98,5963600,35276282.0,6240
20241119,600785,11.18,11.19,11.27,11.02,11.25,4775873,53292207.0,4778
20241119,600787,6.88,7.3,7.57,6.9,7.04,396416605,2894628886.0,171153
20241119,600789,8.43,8.51,8.64,8.39,8.63,44553815,379648740.0,42254
20241119,600790,3.79,3.81,3.94,3.81,3.94,33108633,127973809.0,16398
20241119,600791,4.36,4.38,4.44,4.28,4.37,10923531,47163383.0,12001
20241119,600792,3.83,3.78,3.79,3.66,3.76,23345214,86978944.0,9604
20241119,600793,11.59,11.61,11.73,11.17,11.52,3339764,38137384.0,5788
20241119,600794,3.58,3.58,3.66,3.51,3.63,21825000,78483431.0,8995
20241119,600795,4.82,4.81,4.82,4.73,4.77,140325446,668841306.0,48835
20241119,600796,4.92,4.94,5.0,4.88,4.98,4216549,20876820.0,6231
20241119,600797,6.8,6.8,6.9,6.63,6.89,45481701,308550961.0,40572
20241119,600798,3.12,3.12,3.14,3.07,3.14,14786090,45995988.0,8839
20241119,600800,3.3,3.36,3.63,3.3,3.63,32275000,113521862.0,12911
20241119,600801,13.22,13.23,13.42,13.1,13.39,10933731,145178597.0,19856
20241119,600802,3.97,3.98,4.0,3.83,3.96,12794988,49966625.0,8906
20241119,600803,19.08,19.16,19.35,19.0,19.35,6932711,133157201.0,17352
20241119,600804,2.23,2.23,2.23,2.23,2.23,0,0.0,0
20241119,600805,4.46,4.47,4.55,4.42,4.55,11205817,50277565.0,11060
20241119,600807,3.78,3.8,4.15,3.78,4.09,75260131,299716861.0,46039
20241119,600808,2.37,2.37,2.42,2.32,2.36,46350667,109283412.0,20446
20241119,600809,212.92,215.0,215.97,202.61,209.07,9190593,1910064250.0,50929
20241119,600810,7.6,7.5,7.91,7.44,7.9,26308334,201953033.0,21150
20241119,600812,5.53,5.56,5.65,5.53,5.64,11083798,62166720.0,15666
20241119,600814,6.73,6.75,6.84,6.71,6.83,6377035,43193314.0,6867
20241119,600815,2.53,2.52,2.55,2.46,2.54,26401100,65938559.0,7044
20241119,600816,3.53,3.53,3.83,3.51,3.73,135234483,499712817.0,50705
20241119,600817,13.65,12.93,14.74,12.48,14.02,41974126,574460224.0,44197
20241119,600818,12.78,12.78,13.08,12.6,13.08,6459400,82935337.0,11111
20241119,600819,5.29,5.32,5.42,5.23,5.36,14457359,76911672.0,18083
20241119,600820,7.15,7.16,7.17,6.92,7.01,61190680,429893102.0,44028
20241119,600821,5.71,5.75,5.75,5.63,5.72,20836798,118407449.0,17324
20241119,600822,13.54,12.51,13.95,12.19,12.19,64354336,828974482.0,66133
20241119,600824,3.59,3.6,3.73,3.56,3.67,19340904,70463911.0,7130
20241119,600825,5.93,5.88,5.98,5.75,5.98,28302910,166040056.0,31030
20241119,600826,11.14,10.93,12.25,10.9,11.61,123043522,1468179916.0,100793
20241119,600827,9.96,10.0,10.12,9.8,9.99,13501599,134419118.0,24302
20241119,600828,3.16,3.14,3.19,3.09,3.19,12543526,39375278.0,11586
20241119,600829,6.97,6.96,7.1,6.94,7.1,9103878,63953890.0,11790
20241119,600830,10.38,10.36,10.55,10.18,10.48,14340035,148198836.0,13013
20241119,600831,2.73,2.71,2.77,2.67,2.77,14148401,38482434.0,2574
20241119,600833,13.54,13.48,13.58,13.05,13.55,11643672,155017818.0,15147
20241119,600834,8.88,8.87,9.08,8.67,8.96,9874217,87642593.0,9047
20241119,600835,17.59,17.5,17.94,17.03,17.61,20572654,359493493.0,38858
20241119,600838,9.14,9.05,9.11,8.57,8.93,25074264,222240033.0,16005
20241119,600839,11.91,11.11,12.25,11.11,12.09,594112992,6928204990.0,565743
20241119,600841,5.26,5.17,5.34,5.12,5.34,23465900,122790102.0,17547
20241119,600843,13.31,13.31,13.56,12.67,13.19,61335584,804840074.0,70646
20241119,600844,3.13,2.9,2.99,2.82,2.97,83938183,244097174.0,32156
20241119,600845,27.81,27.8,28.13,27.42,28.01,17465787,485762702.0,37602
20241119,600846,8.24,8.25,8.34,8.18,8.34,6961629,57478187.0,6174
20241119,600847,9.45,9.44,9.68,9.25,9.65,2565100,24211284.0,4377
20241119,600848,10.94,10.97,11.03,10.73,10.9,8563958,92925701.0,19322
20241119,600850,24.16,24.13,24.56,23.65,24.49,15940807,384944834.0,27587
20241119,600851,5.73,5.77,5.89,5.73,5.89,4777517,27785309.0,7024
20241119,600853,3.88,3.88,3.91,3.79,3.9,19931415,76692174.0,18934
20241119,600854,4.92,4.93,5.0,4.75,4.9,23193697,112378959.0,20079
20241119,600855,12.2,12.22,12.47,11.86,12.28,14439551,175724406.0,17205
20241119,600857,6.97,6.92,7.08,6.88,7.08,6173731,43195216.0,6873
20241119,600858,4.71,4.72,4.76,4.65,4.75,7247180,34127793.0,7596
20241119,600859,14.76,14.74,14.86,14.45,14.83,25427818,373294809.0,33384
20241119,600860,9.62,9.7,9.94,9.55,9.92,7044601,68559100.0,9088
20241119,600861,19.65,19.76,20.38,19.45,20.26,2230504,44584015.0,7780
20241119,600862,24.67,24.87,25.39,24.72,25.29,15654729,392797050.0,34727
20241119,600863,4.41,4.42,4.42,4.35,4.39,52690962,230882010.0,28783
20241119,600864,6.59,6.65,6.79,6.56,6.79,41156769,274745516.0,37607
20241119,600865,9.0,9.01,9.15,8.93,9.14,4539590,41049953.0,8310
20241119,600866,6.36,6.37,6.51,6.33,6.51,34565841,221903672.0,31693
20241119,600867,8.54,8.53,8.61,8.44,8.55,19937408,170120315.0,19003
20241119,600868,2.26,2.26,2.28,2.21,2.28,32543386,73103361.0,10905
20241119,600869,4.77,4.8,4.95,4.77,4.92,33540342,162672107.0,33749
20241119,600871,2.12,2.13,2.15,2.08,2.14,104683313,221808624.0,37037
20241119,600872,21.89,21.89,22.36,21.76,22.33,12862431,283003882.0,26168
20241119,600873,10.13,10.15,10.37,10.15,10.33,33945067,349015154.0,36344
20241119,600874,6.0,6.03,6.12,5.97,6.09,17367538,104885172.0,18795
20241119,600875,15.72,15.72,15.92,15.6,15.9,17990438,283795935.0,28163
20241119,600876,10.11,10.12,10.34,10.08,10.29,2195209,22469523.0,3921
20241119,600877,14.09,14.09,14.49,14.05,14.46,13922798,198693871.0,19696
20241119,600879,9.69,9.71,9.98,9.49,9.81,84949898,827947010.0,63764
20241119,600880,4.41,4.38,4.48,4.33,4.48,19883692,87822389.0,15067
20241119,600881,1.89,1.86,1.87,1.76,1.84,122511477,220578099.0,26493
20241119,600882,17.85,17.85,18.17,17.64,18.14,5861256,104958039.0,13823
20241119,600883,6.72,6.76,6.85,6.68,6.83,3476675,23569660.0,4905
20241119,600884,9.41,9.41,10.16,9.23,10.1,196745089,1900866102.0,175268
20241119,600885,30.83,30.93,31.8,30.93,31.67,7971793,251036337.0,25696
20241119,600886,15.65,15.66,15.67,15.33,15.43,26810310,413763520.0,38767
20241119,600887,28.98,28.87,29.22,28.4,28.87,41558775,1195941448.0,83027
20241119,600888,7.48,7.48,7.54,7.4,7.53,18134923,135273349.0,17192
20241119,600889,7.7,8.47,8.47,8.47,8.47,320808,2717244.0,196
20241119,600892,4.4,4.38,4.47,4.3,4.47,10854700,47804237.0,14264
20241119,600893,41.85,42.11,42.6,41.19,42.15,18701128,782939771.0,47794
20241119,600894,12.45,12.5,12.95,12.34,12.95,9926807,125527008.0,15719
20241119,600895,28.98,29.07,29.78,28.48,29.68,66242606,1932800511.0,120925
20241119,600897,14.94,14.89,15.23,14.89,15.21,5457032,82411690.0,7183
20241119,600900,27.42,27.4,27.5,27.17,27.37,95680280,2615794240.0,102274
20241119,600901,5.04,5.07,5.15,5.03,5.11,49955509,253787697.0,32410
20241119,600903,7.92,7.84,8.3,7.59,8.27,33000163,262629377.0,25765
20241119,600905,4.72,4.72,4.74,4.66,4.73,101388838,476759637.0,43222
20241119,600906,7.3,7.38,7.53,7.32,7.49,41842097,311201933.0,30127
20241119,600908,6.15,6.11,6.22,6.01,6.11,41690696,254838506.0,20252
20241119,600909,6.05,6.09,6.13,5.95,6.11,67564193,409284180.0,46491
20241119,600916,8.81,8.83,8.86,8.74,8.85,20759421,182594846.0,18970
20241119,600917,6.25,6.21,6.34,6.16,6.32,8921576,55742878.0,4753
20241119,600918,6.83,6.85,6.92,6.75,6.91,33841125,231678651.0,30916
20241119,600919,9.07,9.09,9.14,8.93,9.06,94982259,859717904.0,63849
20241119,600925,5.45,5.45,5.5,5.43,5.49,13509765,73971654.0,16091
20241119,600926,13.92,13.9,14.07,13.72,13.91,28674581,397601455.0,33045
20241119,600927,14.22,14.26,14.69,14.26,14.53,4896980,70652621.0,12832
20241119,600928,3.78,3.75,3.91,3.71,3.81,63199738,241529458.0,36497
20241119,600929,5.71,5.72,5.79,5.67,5.79,14728950,84451341.0,13143
20241119,600933,15.1,15.2,15.43,15.05,15.42,6038249,92313023.0,12635
20241119,600935,2.5,2.51,2.57,2.5,2.56,16672200,42259895.0,9624
20241119,600936,3.03,2.99,3.01,2.9,3.01,20490173,60596355.0,13154
20241119,600938,26.05,26.3,26.47,26.12,26.4,50953633,1340670803.0,71949
20241119,600939,3.58,3.62,3.65,3.46,3.56,26531200,93335498.0,15213
20241119,600941,104.67,104.4,104.5,102.88,103.68,12437915,1288606551.0,39736
20241119,600955,14.84,14.95,15.05,14.78,15.05,1822400,27243123.0,4284
20241119,600956,7.77,7.81,8.0,7.77,8.0,13255063,104575915.0,14351
20241119,600958,10.71,10.78,10.83,10.57,10.78,50649908,542414938.0,51352
20241119,600959,3.54,3.52,3.55,3.42,3.49,64202050,223191745.0,35904
20241119,600960,3.5,3.55,3.78,3.5,3.72,53705236,195842380.0,34360
20241119,600961,8.21,8.24,8.35,8.18,8.35,14311491,118337744.0,21243
20241119,600962,15.87,15.79,16.48,15.79,16.23,3369253,54322483.0,6520
20241119,600963,5.66,5.65,5.92,5.5,5.87,44228177,251121175.0,21327
20241119,600965,4.01,4.03,4.1,4.01,4.1,6724346,27313400.0,6815
20241119,600966,5.42,5.44,5.45,5.18,5.41,29415016,156457424.0,28904
20241119,600967,7.95,7.98,8.03,7.89,7.99,12015000,95523910.0,17458
20241119,600968,4.28,4.3,4.38,4.27,4.33,47495865,204798248.0,32304
20241119,600969,7.06,6.95,7.02,6.72,6.92,30103284,206756374.0,36192
20241119,600970,10.85,10.81,10.82,10.45,10.6,22825741,241892201.0,25937
20241119,600971,9.68,9.69,9.73,9.57,9.68,16566934,159709871.0,16185
20241119,600973,4.05,4.05,4.17,4.05,4.17,15718539,64623761.0,13365
20241119,600975,6.34,6.38,6.4,6.26,6.4,25877202,163678903.0,18126
20241119,600976,43.55,43.77,44.21,43.21,44.21,1331468,58153801.0,4805
20241119,600977,11.54,11.55,11.62,11.39,11.6,11914704,137193311.0,19022
20241119,600979,3.65,3.64,3.68,3.59,3.68,23608580,85942247.0,19281
20241119,600980,15.43,15.43,15.79,15.37,15.78,3892238,60699047.0,8784
20241119,600981,2.65,2.67,2.67,2.54,2.63,25900325,67064185.0,14386
20241119,600982,3.88,3.89,3.95,3.84,3.92,15850779,61719323.0,10830
20241119,600983,8.53,8.53,8.77,8.52,8.77,1845824,16027252.0,4093
20241119,600984,3.43,3.45,3.59,3.37,3.48,23425090,80918332.0,13730
20241119,600985,15.34,15.34,15.36,15.05,15.28,20839990,317292675.0,30524
20241119,600986,5.64,5.62,5.86,5.5,5.84,71737812,409541741.0,45996
20241119,600987,7.21,7.23,7.32,7.18,7.31,8443445,61279291.0,13619
20241119,600988,16.92,17.12,17.52,17.12,17.4,72249699,1252473174.0,68886
20241119,600989,15.91,15.97,16.25,15.93,16.21,24795006,399078220.0,43701
20241119,600990,23.01,23.4,24.3,23.22,23.85,13370491,317955919.0,27878
20241119,600992,16.19,15.37,15.88,14.82,15.26,16804851,256105230.0,17348
20241119,600993,24.95,25.05,25.36,24.91,25.23,4423914,111421336.0,13503
20241119,600995,10.57,10.6,10.69,10.51,10.67,9032184,95845203.0,19041
20241119,600996,9.22,9.24,9.33,8.99,9.28,20707518,189755612.0,22424
20241119,600997,7.24,7.19,7.22,7.02,7.22,16880542,119907610.0,17552
20241119,600998,5.38,5.4,5.43,5.25,5.37,39955377,213079658.0,30108
20241119,600999,19.65,19.65,19.92,19.5,19.87,28987165,571129459.0,46899
20241119,601000,4.51,4.48,4.5,4.36,4.42,64266609,284125679.0,30702
20241119,601001,14.87,14.86,14.86,14.43,14.66,20545724,299630264.0,22247
20241119,601002,4.44,4.45,4.49,4.32,4.45,12698000,55847806.0,14109
20241119,601003,3.03,3.03,3.04,2.96,3.03,16814721,50462283.0,9893
20241119,601005,1.62,1.57,1.59,1.51,1.59,271120200,418960830.0,42387
20241119,601006,6.82,6.82,6.87,6.69,6.76,110173176,745452697.0,64464
20241119,601007,6.81,6.83,6.87,6.74,6.86,5386291,36604772.0,4773
20241119,601008,3.94,3.99,3.99,3.88,3.97,12988469,51146166.0,8119
20241119,601009,10.31,10.28,10.38,10.17,10.34,44765590,460733910.0,34237
20241119,601010,2.22,2.23,2.23,2.16,2.22,21390317,46974610.0,8748
20241119,601011,2.64,2.68,2.78,2.58,2.68,161811518,434277178.0,51625
20241119,601012,18.21,18.34,18.73,17.89,18.64,98080366,1798205881.0,132611
20241119,601015,3.51,3.51,3.53,3.4,3.51,22850542,79152929.0,17308
20241119,601016,3.23,3.23,3.26,3.18,3.24,62292931,200808822.0,29966
20241119,601018,3.86,3.85,3.9,3.79,3.85,54211800,208460193.0,32572
20241119,601019,10.71,10.7,10.74,10.45,10.63,7806836,82659124.0,13580
20241119,601020,12.65,12.65,13.1,12.65,13.09,33003834,426015034.0,39449
20241119,601021,58.09,57.96,58.33,57.13,58.3,4515653,260861662.0,20995
20241119,601022,8.43,8.46,8.58,8.4,8.58,8813198,74916312.0,14805
20241119,601038,15.31,15.45,15.71,15.31,15.7,7251876,112704727.0,15575
20241119,601058,14.53,14.6,14.99,14.58,14.95,55625748,826105689.0,50767
20241119,601059,15.19,15.3,15.65,15.23,15.56,23320512,359636008.0,34503
20241119,601066,27.89,27.98,28.45,27.55,28.29,22569642,631406175.0,43490
20241119,601068,4.9,4.88,4.91,4.76,4.88,18057793,87225994.0,25562
20241119,601069,12.03,12.15,12.41,12.08,12.35,11913134,145806172.0,16497
20241119,601077,5.59,5.59,5.67,5.51,5.61,82217630,460852326.0,38829
20241119,601086,4.47,4.48,4.54,4.41,4.54,9852045,44058562.0,7280
20241119,601088,41.43,41.43,41.64,40.66,41.11,34989650,1439136955.0,69478
20241119,601089,15.84,15.85,16.13,15.85,16.13,2566446,41181677.0,6925
20241119,601098,12.56,12.56,12.64,12.39,12.59,8539275,106917823.0,19411
20241119,601099,4.36,4.37,4.51,4.36,4.51,340360800,1506906150.0,105680
20241119,601100,53.37,53.64,55.46,53.4,55.32,7942584,433750747.0,28413
20241119,601101,8.74,8.74,8.78,8.58,8.72,13882070,120372600.0,19919
20241119,601106,3.18,3.2,3.2,3.1,3.18,65203522,205309097.0,37017
20241119,601107,5.18,5.2,5.24,5.15,5.24,17917829,93043637.0,20508
20241119,601108,8.36,8.37,8.48,8.26,8.44,58218283,488648253.0,39817
20241119,601111,7.72,7.7,7.87,7.62,7.78,88157002,682002490.0,60492
20241119,601113,3.61,3.61,3.67,3.58,3.67,16546900,59937962.0,15131
20241119,601116,9.99,10.01,10.15,9.91,10.15,6214560,62474389.0,14344
20241119,601117,8.76,8.75,8.86,8.38,8.56,142495832,1221884624.0,94575
20241119,601118,5.52,5.52,5.66,5.52,5.64,24364101,136333441.0,27362
20241119,601121,6.52,6.49,6.77,6.48,6.75,21674311,144097920.0,18322
20241119,601126,17.69,17.7,18.51,17.66,18.5,18680772,339962010.0,36421
20241119,601127,124.75,124.99,129.55,122.68,129.39,62150650,7827075006.0,208558
20241119,601128,7.53,7.48,7.62,7.29,7.57,53366186,401491429.0,33445
20241119,601136,22.02,22.15,23.26,22.11,23.08,61800362,1403967131.0,94308
20241119,601137,18.36,18.71,19.28,18.68,19.25,23808857,452378131.0,45179
20241119,601138,23.24,23.45,23.88,22.92,23.72,107477550,2515347736.0,139510
20241119,601139,7.36,7.35,7.44,7.3,7.43,20457616,150903115.0,22640
20241119,601155,13.89,14.0,14.02,13.59,13.76,19761915,271621937.0,32359
20241119,601156,16.57,16.6,16.88,16.26,16.51,13342582,220022609.0,24880
20241119,601158,4.98,4.99,5.03,4.94,5.02,10374757,51812948.0,14941
20241119,601162,4.85,4.86,5.0,4.82,4.97,561785786,2752838210.0,235541
20241119,601163,15.16,15.21,15.39,15.14,15.39,11479916,175447494.0,14793
20241119,601166,18.51,18.51,18.72,18.21,18.33,98469268,1813886974.0,83495
20241119,601168,17.0,17.2,17.5,17.17,17.47,30985319,537746518.0,51844
20241119,601169,5.75,5.74,5.85,5.66,5.74,178433795,1026719194.0,61348
20241119,601177,8.31,8.39,8.61,8.34,8.61,5834700,49570383.0,8720
20241119,601179,8.09,8.1,8.16,7.96,8.1,47620124,383496755.0,47623
20241119,601186,10.26,9.94,9.96,9.48,9.64,346083955,3361450789.0,159125
20241119,601187,5.66,5.62,5.9,5.53,5.81,63693081,367447977.0,43382
20241119,601188,3.63,3.62,3.69,3.58,3.69,26051030,94719099.0,19778
20241119,601198,11.29,11.43,11.66,11.31,11.6,72454610,829922714.0,60807
20241119,601199,5.69,5.68,5.75,5.6,5.71,8913000,50586275.0,8631
20241119,601200,8.47,8.47,8.57,8.39,8.54,10910237,92428976.0,13515
20241119,601208,8.25,8.3,8.48,8.19,8.47,14409032,120349610.0,17427
20241119,601211,19.58,19.7,19.76,19.32,19.64,47220740,921728318.0,59303
20241119,601212,3.02,3.04,3.08,3.01,3.08,59843024,182377789.0,34588
20241119,601216,5.02,5.02,5.11,4.96,5.11,170110930,858015124.0,81609
20241119,601218,3.23,3.21,3.3,3.2,3.3,11299120,36681991.0,8587
20241119,601222,7.42,7.43,7.56,7.41,7.55,19730122,147632742.0,20251
20241119,601225,23.86,23.88,23.97,23.43,23.71,39250141,930465747.0,57390
20241119,601226,5.99,5.99,6.08,5.91,6.08,12679033,75979914.0,14859
20241119,601228,3.44,3.45,3.5,3.4,3.48,42364653,146650569.0,23065
20241119,601229,8.03,8.0,8.16,7.9,8.08,74504369,600310866.0,48555
20241119,601231,15.0,15.0,15.27,14.81,15.13,15741241,237452272.0,32730
20241119,601233,12.03,11.99,12.1,11.78,12.04,31673274,378891951.0,29036
20241119,601236,8.64,8.64,8.7,8.42,8.65,45410309,388600154.0,36240
20241119,601238,9.06,9.06,9.07,8.7,8.97,49627269,442694806.0,56929
20241119,601279,3.96,4.0,4.12,3.98,4.12,14675131,59342087.0,18559
20241119,601288,4.8,4.8,4.82,4.7,4.75,568459472,2708267165.0,105521
20241119,601298,8.76,8.7,8.84,8.6,8.8,14369715,125609002.0,24951
20241119,601311,8.53,8.53,8.74,8.51,8.74,16916563,146070134.0,25394
20241119,601318,55.76,56.0,56.12,55.1,55.61,52819300,2934893274.0,99001
20241119,601319,7.37,7.38,7.42,7.26,7.38,73639354,539164913.0,59359
20241119,601326,3.47,3.47,3.53,3.44,3.49,31103925,108163447.0,20389
20241119,601328,7.29,7.29,7.38,7.19,7.24,128826208,936503217.0,56977
20241119,601330,6.48,6.5,6.52,6.38,6.52,5117202,33026124.0,5450
20241119,601333,3.47,3.45,3.52,3.4,3.48,87744995,302879351.0,34059
20241119,601336,49.46,49.6,49.73,48.16,49.21,23656249,1157553737.0,59594
20241119,601339,5.41,5.47,5.64,5.41,5.55,21657802,118936779.0,18069
20241119,601360,11.9,10.95,11.35,10.71,10.97,528039504,5772065509.0,340637
20241119,601366,5.28,5.28,5.3,5.21,5.28,9264395,48637381.0,4242
20241119,601368,4.92,4.92,4.97,4.87,4.97,6989600,34387480.0,7334
20241119,601369,8.87,9.0,9.19,8.88,9.19,17963647,163226211.0,18180
20241119,601375,4.5,4.51,4.58,4.47,4.57,70005823,316845150.0,23555
20241119,601377,6.46,6.48,6.55,6.41,6.53,73743550,477867760.0,52721
20241119,601388,2.58,2.58,2.61,2.54,2.61,33004428,85109213.0,15301
20241119,601390,7.0,6.87,6.92,6.65,6.75,266541559,1804463504.0,114625
20241119,601398,6.19,6.18,6.22,6.07,6.15,429498710,2648795351.0,98052
20241119,601399,3.3,3.31,3.37,3.27,3.35,46185960,153710892.0,33496
20241119,601456,12.07,12.11,12.37,12.03,12.3,36476500,444548162.0,39314
20241119,601500,5.06,5.08,5.15,5.02,5.15,29306982,149238269.0,17954
20241119,601512,7.79,7.8,7.98,7.69,7.88,9596113,75110005.0,10542
20241119,601515,4.08,4.01,4.09,3.92,4.06,35180199,140789176.0,24017
20241119,601518,2.7,2.7,2.74,2.68,2.72,20324182,55110678.0,13307
20241119,601519,8.15,8.15,8.43,8.15,8.4,45439454,376096044.0,41191
20241119,601528,5.65,5.6,5.79,5.47,5.67,58968918,333427820.0,27823
20241119,601555,8.03,8.08,8.13,7.93,8.11,64800149,521507065.0,44478
20241119,601566,8.03,8.03,8.14,7.95,8.14,3367065,27165710.0,6416
20241119,601567,31.84,31.84,33.15,31.81,32.61,12411311,404337066.0,41786
20241119,601568,4.3,4.32,4.39,4.31,4.39,17287146,75245244.0,15238
20241119,601577,8.68,8.66,8.87,8.53,8.75,33369345,291911609.0,25660
20241119,601579,11.24,11.25,11.36,10.98,11.24,10109310,112998649.0,14438
20241119,601588,2.08,2.04,2.05,1.96,2.02,70347401,140231240.0,15236
20241119,601595,26.97,26.7,27.98,26.56,27.61,7918140,215445737.0,29596
20241119,601598,5.34,5.3,5.32,5.2,5.27,56759185,297813249.0,37452
20241119,601599,3.49,3.48,3.54,3.44,3.52,16675762,58138924.0,12608
20241119,601600,7.8,7.8,7.95,7.73,7.94,134919207,1060917053.0,93859
20241119,601601,35.54,35.54,35.68,34.75,35.13,30631629,1075379253.0,59908
20241119,601606,11.84,11.89,12.12,11.75,12.11,17817522,212749131.0,23539
20241119,601607,20.71,20.71,21.08,20.5,20.91,20064342,417146066.0,33278
20241119,601608,4.32,4.32,4.37,4.25,4.37,40774525,175583014.0,27073
20241119,601609,5.7,5.75,5.82,5.7,5.81,9576300,55112854.0,14937
20241119,601611,9.09,9.02,9.04,8.81,9.02,31740123,282992978.0,33161
20241119,601615,12.53,12.55,12.76,12.37,12.7,24225900,305123542.0,40474
20241119,601616,3.64,3.64,3.71,3.59,3.71,16083475,58732002.0,15217
20241119,601618,3.64,3.53,3.56,3.38,3.47,448505649,1556024785.0,127212
20241119,601619,3.25,3.25,3.29,3.2,3.26,26185100,84802168.0,16418
20241119,601628,44.72,44.52,44.72,43.25,44.31,16805119,738114173.0,51260
20241119,601633,27.77,27.76,28.02,26.81,27.55,37957031,1040450148.0,68583
20241119,601636,6.06,6.07,6.16,6.03,6.15,29727350,180896675.0,20754
20241119,601658,5.33,5.34,5.39,5.25,5.3,185107763,983724424.0,68878
20241119,601665,5.3,5.25,5.37,5.16,5.27,51813598,272255139.0,34866
20241119,601666,10.22,10.2,10.23,10.06,10.23,42223736,428094885.0,43074
20241119,601668,6.28,6.23,6.24,6.06,6.1,447904343,2743349874.0,133376
20241119,601669,6.04,5.95,5.96,5.73,5.85,243376977,1422150392.0,110332
20241119,601677,12.45,12.45,12.72,12.33,12.71,33647475,420804430.0,37333
20241119,601678,3.97,3.97,4.05,3.95,4.04,29276163,116909933.0,19965
20241119,601686,5.58,5.58,5.63,5.53,5.63,2949800,16457529.0,4075
20241119,601688,18.38,18.4,18.56,18.06,18.48,87425024,1602997380.0,88609
20241119,601689,50.94,51.88,53.88,51.53,53.3,28482435,1502505914.0,71308
20241119,601696,11.48,11.5,11.71,11.43,11.67,33289509,385216830.0,33453
20241119,601698,21.55,21.9,22.64,21.06,22.21,134836688,2931935729.0,169428
20241119,601699,15.24,15.29,15.3,14.85,15.12,24487406,368200057.0,34676
20241119,601700,4.75,4.75,4.84,4.73,4.84,11220000,53621220.0,8981
20241119,601702,15.39,15.39,15.82,15.21,15.72,8489623,132480240.0,23264
20241119,601717,13.03,13.07,13.19,12.87,13.07,50392050,657030594.0,47178
20241119,601718,2.98,2.97,3.01,2.92,2.99,61008301,180807240.0,23550
20241119,601727,8.78,8.48,9.6,8.33,9.38,653798504,5786763165.0,494641
20241119,601728,6.75,6.69,6.71,6.42,6.53,262191709,1713233055.0,120359
20241119,601766,8.37,8.37,8.37,8.1,8.17,124220167,1016785240.0,97946
20241119,601777,6.69,6.69,7.08,6.61,7.07,90198498,617271793.0,70292
20241119,601778,3.05,3.09,3.09,2.95,3.04,72544059,217215878.0,26141
20241119,601788,18.19,18.32,18.45,17.8,18.33,81884507,1483868923.0,86219
20241119,601789,5.39,5.3,5.47,4.85,5.04,231836996,1188869213.0,86333
20241119,601798,6.08,6.08,6.22,6.02,6.22,7551400,46066255.0,7533
20241119,601799,139.6,139.6,143.68,139.6,143.31,1031205,146626428.0,6000
20241119,601800,11.51,11.18,11.25,10.75,11.06,139127554,1528222467.0,102520
20241119,601801,7.06,7.06,7.1,6.94,7.08,21253800,149350645.0,22135
20241119,601808,15.51,15.5,15.64,15.22,15.52,8399853,129623381.0,14917
20241119,601811,14.55,14.5,14.66,14.18,14.4,4529100,65063990.0,12921
20241119,601816,5.68,5.67,5.73,5.59,5.64,151136091,852951394.0,57820
20241119,601818,3.6,3.58,3.7,3.52,3.61,324251331,1172557435.0,75691
20241119,601825,8.02,8.02,8.1,7.9,8.01,28535439,227661828.0,29839
20241119,601827,8.56,8.6,8.64,8.48,8.64,4289700,36687520.0,9944
20241119,601828,3.64,4.0,4.0,3.64,3.79,189856407,732403872.0,58430
20241119,601838,15.74,15.75,15.84,15.5,15.72,31966906,501475470.0,35744
20241119,601857,8.15,8.19,8.2,8.06,8.13,169755627,1375912252.0,81871
20241119,601858,23.77,23.31,23.82,22.55,23.64,20142915,467162660.0,47948
20241119,601860,3.0,2.95,3.04,2.92,2.98,172556512,513060895.0,39958
20241119,601865,26.45,26.29,28.0,26.01,27.8,34142220,931562656.0,52686
20241119,601866,2.67,2.67,2.7,2.63,2.67,74256584,197655432.0,29145
20241119,601868,2.44,2.43,2.44,2.36,2.4,448476322,1073612551.0,84597
20241119,601869,28.36,28.36,28.87,28.22,28.8,3344798,95479470.0,10039
20241119,601872,6.74,6.74,6.78,6.64,6.76,47057701,315581643.0,35379
20241119,601877,22.64,22.74,22.92,22.34,22.89,13163906,298814457.0,32666
20241119,601878,12.62,12.65,12.71,12.31,12.62,153367021,1917771036.0,104357
20241119,601880,1.64,1.62,1.63,1.57,1.61,192853901,308349118.0,34331
20241119,601881,15.52,15.49,15.76,15.23,15.63,81966777,1271467488.0,80829
20241119,601882,22.11,22.49,23.12,22.21,23.06,3571806,80916705.0,9493
20241119,601886,5.64,5.65,5.69,5.56,5.69,9311210,52418077.0,11782
20241119,601888,69.77,70.0,70.4,68.47,70.31,16875959,1175245646.0,50813
20241119,601890,7.92,8.0,8.0,7.8,7.98,12748049,100766656.0,16097
20241119,601898,13.05,13.02,13.06,12.76,12.92,37235390,479723213.0,50190
20241119,601899,15.71,16.0,16.43,16.0,16.21,260099889,4215053447.0,215898
20241119,601900,14.73,14.8,14.88,14.02,14.47,16867245,241152405.0,22072
20241119,601901,8.61,8.62,8.76,8.55,8.75,82051996,711157144.0,51272
20241119,601908,3.11,3.06,3.16,3.01,3.16,52387474,161773585.0,25236
20241119,601916,2.95,2.95,3.0,2.9,2.95,292864763,866490160.0,52676
20241119,601918,7.73,7.68,7.76,7.55,7.75,32243171,246730690.0,32746
20241119,601919,14.64,14.6,14.6,14.32,14.48,128375576,1852862638.0,101233
20241119,601921,7.89,7.83,7.9,7.71,7.89,20958589,163886062.0,24480
20241119,601928,10.53,10.5,10.52,10.27,10.42,16991911,176469985.0,16945
20241119,601929,1.76,1.75,1.75,1.65,1.74,189789882,322138550.0,29885
20241119,601933,4.32,4.34,4.4,4.18,4.36,285626776,1224281903.0,123674
20241119,601939,8.0,8.0,8.06,7.87,7.95,120671248,961335990.0,62114
20241119,601949,9.52,8.6,8.91,8.57,8.57,82293499,708858020.0,52788
20241119,601952,10.0,10.06,10.12,9.97,10.12,9273718,93117072.0,13944
20241119,601956,5.08,5.08,5.18,5.07,5.17,6373771,32674150.0,6695
20241119,601958,10.82,10.8,10.99,10.75,10.99,15945374,173624116.0,24702
20241119,601963,9.45,9.36,9.49,9.13,9.33,21781342,203092818.0,23464
20241119,601965,17.95,18.0,18.6,17.92,18.56,10959121,200403042.0,21155
20241119,601966,19.68,19.7,20.07,19.64,19.98,15227363,302794163.0,31587
20241119,601968,5.35,5.35,5.47,5.3,5.47,9582100,51756725.0,7596
20241119,601969,6.89,6.89,7.12,6.83,7.11,12659961,88261358.0,17718
20241119,601975,3.28,3.29,3.29,3.21,3.27,90079378,292703095.0,33932
20241119,601985,9.99,10.0,10.04,9.85,9.93,119639745,1186114026.0,64025
20241119,601988,5.0,5.01,5.05,4.91,4.98,254357724,1268152728.0,79619
20241119,601989,5.02,5.0,5.01,4.83,4.95,207892971,1022065389.0,90656
20241119,601990,8.88,8.89,9.03,8.82,9.01,36039089,321412428.0,27831
20241119,601991,2.9,2.9,2.91,2.84,2.88,101819056,292179321.0,34695
20241119,601992,1.97,1.96,1.96,1.87,1.93,94336060,180343746.0,24355
20241119,601995,36.05,36.09,36.63,35.47,36.18,29240019,1052938244.0,48540
20241119,601996,2.25,2.24,2.25,2.15,2.22,35235600,77330025.0,11684
20241119,601997,6.31,6.27,6.4,6.19,6.29,103959539,654351878.0,41833
20241119,601998,6.74,6.71,6.86,6.61,6.8,84580727,572221366.0,52732
20241119,601999,6.39,6.41,6.51,6.3,6.48,6040400,38745102.0,9015
20241119,603000,23.19,23.11,23.61,22.6,23.5,40800646,943281771.0,74146
20241119,603001,5.65,5.64,5.73,5.3,5.52,9171500,50382016.0,7320
20241119,603002,5.05,5.09,5.23,5.05,5.23,20476416,105252439.0,21252
20241119,603003,5.3,5.18,5.36,5.04,5.23,13339501,68810396.0,4161
20241119,603005,27.5,27.5,29.15,27.35,28.44,92476111,2602134504.0,160210
20241119,603006,12.87,12.2,14.16,11.61,13.53,28164322,364351896.0,27957
20241119,603007,16.49,15.67,15.67,15.67,15.67,792200,12413774.0,644
20241119,603008,17.92,18.0,18.09,17.75,18.08,3174874,56991419.0,8651
20241119,603009,28.02,28.1,30.1,28.1,30.08,16730325,493515133.0,30133
20241119,603010,10.2,10.06,10.39,10.06,10.38,3511580,35972138.0,5587
20241119,603011,7.54,7.38,8.29,7.38,8.29,83720851,678525656.0,39951
20241119,603012,5.04,5.06,5.1,4.99,5.1,9365920,47354543.0,6373
20241119,603013,14.49,14.46,15.07,14.45,15.06,4509542,66772349.0,10922
20241119,603015,7.97,8.0,8.77,7.96,8.77,15922727,137755270.0,10078
20241119,603016,31.39,29.22,30.17,28.29,29.5,6670720,194061741.0,12561
20241119,603017,8.74,8.74,8.88,8.66,8.87,4009400,35204487.0,7216
20241119,603018,8.54,8.69,8.93,8.41,8.93,29093829,252048342.0,27636
20241119,603019,71.35,70.9,78.42,69.85,77.19,146036994,10733249107.0,354138
20241119,603020,7.68,7.68,7.83,7.63,7.8,3753098,29020636.0,5806
20241119,603021,5.57,5.35,5.46,5.07,5.33,28932880,151549158.0,16088
20241119,603022,7.56,7.57,7.7,7.48,7.7,2921197,22222462.0,4171
20241119,603023,2.77,2.8,2.81,2.64,2.74,9531076,25803229.0,2299
20241119,603025,13.83,13.89,14.66,13.89,14.6,11002744,157069091.0,24347
20241119,603026,34.75,34.99,36.22,34.25,36.09,6737864,237745243.0,19844
20241119,603027,12.54,12.49,12.72,12.36,12.7,11933061,149809751.0,19892
20241119,603028,6.6,6.61,6.77,6.54,6.72,4462887,29759537.0,4528
20241119,603029,15.84,15.84,16.29,15.84,16.28,3566529,57295113.0,6256
20241119,603030,2.62,2.62,2.64,2.48,2.6,29372361,75225856.0,9789
20241119,603031,29.38,29.4,30.16,28.28,29.16,3650660,105212059.0,8939
20241119,603032,18.27,17.63,18.4,17.12,18.34,19505885,346651553.0,27993
20241119,603033,12.16,12.11,13.37,12.11,13.36,12855311,164726473.0,18694
20241119,603035,15.03,15.03,15.13,14.8,15.13,9839800,147407842.0,11469
20241119,603036,14.42,14.34,14.98,13.98,14.88,8995291,129602725.0,13695
20241119,603037,14.26,14.42,15.04,14.27,15.02,15300983,223698618.0,18414
20241119,603038,18.91,19.13,20.1,19.0,20.0,21804271,428179289.0,45600
20241119,603039,52.07,46.86,57.28,46.86,56.0,10325528,529589482.0,28187
20241119,603040,22.31,22.4,23.08,22.4,23.05,1208375,27539079.0,3996
20241119,603041,10.67,10.72,10.86,10.59,10.85,1708820,18316213.0,2705
20241119,603042,11.91,12.03,12.29,11.87,12.26,6486000,78475986.0,11524
20241119,603043,16.13,16.28,16.28,15.98,16.19,3200940,51718009.0,8982
20241119,603045,12.22,12.31,12.62,12.23,12.62,2942097,36555623.0,6397
20241119,603048,14.17,14.23,14.89,14.17,14.72,3082309,45007390.0,5091
20241119,603050,22.02,22.04,22.38,21.8,22.34,2221992,49275532.0,5150
20241119,603051,30.39,28.33,29.4,27.4,28.82,10148476,288037714.0,18296
20241119,603052,40.5,42.29,44.55,42.03,44.4,6174476,270484587.0,15702
20241119,603053,9.69,9.68,9.9,9.61,9.9,5309807,51870415.0,6917
20241119,603055,11.66,11.73,11.87,11.63,11.86,3868659,45530334.0,10090
20241119,603056,13.75,13.8,13.96,13.7,13.96,6225094,86277726.0,11200
20241119,603057,16.98,16.97,17.75,16.96,17.61,2528857,44101214.0,6671
20241119,603058,9.6,9.61,9.89,9.5,9.89,5403390,52279567.0,8959
20241119,603059,22.17,22.03,22.67,22.02,22.66,695700,15581723.0,1603
20241119,603060,6.87,6.89,7.02,6.79,7.02,6339112,43961487.0,8672
20241119,603061,74.3,74.45,76.93,74.23,76.8,1032321,78014255.0,5500
20241119,603063,19.28,19.23,21.15,19.11,20.95,29808558,605233270.0,58359
20241119,603065,8.22,8.22,8.55,8.2,8.55,2812297,23582930.0,4954
20241119,603066,10.43,10.49,10.98,10.46,10.77,6171700,66101778.0,10211
20241119,603067,12.94,12.95,13.26,12.89,13.25,7429455,97239448.0,15157
20241119,603068,28.44,28.35,30.39,28.13,29.19,10074751,292779384.0,29648
20241119,603069,18.99,19.26,19.79,19.1,19.76,6598900,128107573.0,10383
20241119,603070,11.8,11.91,12.32,11.81,12.24,2013600,24194221.0,3933
20241119,603071,12.61,12.59,12.89,12.59,12.89,3124056,39800585.0,6969
20241119,603073,15.38,15.4,16.14,15.26,16.12,3235083,51086092.0,4393
20241119,603076,22.74,22.95,23.58,22.87,23.58,1243481,28850904.0,3789
20241119,603077,2.06,2.08,2.15,2.03,2.07,167039741,346698571.0,44158
20241119,603078,15.43,15.47,16.97,15.47,16.97,27664682,454074241.0,33199
20241119,603079,16.8,17.05,17.98,15.68,16.86,20858143,351113101.0,27768
20241119,603080,16.31,16.32,17.19,16.16,17.18,6213050,104090127.0,9577
20241119,603081,10.26,10.19,10.37,10.19,10.35,3758848,38690759.0,5435
20241119,603083,45.0,44.96,46.89,44.78,46.67,31355866,1431007622.0,85609
20241119,603085,9.08,9.08,9.33,9.06,9.33,6382200,58861604.0,8804
20241119,603086,4.56,4.53,4.63,4.53,4.63,4970995,22800561.0,5351
20241119,603087,45.73,45.73,46.39,45.41,46.36,6827200,313458420.0,20165
20241119,603088,7.66,7.6,7.87,7.59,7.87,7933461,61846518.0,9462
20241119,603089,8.49,8.49,8.77,8.49,8.75,2690115,23216929.0,4555
20241119,603090,19.3,19.46,19.5,18.39,19.06,5657746,106850249.0,10455
20241119,603093,12.06,12.1,12.39,12.02,12.27,4966215,60496278.0,11298
20241119,603095,20.51,20.34,21.29,20.34,21.2,3490390,72577100.0,10625
20241119,603096,17.17,17.3,17.45,17.0,17.43,2400631,41247402.0,5360
20241119,603097,22.29,22.0,23.2,21.8,23.15,6034492,136410764.0,10293
20241119,603098,10.32,10.31,10.54,10.13,10.49,8669262,89851204.0,11965
20241119,603099,39.1,38.91,42.9,38.22,41.97,19974944,803086140.0,45124
20241119,603100,22.0,21.78,23.26,21.7,23.26,14767535,333686877.0,23599
20241119,603101,7.35,7.22,7.69,7.16,7.54,22691832,168292761.0,19478
20241119,603102,33.6,33.66,33.96,33.35,33.96,493600,16620762.0,2109
20241119,603103,13.18,13.1,13.48,13.05,13.43,3072249,40825475.0,7049
20241119,603105,8.79,8.79,9.05,8.78,9.03,8738150,77886418.0,12026
20241119,603106,8.65,8.61,9.37,8.56,9.18,29945622,268388489.0,34081
20241119,603108,19.13,19.0,19.53,18.5,19.25,39946306,759477502.0,60672
20241119,603109,14.88,15.06,15.39,14.88,15.37,2719265,41249690.0,7529
20241119,603110,15.28,15.48,16.81,14.95,16.81,26989511,435884296.0,27117
20241119,603111,6.04,6.08,6.13,5.99,6.13,10881517,65972448.0,14112
20241119,603112,12.64,12.61,12.88,12.57,12.86,2401650,30674201.0,3695
20241119,603113,6.05,6.02,6.16,5.99,6.15,12147900,73861917.0,16641
20241119,603115,13.0,13.18,13.56,13.02,13.53,1575322,21036522.0,4751
20241119,603116,5.76,5.76,6.0,5.72,6.0,8771360,51562283.0,9621
20241119,603117,7.26,7.41,7.99,7.21,7.82,59149633,460489841.0,47502
20241119,603118,8.15,8.16,8.39,8.08,8.39,16127227,132728541.0,19024
20241119,603121,8.32,8.39,8.8,8.29,8.8,11594328,99394612.0,15485
20241119,603122,7.03,7.11,7.23,7.01,7.22,10359085,73827711.0,8819
20241119,603123,8.6,8.68,8.79,8.37,8.79,23160332,198688940.0,20694
20241119,603126,6.05,5.99,6.11,5.96,6.11,8354000,50372664.0,7546
20241119,603127,17.3,17.38,18.44,17.38,18.14,16341338,294136586.0,38406
20241119,603128,6.18,6.21,6.32,6.14,6.3,36548953,228683029.0,24280
20241119,603129,143.18,144.0,146.86,143.74,146.3,1686032,245564862.0,10970
20241119,603130,20.99,20.95,20.95,20.23,20.9,1817776,37521318.0,3671
20241119,603131,19.7,19.47,20.78,18.9,20.46,28166236,554530820.0,39588
20241119,603132,11.71,11.79,12.13,11.75,12.1,3069418,36619327.0,8675
20241119,603136,11.53,11.56,11.66,11.36,11.63,4612696,53228001.0,6852
20241119,603138,15.1,15.25,15.36,14.71,15.36,9249620,139319659.0,20283
20241119,603139,15.03,15.1,15.24,14.88,15.16,1446700,21775187.0,3452
20241119,603150,27.03,27.03,27.84,27.03,27.83,796125,21813298.0,2529
20241119,603151,10.81,10.97,11.11,10.83,11.06,1587531,17416007.0,3232
20241119,603153,22.05,21.17,21.59,20.12,20.9,13074293,273991629.0,21018
20241119,603155,12.63,12.61,13.15,12.51,13.15,3294234,42255229.0,6648
20241119,603156,21.09,21.06,21.43,21.06,21.2,3888137,82696608.0,11341
20241119,603158,7.79,7.82,8.02,7.8,8.02,10457320,82642035.0,15748
20241119,603159,14.11,14.11,14.39,13.75,14.31,2509477,35296546.0,4546
20241119,603160,81.89,81.9,84.84,81.71,84.58,7956738,661457261.0,32093
20241119,603161,11.2,11.03,11.36,10.81,11.36,9739606,107862359.0,10455
20241119,603162,9.39,9.39,9.61,9.36,9.6,4847064,46064851.0,13033
20241119,603163,23.86,23.88,24.72,23.88,24.72,830967,20216066.0,2353
20241119,603165,11.74,11.79,11.94,11.72,11.94,2769531,32791756.0,5790
20241119,603166,6.45,6.46,6.6,6.43,6.6,8517940,55489777.0,10566
20241119,603167,9.02,8.9,9.25,8.81,9.25,16234822,147239981.0,19059
20241119,603168,8.31,8.22,8.33,7.59,8.01,16994731,134645314.0,11843
20241119,603169,5.47,5.46,5.78,5.45,5.77,30594325,172718551.0,32130
20241119,603170,14.79,14.78,15.16,14.55,15.02,3505372,52214311.0,7196
20241119,603171,29.31,29.45,29.8,28.55,29.47,5989480,174407862.0,21038
20241119,603173,23.4,23.4,24.39,23.4,24.38,2544500,61224145.0,8065
20241119,603176,4.9,4.91,4.96,4.83,4.95,4985100,24325160.0,5006
20241119,603177,8.07,8.06,8.26,7.99,8.25,2549335,20716929.0,5457
20241119,603178,19.7,19.73,20.7,19.73,20.69,7043100,142900200.0,18885
20241119,603179,49.48,49.42,51.35,49.42,50.45,4963598,250690581.0,23394
20241119,603180,19.86,19.89,20.3,19.82,20.29,712688,14288383.0,1845
20241119,603181,10.61,10.57,10.76,10.51,10.76,1318776,14022883.0,3598
20241119,603182,11.94,11.96,12.1,11.81,12.08,1061200,12721578.0,1829
20241119,603183,3.84,3.84,3.87,3.78,3.87,11772353,45057614.0,10605
20241119,603185,19.94,20.09,21.08,19.94,20.5,19686214,403056653.0,50227
20241119,603186,30.34,30.48,30.8,29.05,29.9,6220819,184595148.0,14057
20241119,603187,11.43,11.44,11.64,11.4,11.63,3690209,42564515.0,7876
20241119,603188,3.73,3.78,3.93,3.72,3.89,15815300,59997594.0,12203
20241119,603189,15.07,15.06,16.0,14.74,15.74,12416999,191248050.0,20691
20241119,603190,22.76,22.61,23.0,22.36,22.84,2396580,54408960.0,4217
20241119,603191,12.25,12.3,12.67,12.28,12.67,5881162,73114174.0,8052
20241119,603192,15.44,15.7,15.93,15.38,15.88,1200851,18777300.0,4446
20241119,603195,73.25,73.25,73.9,71.88,73.2,2377304,173042504.0,11034
20241119,603196,14.0,13.9,14.68,13.67,14.61,11421618,161366071.0,16704
20241119,603197,40.49,40.92,43.1,40.89,43.1,7059934,297268268.0,17582
20241119,603198,62.31,62.09,63.2,61.67,63.2,4256712,265788480.0,17210
20241119,603199,33.59,33.59,33.97,33.34,33.92,1363687,45821955.0,4115
20241119,603200,26.69,27.61,27.61,24.64,25.85,28230747,731438289.0,40679
20241119,603201,17.87,17.87,18.26,17.72,18.26,2368414,42687053.0,6557
20241119,603203,23.97,23.66,24.45,23.66,24.38,3536864,85296374.0,5432
20241119,603206,16.49,16.55,16.81,16.3,16.79,4036732,66819570.0,8005
20241119,603208,19.36,19.36,19.58,19.12,19.5,1051128,20369821.0,3456
20241119,603209,16.26,16.26,16.71,16.23,16.7,1988667,32677884.0,5319
20241119,603211,17.04,17.04,18.74,16.66,18.74,30125596,554698469.0,25236
20241119,603212,11.87,11.9,12.36,11.86,12.27,11505073,139615353.0,17702
20241119,603213,8.57,8.6,8.71,8.52,8.71,2034700,17549285.0,3554
20241119,603214,15.39,15.44,15.7,15.19,15.6,3527763,54398409.0,7379
20241119,603215,15.78,15.86,16.14,15.57,15.88,3931017,62344350.0,9018
20241119,603216,10.48,10.49,10.5,10.33,10.45,2783357,28969210.0,4334
20241119,603217,17.14,17.14,17.74,17.08,17.69,2303720,40127219.0,4194
20241119,603218,12.76,12.76,12.92,12.5,12.8,8687090,110476966.0,18581
20241119,603219,13.1,12.58,13.25,12.58,12.96,9824868,125753349.0,9673
20241119,603220,21.9,21.93,22.49,21.67,22.46,13884174,306933829.0,24865
20241119,603221,9.31,9.36,9.49,9.25,9.49,2773000,25972215.0,5249
20241119,603222,7.48,7.43,7.8,7.4,7.8,30740821,235585066.0,16877
20241119,603223,8.46,8.53,8.72,8.4,8.72,3879781,33359980.0,4471
20241119,603225,11.17,11.17,11.3,11.09,11.3,8039594,90208136.0,14540
20241119,603226,5.16,5.12,5.35,4.86,5.08,14840505,75035704.0,9778
20241119,603227,9.44,9.55,9.66,9.23,9.49,26705739,250759808.0,27089
20241119,603228,24.98,25.17,25.66,25.02,25.6,17672751,448520290.0,36829
20241119,603229,7.9,7.92,8.29,7.91,8.27,9063127,73436569.0,13099
20241119,603230,12.61,12.62,12.69,12.31,12.67,5348673,66807048.0,9041
20241119,603232,12.84,12.98,13.25,12.71,13.21,11119300,144714684.0,19259
20241119,603233,16.11,16.11,16.2,15.71,16.2,7889709,125949790.0,13931
20241119,603235,25.48,25.49,25.97,25.38,25.9,1173510,30145145.0,3789
20241119,603236,50.99,51.3,52.5,50.58,52.1,5773609,297838587.0,17207
20241119,603237,17.42,17.43,17.69,17.37,17.64,697695,12208438.0,1817
20241119,603238,10.89,10.94,11.18,10.87,11.16,1582140,17396619.0,3538
20241119,603239,12.65,12.65,12.92,12.6,12.92,3365200,42971548.0,5008
20241119,603255,30.89,30.74,31.8,30.68,31.5,1253486,39065164.0,2956
20241119,603256,7.87,7.9,8.25,7.88,8.2,6305300,51045104.0,11581
20241119,603258,20.74,20.69,21.15,20.36,21.14,4323797,89782688.0,11754
20241119,603259,51.62,51.93,52.58,50.69,52.08,42237317,2180513267.0,105596
20241119,603260,58.41,58.35,59.59,57.6,59.22,3330567,195327163.0,13000
20241119,603261,30.95,30.95,31.8,30.87,31.74,2209900,69364762.0,5648
20241119,603266,17.49,17.47,17.99,17.37,17.9,5074763,89790073.0,9698
20241119,603267,40.57,40.55,41.88,40.45,41.72,4698999,193662785.0,13689
20241119,603268,40.77,40.9,44.85,40.9,44.85,11216804,489825486.0,26994
20241119,603269,8.82,8.87,9.18,8.7,9.18,6551556,59128984.0,9708
20241119,603272,13.89,13.82,13.96,13.0,13.65,3547300,47426442.0,4977
20241119,603277,23.91,23.93,24.39,23.83,24.23,858103,20708564.0,2965
20241119,603278,6.36,6.41,7.0,6.3,7.0,36420565,250975214.0,18094
20241119,603279,18.97,19.03,20.23,19.03,19.83,8853488,174096541.0,19765
20241119,603280,20.14,20.17,20.88,20.14,20.87,1591150,32669892.0,4686
20241119,603281,25.56,25.56,26.18,25.55,26.13,2162753,56214083.0,6152
20241119,603282,15.31,15.47,15.93,15.33,15.88,1448204,22635565.0,3165
20241119,603283,74.22,74.55,76.68,74.4,76.32,6810903,515292358.0,23781
20241119,603286,18.46,18.58,19.02,18.2,19.0,4748700,88937010.0,9633
20241119,603288,45.51,45.56,45.99,44.59,45.4,8894689,402881216.0,29805
20241119,603289,8.13,8.14,8.47,8.14,8.46,3923339,32666369.0,6979
20241119,603290,99.11,99.35,103.0,98.31,102.87,5175335,522419461.0,22712
20241119,603291,10.72,10.72,11.2,10.62,11.2,5798840,63972087.0,7263
20241119,603297,85.5,85.55,90.4,85.55,89.85,2680793,237286858.0,11985
20241119,603298,17.37,17.37,17.54,16.96,17.32,13950203,240089555.0,24971
20241119,603299,10.78,10.77,11.05,10.77,11.03,9026943,98793370.0,16020
20241119,603300,5.58,5.6,5.97,5.58,5.88,90265205,523344881.0,31045
20241119,603301,22.98,23.04,23.4,22.96,23.4,1781433,41348989.0,7781
20241119,603303,11.44,11.42,11.72,11.42,11.7,1552664,17957395.0,2720
20241119,603305,13.41,13.49,14.75,13.49,14.75,77418357,1128359753.0,56902
20241119,603306,26.0,26.11,27.06,26.06,27.0,15878717,421770241.0,30540
20241119,603307,31.18,31.25,32.11,31.25,31.87,584417,18503872.0,1915
20241119,603308,13.61,13.74,14.62,13.62,14.52,24276260,345312735.0,33346
20241119,603309,12.92,12.97,13.12,12.75,13.11,3682170,47814599.0,9281
20241119,603311,10.38,10.31,10.6,10.15,10.58,7604755,78918771.0,14218
20241119,603313,6.95,6.91,7.02,6.81,7.02,9077422,62907913.0,7203
20241119,603315,9.72,9.7,9.98,9.7,9.98,2678850,26363313.0,5306
20241119,603316,5.23,5.26,5.27,5.1,5.25,6863593,35590868.0,7650
20241119,603317,13.95,13.95,14.27,13.88,14.14,7497162,105759223.0,21765
20241119,603318,7.59,7.5,8.3,7.05,7.97,59109183,448704148.0,31879
20241119,603319,22.86,22.98,23.85,22.75,23.85,6970394,162828911.0,14519
20241119,603320,14.18,14.35,14.77,14.18,14.77,2469558,35876820.0,5550
20241119,603321,6.83,6.86,6.99,6.85,6.99,3410076,23633037.0,5647
20241119,603322,33.6,33.3,34.57,33.3,34.46,5113933,174296584.0,12708
20241119,603323,5.33,5.34,5.5,5.29,5.42,67020161,361493038.0,38196
20241119,603324,27.98,27.88,30.78,27.7,30.78,16009761,479194156.0,24418
20241119,603326,6.12,6.12,6.22,6.07,6.22,5181529,31780337.0,5509
20241119,603327,13.47,13.31,14.23,13.31,14.15,18549711,256446907.0,28147
20241119,603328,9.13,9.15,9.5,9.15,9.48,16251335,151940209.0,25624
20241119,603329,12.78,12.74,13.16,12.72,13.12,3764200,48921379.0,7859
20241119,603330,6.45,6.6,6.75,6.45,6.75,14249435,94494041.0,14700
20241119,603331,9.24,9.19,10.16,9.19,10.03,14175440,140682882.0,10294
20241119,603332,8.18,8.27,8.43,8.13,8.43,4648975,38557674.0,6669
20241119,603333,3.96,3.95,4.08,3.93,4.08,14690323,58943696.0,17629
20241119,603335,4.82,4.84,4.98,4.79,4.98,6327400,30942451.0,6398
20241119,603336,4.57,4.56,4.64,4.47,4.64,15974726,72707307.0,12304
20241119,603337,28.3,28.39,30.06,28.35,30.04,3811578,111895561.0,14216
20241119,603338,53.73,53.96,54.45,53.01,54.41,8066253,433703181.0,22443
20241119,603339,12.99,13.38,13.42,12.7,13.1,6256101,81341950.0,9506
20241119,603345,87.67,87.87,88.52,86.82,87.94,2557902,224379652.0,11054
20241119,603348,26.78,26.7,27.56,26.5,27.55,9461282,256158323.0,21584
20241119,603351,24.68,24.78,24.78,24.3,24.73,787281,19379816.0,1701
20241119,603353,15.29,15.0,15.1,14.35,14.92,8248740,121595619.0,11022
20241119,603355,23.27,23.28,23.84,23.28,23.81,1553860,36785732.0,5258
20241119,603356,13.64,13.52,13.98,12.28,13.97,8045461,107561042.0,9386
20241119,603357,9.34,9.44,9.68,9.34,9.6,15192408,144601513.0,17570
20241119,603358,31.25,31.24,31.92,30.95,31.84,8492169,267550744.0,14914
20241119,603359,4.92,4.99,5.07,4.82,5.07,20425584,101211483.0,17202
20241119,603360,20.95,20.94,21.86,20.55,21.41,13068979,275464974.0,27822
20241119,603363,3.55,3.5,3.63,3.44,3.58,22415090,79310452.0,5077
20241119,603365,14.99,14.57,15.5,14.57,15.4,11691021,175833183.0,15904
20241119,603366,10.63,11.69,11.69,9.6,10.8,224037149,2512164263.0,201311
20241119,603367,14.33,14.35,14.5,14.18,14.41,4981650,71571576.0,10185
20241119,603368,18.48,18.42,18.63,18.23,18.57,9421335,173440802.0,15881
20241119,603369,45.3,45.51,45.9,44.32,45.48,5318418,239477294.0,17981
20241119,603377,2.22,2.11,2.11,2.11,2.11,1183700,2497607.0,285
20241119,603378,6.9,6.9,7.0,6.75,6.99,8965391,61661424.0,7731
20241119,603379,33.52,33.58,33.85,32.87,33.68,4176009,139495497.0,11737
20241119,603380,22.45,22.5,23.38,22.5,23.38,1665587,38375568.0,5340
20241119,603383,37.57,37.56,38.77,37.37,38.6,5716744,217665702.0,16398
20241119,603385,6.78,6.95,7.2,6.61,6.93,10514534,72435644.0,11537
20241119,603386,11.42,11.4,11.86,11.39,11.84,6185300,72254473.0,13592
20241119,603387,8.51,8.56,9.03,8.51,8.96,12946001,114076750.0,15449
20241119,603388,2.69,2.73,2.78,2.62,2.76,17216675,46261712.0,3087
20241119,603389,7.35,7.35,7.35,7.35,7.35,0,0.0,0
20241119,603390,9.02,9.06,9.31,8.96,9.3,7787800,71500952.0,10867
20241119,603392,71.0,72.0,72.79,70.71,72.14,3526497,252125951.0,14989
20241119,603393,31.81,31.83,32.12,31.5,32.07,5367296,170928154.0,10280
20241119,603396,30.4,30.5,31.67,30.33,31.63,3558210,110427693.0,10714
20241119,603398,24.78,22.31,23.0,22.3,22.3,8589700,191744670.0,6176
20241119,603399,11.07,10.92,11.75,10.66,11.45,49577275,552296261.0,61484
20241119,603408,12.67,12.75,13.01,12.62,12.96,2541455,32482110.0,6410
20241119,603416,34.68,34.78,36.4,34.68,36.4,2239528,79906484.0,7319
20241119,603421,6.09,6.0,6.09,5.84,6.09,17706994,105480687.0,20336
20241119,603429,6.52,6.56,6.74,6.51,6.72,9200978,61003917.0,13754
20241119,603439,13.45,13.46,13.85,13.46,13.83,5165547,70599893.0,12220
20241119,603444,202.46,202.83,204.99,201.19,204.98,1261429,256292292.0,7723
20241119,603456,15.15,15.21,15.43,15.08,15.42,14943570,227695163.0,18545
20241119,603458,6.44,6.41,7.08,6.23,7.08,29543588,203337259.0,13777
20241119,603466,8.37,8.36,8.58,8.24,8.58,15588599,131271470.0,25087
20241119,603477,19.22,19.12,19.56,19.01,19.54,7162200,138081425.0,13308
20241119,603486,46.29,46.35,47.52,46.13,47.27,5505929,257243926.0,20451
20241119,603488,8.25,8.27,8.72,8.22,8.7,8488480,72619323.0,9179
20241119,603489,21.77,21.97,22.76,21.66,22.73,4832968,107569740.0,11018
20241119,603496,25.29,25.25,26.0,25.03,26.0,10440808,266090720.0,19908
20241119,603499,32.16,33.76,33.98,31.5,32.86,4837754,157718742.0,14603
20241119,603500,6.6,6.6,6.82,6.58,6.82,4370688,29229045.0,4850
20241119,603501,104.95,104.95,106.8,103.0,106.33,18222730,1915437720.0,77679
20241119,603505,25.14,25.05,25.45,24.71,25.45,5199942,130480571.0,9169
20241119,603506,9.01,8.99,9.09,8.82,9.07,3730140,33458039.0,7497
20241119,603507,25.92,25.92,27.29,25.71,27.29,7668010,205741902.0,16055
20241119,603508,23.65,23.72,24.35,23.72,24.31,4353876,104467513.0,13312
20241119,603511,12.21,12.15,12.18,11.7,12.05,3864975,46027366.0,5411
20241119,603515,17.33,17.39,17.56,17.29,17.56,1530316,26648039.0,4986
20241119,603516,37.85,37.18,41.29,37.18,40.7,22780514,904286516.0,41544
20241119,603517,19.05,18.78,19.28,18.21,19.02,23533143,442100428.0,32439
20241119,603518,7.76,7.73,8.08,7.63,8.0,12794340,100628757.0,11378
20241119,603519,11.92,12.0,12.2,11.89,12.2,2966000,35727695.0,5753
20241119,603520,9.25,9.26,9.45,9.15,9.44,8112293,75507502.0,9080
20241119,603527,8.42,8.44,9.26,8.42,9.26,42250267,380775741.0,29347
20241119,603528,7.41,7.45,7.75,7.4,7.73,17986050,136180401.0,26144
20241119,603529,37.03,36.74,39.35,36.74,39.12,9772572,375585629.0,28135
20241119,603530,22.4,22.51,22.93,22.35,22.88,2342331,53006612.0,7526
20241119,603533,18.65,18.53,18.94,18.15,18.9,18475937,342924182.0,43369
20241119,603535,12.81,12.41,12.44,11.9,12.31,11687364,142678413.0,10584
20241119,603536,9.14,9.07,9.3,9.04,9.3,7645466,70103048.0,11251
20241119,603538,13.37,13.4,13.63,13.26,13.61,2516246,33922981.0,7371
20241119,603551,10.8,10.88,11.22,10.8,11.22,2407300,26581462.0,3793
20241119,603556,38.98,38.98,39.58,38.38,39.08,4482816,174355367.0,18159
20241119,603557,2.23,2.26,2.29,2.24,2.27,7050553,15976628.0,963
20241119,603558,9.89,9.9,10.1,9.85,10.1,3401400,33932544.0,8761
20241119,603559,14.28,14.99,14.99,13.57,13.57,3976100,56948900.0,2309
20241119,603565,9.33,9.37,9.65,9.18,9.56,19255607,182591198.0,22466
20241119,603566,12.71,12.75,13.02,12.65,13.0,3164858,40617925.0,8053
20241119,603567,11.68,11.67,11.87,11.65,11.87,3673609,43177745.0,7886
20241119,603568,21.71,21.69,21.93,21.5,21.78,4190616,91113187.0,13663
20241119,603569,8.88,8.5,8.89,8.22,8.67,41847564,356480903.0,32760
20241119,603577,7.87,7.9,8.61,7.78,8.27,13285596,108915295.0,16209
20241119,603578,13.17,13.16,13.66,12.98,13.59,3028464,40241513.0,4091
20241119,603579,14.09,14.08,14.4,14.03,14.39,2344720,33325924.0,4160
20241119,603580,19.71,19.67,20.36,19.42,20.34,5866231,117190078.0,12231
20241119,603583,21.04,21.18,22.0,21.13,21.99,10176058,219646100.0,20951
20241119,603585,11.92,11.9,12.1,11.87,12.09,929260,11154686.0,2468
20241119,603586,13.54,13.6,13.93,13.55,13.93,2999900,41188945.0,7614
20241119,603587,12.13,12.12,12.12,11.76,11.98,4628445,55155352.0,5089
20241119,603588,5.4,5.39,5.47,5.33,5.47,30070125,162169577.0,25775
20241119,603589,40.92,40.92,41.27,40.16,41.19,7103480,289670142.0,21251
20241119,603590,24.0,24.0,24.56,23.93,24.54,1025543,24857913.0,2728
20241119,603595,18.82,18.79,19.73,18.78,19.67,3796930,73203954.0,12693
20241119,603596,47.21,47.44,49.37,47.21,48.69,7553697,366796408.0,23409
20241119,603598,14.4,14.0,14.17,13.58,14.17,18595416,258712942.0,32811
20241119,603599,11.2,11.2,11.46,11.13,11.45,11070314,125510815.0,19506
20241119,603600,11.48,11.41,11.52,11.23,11.39,3977736,45191446.0,11925
20241119,603601,3.37,3.38,3.47,3.36,3.46,16470434,56141460.0,9239
20241119,603602,16.39,16.65,16.83,16.11,16.68,10066744,166089706.0,16530
20241119,603605,90.87,90.91,92.5,90.28,92.5,3952189,361142035.0,15640
20241119,603606,54.34,54.46,55.53,53.61,54.9,5755580,312782179.0,22233
20241119,603607,15.69,15.69,16.3,15.69,16.29,4073004,65006137.0,7557
20241119,603608,3.55,3.51,3.58,3.51,3.57,930900,3304972.0,303
20241119,603609,8.16,8.21,8.25,8.03,8.22,4977990,40783302.0,11384
20241119,603610,9.48,9.57,10.14,9.45,9.98,8438214,82865293.0,9329
20241119,603611,17.0,17.05,17.44,17.05,17.44,4195843,72272132.0,6892
20241119,603612,13.44,13.44,13.93,13.39,13.91,9434187,128665241.0,20178
20241119,603613,25.93,25.98,26.37,25.44,26.28,13371571,345936169.0,27010
20241119,603615,20.66,20.66,22.17,20.65,22.13,6332030,135465123.0,11319
20241119,603616,3.79,3.78,3.84,3.71,3.82,11624284,43783766.0,11929
20241119,603617,5.78,5.81,5.99,5.77,5.97,7452832,43861500.0,10525
20241119,603618,5.26,5.3,5.4,5.25,5.4,7780268,41264212.0,11162
20241119,603619,20.9,20.99,21.38,20.87,21.38,5431936,114935493.0,11985
20241119,603626,10.36,9.32,10.12,9.32,10.0,84741777,822949736.0,80505
20241119,603628,13.79,13.81,14.3,13.81,14.29,9276839,130748908.0,23012
20241119,603629,17.62,17.49,17.98,17.05,17.86,12470745,218283906.0,17436
20241119,603630,12.05,12.19,12.33,11.96,12.29,1706724,20698816.0,4507
20241119,603633,7.47,7.57,8.15,7.52,7.95,31924129,252142204.0,28862
20241119,603636,10.55,10.52,10.94,10.48,10.93,19025099,204544881.0,26509
20241119,603637,7.64,7.52,7.76,7.31,7.61,11734672,87752582.0,13033
20241119,603638,16.23,16.24,16.61,16.24,16.6,3209500,52792383.0,10191
20241119,603639,12.06,12.02,12.28,12.02,12.26,1208729,14748444.0,2809
20241119,603648,9.06,9.08,9.25,9.02,9.25,5896000,53956873.0,9538
20241119,603650,34.73,35.12,36.01,34.46,36.0,11455973,403571102.0,28043
20241119,603655,21.1,21.12,21.68,20.99,21.68,1549300,33106910.0,4079
20241119,603656,18.57,18.66,19.49,18.6,19.44,8309756,158405325.0,20606
20241119,603657,12.77,13.0,13.36,12.8,13.3,5379641,70557277.0,11430
20241119,603658,45.96,46.04,47.25,45.77,46.28,3511458,162876073.0,11883
20241119,603659,18.12,18.0,19.12,17.8,18.99,45002930,829463205.0,63728
20241119,603660,6.65,6.65,6.87,6.59,6.87,19638236,132126767.0,30218
20241119,603661,34.78,34.88,35.5,33.92,35.41,4042858,140270783.0,6678
20241119,603662,38.32,38.32,42.15,38.32,42.15,28501465,1155645023.0,59411
20241119,603663,17.51,17.4,18.68,16.9,18.67,23210759,410610123.0,35184
20241119,603665,14.85,15.03,15.16,14.7,15.15,2480648,37087800.0,4969
20241119,603666,23.91,23.61,25.29,23.56,25.29,12059921,296461306.0,25559
20241119,603667,17.5,17.59,18.41,17.52,18.41,10042177,180826807.0,14219
20241119,603668,11.81,11.86,12.0,11.6,11.86,6739383,79469239.0,5800
20241119,603669,6.1,6.19,6.26,5.96,6.06,11408502,68926615.0,10251
20241119,603676,9.71,9.88,9.95,9.72,9.94,2849700,28017869.0,7514
20241119,603677,12.79,12.88,13.53,12.83,13.17,2724389,35905652.0,4639
20241119,603678,28.01,27.8,29.41,27.8,29.05,12360728,357929816.0,32400
20241119,603679,16.18,16.44,16.8,15.97,16.6,8447790,138438993.0,19249
20241119,603680,8.57,8.51,8.71,8.45,8.7,3043441,26124661.0,8196
20241119,603681,12.78,12.87,13.2,12.78,13.19,4229326,55041997.0,7880
20241119,603682,4.4,4.4,4.46,4.36,4.43,6697850,29492564.0,7177
20241119,603683,9.23,9.21,10.15,9.01,10.15,19187093,186578127.0,14639
20241119,603685,12.26,12.39,12.55,12.15,12.54,1782911,22019040.0,2771
20241119,603686,8.82,8.82,9.08,8.79,9.01,7416859,66373266.0,9895
20241119,603687,7.37,7.35,7.6,7.35,7.57,6823503,51148285.0,11127
20241119,603688,29.48,29.36,30.49,29.28,30.44,8259531,247570167.0,20717
20241119,603689,9.05,9.13,9.15,9.01,9.15,4136387,37584659.0,4495
20241119,603690,26.44,26.44,27.65,26.42,27.59,15075900,409134456.0,39519
20241119,603693,10.03,10.05,10.25,10.0,10.23,4304675,43625355.0,8725
20241119,603696,7.69,7.8,7.8,7.59,7.77,4666625,35916672.0,6446
20241119,603697,10.35,10.34,10.58,9.88,10.58,13900293,142021147.0,22233
20241119,603698,19.63,19.0,20.65,17.67,18.65,32290958,620378593.0,40456
20241119,603699,23.14,23.26,23.64,22.88,23.08,4605485,106365734.0,14480
20241119,603700,10.12,10.2,10.35,10.08,10.35,1899673,19354704.0,3383
20241119,603701,12.93,12.93,13.45,12.88,13.44,2273429,29904176.0,3712
20241119,603703,11.32,11.45,11.87,11.27,11.64,8051140,93241252.0,11289
20241119,603706,17.01,16.87,18.71,16.58,18.71,8377305,150856100.0,9038
20241119,603707,14.37,14.42,14.68,14.23,14.45,3678287,53090436.0,13994
20241119,603708,10.05,9.98,10.17,9.75,10.03,7960715,79033459.0,12157
20241119,603709,10.43,10.36,10.75,10.29,10.68,1629230,17057939.0,3314
20241119,603711,15.23,14.48,15.11,14.1,14.84,16175493,236450636.0,27229
20241119,603712,17.35,17.39,17.8,17.27,17.8,16318827,285394655.0,26270
20241119,603713,56.66,57.09,58.53,56.75,58.3,1104396,63579238.0,5792
20241119,603716,8.5,8.24,8.32,7.75,8.13,28670342,230599823.0,24543
20241119,603717,5.87,5.9,6.0,5.81,5.99,6689630,39603568.0,7838
20241119,603718,7.8,7.86,8.16,7.82,8.13,14571600,116738941.0,14950
20241119,603719,11.87,12.13,12.46,11.91,12.26,9231418,112184161.0,16125
20241119,603721,29.57,26.61,27.6,26.61,27.17,20207210,544008563.0,41063
20241119,603722,45.3,45.31,46.41,43.92,45.98,1938824,87594895.0,5964
20241119,603725,6.58,6.61,6.73,6.52,6.71,3440720,22752805.0,4726
20241119,603726,17.31,17.23,18.12,17.12,18.09,6058115,105985838.0,8893
20241119,603727,11.71,11.71,11.98,11.64,11.98,3611455,42540464.0,6316
20241119,603728,50.88,51.37,54.11,50.95,54.04,13368752,701501105.0,34996
20241119,603729,14.95,14.94,15.18,14.52,15.14,5273820,78486816.0,9846
20241119,603730,9.58,9.55,9.74,9.55,9.73,5928416,57222352.0,10642
20241119,603733,19.3,19.29,19.88,19.29,19.81,4251666,83160938.0,10647
20241119,603737,44.75,44.74,45.63,44.13,45.19,2625237,117627737.0,10274
20241119,603738,15.52,15.56,15.96,15.41,15.95,10805437,169225143.0,13020
20241119,603739,13.25,13.3,13.48,13.15,13.48,5666820,75502127.0,10130
20241119,603755,24.33,24.33,24.89,24.18,24.81,755874,18508730.0,2016
20241119,603757,19.89,19.98,20.49,19.88,20.43,987788,19932293.0,2590
20241119,603758,8.29,8.36,8.51,8.28,8.46,6913157,57973389.0,9666
20241119,603759,6.6,6.6,6.67,6.53,6.65,3001268,19811404.0,3438
20241119,603766,7.88,7.95,8.04,7.77,7.88,31548496,248416682.0,32096
20241119,603767,12.07,12.07,12.48,12.03,12.48,6429218,78897901.0,8460
20241119,603768,13.77,13.79,14.19,13.7,14.19,3708500,51763544.0,5952
20241119,603773,23.68,23.6,24.4,23.18,24.09,9129163,217090728.0,21162
20241119,603776,14.75,14.83,15.26,14.65,15.26,4651335,69559264.0,9946
20241119,603777,10.4,10.33,10.55,10.33,10.55,2565275,26800075.0,5564
20241119,603778,3.54,3.58,3.64,3.48,3.62,15519450,55134779.0,11198
20241119,603779,10.6,10.54,10.75,10.46,10.75,7155841,76109126.0,11030
20241119,603786,60.86,60.92,63.27,60.3,61.66,1491925,92268669.0,7754
20241119,603787,10.56,10.64,10.98,10.58,10.97,4518000,48956281.0,7835
20241119,603788,14.16,14.26,14.62,14.16,14.62,3003376,43239486.0,5465
20241119,603789,8.36,8.39,8.49,8.2,8.49,4892940,40867361.0,7260
20241119,603790,10.95,10.91,12.01,10.9,11.43,5060564,57685770.0,8148
20241119,603797,4.09,4.1,4.12,4.02,4.11,7173200,29180263.0,5510
20241119,603798,8.32,8.36,8.62,8.34,8.62,3979220,33759969.0,6004
20241119,603799,32.4,32.76,34.83,32.07,34.54,69338214,2324581698.0,138342
20241119,603800,24.3,24.17,24.51,23.3,24.45,3767736,90611063.0,5138
20241119,603801,13.39,13.4,13.49,12.9,13.4,8255048,108663872.0,16398
20241119,603803,7.23,7.26,7.42,7.2,7.42,7404173,54044082.0,12112
20241119,603806,16.49,16.58,17.31,16.51,17.29,25647820,432152903.0,41134
20241119,603808,8.26,7.85,9.07,7.58,8.7,35494712,297540804.0,30481
20241119,603809,11.64,11.56,12.18,11.56,12.15,26479163,315934823.0,42015
20241119,603810,10.02,9.93,10.39,9.82,10.35,7780015,78244043.0,13336
20241119,603811,7.9,7.9,8.08,7.89,8.08,5331444,42608090.0,6836
20241119,603813,11.93,11.9,12.17,11.63,12.07,2081038,24841941.0,4950
20241119,603815,6.78,6.8,6.9,6.62,6.88,7737570,52390273.0,7300
20241119,603816,28.82,28.81,28.98,28.05,28.46,8839176,251168941.0,26344
20241119,603817,5.68,5.67,5.82,5.64,5.78,9639900,55181313.0,7600
20241119,603818,2.97,2.98,2.99,2.89,2.98,19409200,57026112.0,11857
20241119,603819,11.39,10.25,12.0,10.25,11.05,14728945,162236697.0,14340
20241119,603822,38.85,38.82,38.99,35.21,37.5,3795317,140857540.0,6629
20241119,603823,9.6,9.64,9.98,9.45,9.98,6188486,60332574.0,11966
20241119,603825,13.38,13.14,13.23,12.04,12.48,30485972,377303408.0,22537
20241119,603826,24.01,23.91,23.95,21.96,22.6,17853243,405273611.0,32833
20241119,603828,3.3,3.25,3.37,3.14,3.2,16453609,52582471.0,3238
20241119,603829,14.2,14.13,14.72,14.13,14.69,2226498,32241145.0,5396
20241119,603833,66.4,66.44,66.8,64.27,66.29,3513237,229858949.0,14249
20241119,603836,12.74,12.69,12.94,12.56,12.92,2224554,28387823.0,4762
20241119,603838,6.08,6.09,6.17,5.93,6.15,4663000,28203792.0,5748
20241119,603839,6.1,5.8,6.71,5.49,6.42,32199106,190598271.0,23721
20241119,603843,2.79,2.79,2.81,2.69,2.78,19180284,52692310.0,11564
20241119,603848,14.54,14.42,14.94,14.4,14.94,1867200,27302496.0,4262
20241119,603855,20.1,20.37,20.55,19.91,20.26,1930915,38902702.0,6776
20241119,603856,11.37,11.44,11.69,11.4,11.69,2462973,28426701.0,4380
20241119,603858,16.77,16.71,16.99,16.71,16.88,4589276,77369120.0,11434
20241119,603859,33.5,34.3,36.85,32.28,34.0,45507810,1566681589.0,70051
20241119,603860,31.62,31.55,32.2,31.01,31.75,2545743,80050177.0,8047
20241119,603861,9.25,9.25,9.44,9.09,9.37,12373336,114715041.0,13414
20241119,603863,26.09,26.0,26.89,25.62,26.7,6861811,180813165.0,14655
20241119,603866,6.24,6.24,6.39,6.23,6.36,11980166,75792639.0,17809
20241119,603867,24.35,24.39,25.04,24.24,24.93,3247029,80215098.0,8085
20241119,603868,40.2,40.17,41.8,40.0,41.61,1741378,71926246.0,6057
20241119,603869,6.03,5.99,6.04,5.89,6.02,2451734,14625314.0,1140
20241119,603871,19.15,19.3,20.7,19.2,20.58,18005803,364851704.0,45388
20241119,603876,9.48,9.54,9.94,9.47,9.89,26041107,253054676.0,33617
20241119,603877,15.46,14.6,14.67,13.98,14.55,15766985,225794493.0,22372
20241119,603878,6.16,6.13,6.62,6.0,6.48,55165503,342982869.0,29224
20241119,603879,3.58,3.62,3.76,3.42,3.71,15080860,54267554.0,4076
20241119,603880,4.35,4.39,4.42,4.25,4.38,5388852,23382610.0,6830
20241119,603881,16.07,16.09,16.44,16.02,16.42,10224818,166206091.0,18667
20241119,603882,32.35,32.15,32.78,31.93,32.78,6149873,199461270.0,18363
20241119,603883,17.64,17.55,18.01,17.32,18.01,27085979,478335416.0,41803
20241119,603885,13.9,13.75,14.19,13.7,14.03,20932421,292357149.0,32633
20241119,603886,13.79,13.81,14.0,13.8,13.98,1576784,21932931.0,6246
20241119,603887,16.08,14.47,15.2,14.47,14.56,99765001,1453641306.0,80358
20241119,603888,23.43,23.39,23.88,23.25,23.86,9020941,212553890.0,21306
20241119,603889,6.75,6.76,6.82,6.72,6.82,3108167,21043633.0,3634
20241119,603890,10.83,10.95,11.24,10.87,11.23,11985580,132576645.0,13613
20241119,603893,81.41,82.28,84.88,81.9,84.45,6446155,538267733.0,31941
20241119,603895,19.07,19.19,20.98,19.1,20.98,2179120,45292369.0,1837
20241119,603896,21.67,21.76,22.09,21.64,22.08,1708885,37359352.0,4919
20241119,603897,20.67,20.58,21.18,20.58,21.18,2733000,57036647.0,6856
20241119,603898,8.74,8.53,8.8,8.48,8.72,3028300,26141798.0,3889
20241119,603899,29.73,29.86,30.23,29.56,30.15,4788444,143424627.0,15912
20241119,603900,6.11,6.19,6.3,6.09,6.3,9594495,59521297.0,11775
20241119,603901,6.79,6.79,7.47,6.79,7.47,22516159,165907401.0,10052
20241119,603903,6.71,6.73,6.8,6.64,6.8,3448250,23220917.0,3616
20241119,603906,9.87,9.9,10.35,9.83,10.29,12933229,129914446.0,18475
20241119,603908,22.62,22.56,23.24,22.56,23.2,1633316,37456178.0,3484
20241119,603909,9.25,9.2,9.38,9.08,9.38,2382614,22017156.0,4025
20241119,603912,6.88,6.99,7.15,6.89,7.14,10438154,73322722.0,10075
20241119,603915,10.53,10.59,11.58,10.57,11.58,24422003,273696906.0,27875
20241119,603916,7.94,7.93,8.11,7.84,8.11,4526069,36017019.0,6062
20241119,603917,12.63,12.6,13.1,12.56,12.96,6189600,79267430.0,7948
20241119,603918,15.78,14.2,14.7,14.2,14.2,94227009,1341353943.0,96025
20241119,603919,20.69,20.56,21.11,20.55,21.1,3074416,63967151.0,7985
20241119,603920,31.36,31.95,33.78,31.95,33.71,40788296,1348527210.0,68775
20241119,603922,21.9,21.9,22.43,21.38,22.34,4791701,104846311.0,7282
20241119,603926,9.08,9.11,9.32,9.06,9.3,2109503,19431817.0,5173
20241119,603927,23.05,23.1,23.66,22.66,23.57,19925767,462096623.0,34810
20241119,603928,8.92,8.86,9.21,8.86,9.18,6563570,59302178.0,10531
20241119,603929,27.09,27.13,28.12,27.1,28.01,3564026,98354138.0,11222
20241119,603931,25.49,25.56,26.2,25.28,26.07,3621924,93257273.0,9662
20241119,603933,14.48,14.43,15.15,14.43,15.15,4662160,69328998.0,11417
20241119,603936,8.76,8.81,8.97,8.7,8.95,22793417,201596360.0,27716
20241119,603937,8.74,8.74,8.99,8.73,8.98,1867439,16542052.0,3339
20241119,603938,12.02,12.05,12.67,12.05,12.65,3567876,44095983.0,8433
20241119,603939,24.0,24.0,24.26,23.56,24.03,7498625,178879408.0,20370
20241119,603948,18.87,18.87,19.44,18.76,19.41,919300,17589240.0,2152
20241119,603949,11.31,11.26,11.83,11.26,11.81,2869480,33386668.0,5823
20241119,603950,13.98,14.12,14.31,13.82,14.31,2651400,37346847.0,6798
20241119,603955,24.99,24.99,27.49,22.49,27.49,52531631,1333503286.0,73034
20241119,603956,5.44,5.52,5.59,5.45,5.59,5268560,29123717.0,4567
20241119,603958,12.3,12.3,12.71,12.11,12.68,9967200,123841524.0,16988
20241119,603959,2.77,2.63,2.63,2.63,2.63,3457700,9093751.0,467
20241119,603960,21.49,21.63,22.6,21.45,22.51,16089332,357709235.0,24291
20241119,603966,7.5,7.5,7.69,7.48,7.69,5126880,38895271.0,7505
20241119,603967,9.81,9.81,10.04,9.77,10.04,5018510,49825890.0,7135
20241119,603968,9.94,9.81,10.2,9.81,10.19,1860200,18629419.0,4631
20241119,603969,5.47,5.5,5.78,5.43,5.77,17835365,99956604.0,14029
20241119,603970,15.44,15.2,15.37,14.69,15.18,6171646,92499696.0,6537
20241119,603976,16.37,16.27,16.65,16.23,16.57,981660,16115884.0,2923
20241119,603977,13.28,13.28,13.57,12.96,13.27,6408143,84896956.0,11248
20241119,603978,16.3,16.4,16.91,15.9,16.87,7660419,126753313.0,15687
20241119,603979,38.78,39.17,41.32,39.01,41.13,11553300,468606545.0,42878
20241119,603980,4.23,4.24,4.31,4.2,4.29,8195000,34847417.0,8800
20241119,603982,9.0,9.12,9.36,8.99,9.35,5189400,47654539.0,9366
20241119,603983,29.56,29.69,30.08,29.43,30.04,1356000,40437334.0,7123
20241119,603985,12.1,12.02,12.53,12.02,12.53,11078130,136582541.0,23443
20241119,603986,86.46,87.07,88.95,85.89,88.76,16317517,1428765436.0,63673
20241119,603987,7.44,7.58,7.61,7.45,7.61,5886720,44455356.0,10703
20241119,603988,19.68,19.11,20.27,18.55,19.65,25725506,497639852.0,40150
20241119,603989,14.66,14.8,15.23,14.73,15.2,6399622,95975928.0,14470
20241119,603990,9.67,9.77,9.83,9.52,9.83,8268518,80102797.0,8248
20241119,603991,66.97,63.95,66.0,61.09,65.95,9712850,616354227.0,28944
20241119,603992,19.86,19.7,20.22,19.53,20.05,3476265,69469093.0,8016
20241119,603993,7.4,7.54,7.65,7.44,7.64,184565672,1394765032.0,95628
20241119,603995,19.05,19.06,19.47,18.96,19.44,3461739,66791840.0,10888
20241119,603997,12.63,12.68,13.15,12.65,13.09,7185195,93018559.0,16996
20241119,603998,11.12,11.17,11.31,11.08,11.27,4934200,55301837.0,11070
20241119,603999,5.75,5.76,5.83,5.68,5.82,6975600,40186588.0,9587
20241119,605001,6.03,6.03,6.12,5.97,6.11,5772165,34813246.0,6431
20241119,605003,18.08,18.08,19.0,17.96,18.9,2388342,44054528.0,5175
20241119,605005,16.27,16.35,16.57,16.2,16.56,1525051,25139379.0,2642
20241119,605006,4.89,4.89,4.95,4.85,4.94,1808946,8874703.0,3524
20241119,605007,12.94,12.98,13.2,12.86,13.18,1803000,23505308.0,3193
20241119,605008,12.31,12.32,12.54,12.25,12.54,2384285,29604376.0,3684
20241119,605009,38.73,38.74,40.07,38.74,40.06,1709587,67614415.0,6354
20241119,605011,22.22,22.19,22.7,22.1,22.69,3918801,87755446.0,9980
20241119,605016,16.63,16.78,16.85,16.53,16.71,2212014,36972740.0,4221
20241119,605018,8.09,8.1,8.35,8.09,8.35,3739134,30752028.0,6781
20241119,605020,17.18,17.2,17.75,17.17,17.73,2823540,49290795.0,7402
20241119,605028,20.56,19.5,22.62,19.5,22.62,8676710,187827544.0,7816
20241119,605033,12.31,12.3,12.75,12.26,12.68,1175400,14701253.0,2736
20241119,605050,9.21,9.23,9.38,9.17,9.38,2040048,18937148.0,4052
20241119,605055,5.16,5.16,5.19,5.06,5.19,3692709,18941929.0,2761
20241119,605056,12.74,12.72,13.25,12.7,13.21,4925700,64193985.0,7746
20241119,605058,19.23,19.31,20.0,19.31,19.92,1629100,32010121.0,5166
20241119,605060,16.85,16.95,17.68,16.48,17.25,3763976,64368655.0,5553
20241119,605066,5.77,5.83,5.93,5.78,5.93,5221990,30605729.0,7214
20241119,605068,13.39,13.41,13.8,13.4,13.8,1480800,20153925.0,3503
20241119,605069,8.22,8.21,8.34,7.98,8.34,5534950,45255869.0,8174
20241119,605077,15.44,15.44,16.06,15.11,16.01,10337488,162004259.0,9551
20241119,605080,18.27,18.25,18.64,18.15,18.63,994678,18332189.0,3189
20241119,605081,12.97,13.0,13.3,12.82,13.29,2843984,37171384.0,5815
20241119,605086,25.66,25.85,27.16,25.65,27.09,3448760,91823638.0,10942
20241119,605088,21.67,21.41,22.0,21.3,21.97,4654718,100816980.0,12140
20241119,605089,22.47,22.3,22.65,22.0,22.65,1221181,27300106.0,3047
20241119,605090,27.68,27.59,27.96,27.47,27.95,4850800,134562255.0,10184
20241119,605098,32.9,32.88,33.19,32.39,33.11,2077243,68016606.0,5651
20241119,605099,19.55,19.54,19.92,19.48,19.85,751300,14789584.0,2414
20241119,605100,13.14,12.78,13.31,12.62,13.23,4899256,63280462.0,7044
20241119,605108,24.09,23.9,23.99,22.76,23.96,6098700,143412518.0,12184
20241119,605111,34.78,34.88,35.99,34.75,35.83,12690848,448411231.0,33287
20241119,605116,21.42,21.74,22.11,21.48,21.71,2402867,52329839.0,6527
20241119,605117,91.35,93.0,98.59,93.0,96.57,12327861,1181876202.0,50042
20241119,605118,15.63,15.76,16.33,15.7,16.33,3197806,51241208.0,8579
20241119,605122,11.62,11.59,11.77,11.44,11.74,1537855,17846043.0,3026
20241119,605123,56.99,57.18,58.48,56.8,58.44,996854,57419426.0,4368
20241119,605128,34.02,34.25,34.66,33.6,34.39,1268452,43355630.0,4368
20241119,605133,23.1,23.15,23.53,22.77,23.48,6151300,142559350.0,11407
20241119,605136,7.41,7.44,7.65,7.27,7.65,8361500,62372497.0,11850
20241119,605138,5.55,5.62,5.68,5.54,5.68,3002567,16907441.0,3724
20241119,605151,16.62,16.61,17.0,16.41,16.77,1620081,26990019.0,3193
20241119,605155,9.54,9.65,9.8,9.54,9.8,2539000,24551642.0,5556
20241119,605158,8.61,8.63,8.85,8.59,8.84,5956890,51886932.0,9357
20241119,605162,7.0,7.01,7.11,6.93,7.11,3865400,27153538.0,4848
20241119,605166,10.68,10.69,10.97,10.69,10.96,3046900,33005941.0,6959
20241119,605167,10.18,9.78,10.12,9.6,9.95,25902535,254008806.0,18217
20241119,605168,30.18,30.34,30.9,29.68,30.75,4730665,143263053.0,11698
20241119,605169,10.19,10.19,10.46,10.17,10.45,4259805,44074427.0,6676
20241119,605177,18.32,18.44,18.74,18.29,18.74,1610879,29793279.0,3379
20241119,605178,19.24,18.71,19.5,17.46,18.25,6175546,113278526.0,9471
20241119,605179,9.99,9.99,10.15,9.91,10.12,2785103,28022566.0,6052
20241119,605180,12.48,12.61,12.88,12.39,12.83,2740164,34599887.0,4927
20241119,605183,17.11,17.26,17.67,17.2,17.66,2044099,35662500.0,5790
20241119,605186,22.98,22.98,23.68,22.64,23.66,3030233,70179117.0,6605
20241119,605188,6.64,6.65,6.77,6.59,6.77,4420600,29454927.0,5935
20241119,605189,13.05,13.05,13.19,12.92,13.19,1238267,16142706.0,2166
20241119,605196,11.12,11.02,12.17,10.85,12.15,39167900,456774542.0,40234
20241119,605198,25.57,25.72,26.45,25.5,26.4,1476194,38343984.0,5264
20241119,605199,12.65,12.74,13.05,12.7,13.04,3420241,44129673.0,5301
20241119,605208,6.92,6.94,7.11,6.9,7.11,5761213,40311853.0,6729
20241119,605218,24.75,24.36,26.58,24.36,26.48,13181700,337511027.0,29131
20241119,605222,16.07,16.02,16.6,15.98,16.53,4773605,77626413.0,9417
20241119,605228,9.33,9.2,10.21,9.17,10.16,32278649,306822638.0,31846
20241119,605255,12.82,12.88,13.05,12.66,13.04,1834300,23644091.0,3291
20241119,605258,27.47,27.47,28.51,27.47,28.51,1791200,50191476.0,5859
20241119,605259,15.13,15.13,15.36,14.91,15.36,1414545,21409197.0,3752
20241119,605266,26.88,26.51,26.57,25.51,26.36,5639899,146288613.0,11679
20241119,605268,8.21,8.24,8.3,8.08,8.3,5893600,48284831.0,5549
20241119,605277,12.79,12.85,13.38,12.81,13.35,8648978,113558115.0,17460
20241119,605286,30.76,30.36,31.51,30.1,31.28,5199451,160317776.0,10934
20241119,605287,13.01,13.08,13.13,12.82,13.12,2119033,27485517.0,3157
20241119,605288,33.5,33.4,34.16,33.4,34.16,512894,17324082.0,1631
20241119,605289,24.4,24.42,24.6,22.5,23.71,6664025,155774714.0,10513
20241119,605296,28.07,28.04,28.39,27.65,28.21,2766187,77519725.0,8924
20241119,605298,12.6,12.6,13.59,12.49,13.57,4325855,56626299.0,9280
20241119,605299,7.52,7.59,7.73,7.5,7.72,3989032,30279108.0,5864
20241119,605300,12.01,12.03,12.85,12.03,12.57,2818598,35064810.0,5239
20241119,605303,8.22,8.24,8.38,8.03,8.38,2636330,21534590.0,5054
20241119,605305,28.17,28.0,28.46,27.9,28.44,5356881,151120362.0,13922
20241119,605318,19.49,19.34,19.95,19.09,19.81,2160358,42176252.0,3486
20241119,605319,20.15,20.15,20.79,20.02,20.57,2369534,48431784.0,5644
20241119,605333,33.26,32.99,34.19,32.9,33.85,3254972,109338118.0,13590
20241119,605336,12.05,12.03,12.19,11.83,12.1,2733419,32889588.0,4014
20241119,605337,10.27,10.42,10.96,10.28,10.7,7576063,80207399.0,10461
20241119,605338,16.22,16.33,16.46,16.0,16.46,1464194,23855253.0,3667
20241119,605339,16.91,16.9,17.53,16.88,17.38,1986431,34251133.0,2658
20241119,605358,25.9,26.16,27.34,26.1,27.29,13999938,374307179.0,36394
20241119,605365,15.31,15.37,16.09,15.33,16.09,4658472,73604785.0,11161
20241119,605366,6.17,6.17,6.3,6.09,6.28,5457093,33809578.0,6086
20241119,605368,11.49,11.51,11.75,11.47,11.75,8157714,95343700.0,11965
20241119,605369,30.54,30.55,31.15,30.35,31.15,512979,15788430.0,2230
20241119,605376,26.61,26.7,28.19,26.61,28.07,6362010,174609925.0,16029
20241119,605377,12.5,12.49,12.74,12.42,12.73,4382028,54981551.0,6224
20241119,605378,16.63,16.63,17.3,16.63,17.29,2771540,46939900.0,7503
20241119,605388,5.59,5.59,5.7,5.52,5.7,4748446,26794196.0,6495
20241119,605389,23.8,23.71,24.99,23.71,24.64,2715426,66130466.0,5810
20241119,605398,18.26,18.26,18.79,17.93,18.76,5052318,92655277.0,12707
20241119,605399,11.74,11.79,12.39,11.71,12.34,4133426,49698386.0,6377
20241119,605488,13.31,13.35,14.57,13.35,14.26,8610137,120185327.0,10889
20241119,605499,215.8,216.17,221.16,216.17,219.83,1623478,355854385.0,10004
20241119,605500,7.17,7.18,7.33,7.17,7.33,1430161,10376399.0,2908
20241119,605507,20.44,20.63,21.55,20.47,21.49,8857067,188095603.0,23197
20241119,605555,18.41,18.49,19.26,18.49,19.24,5131596,97156089.0,12278
20241119,605566,18.66,19.82,20.3,18.66,19.78,8960761,173694690.0,12763
20241119,605567,8.61,8.6,8.77,8.55,8.76,2919600,25227717.0,4553
20241119,605577,16.54,16.36,18.19,16.36,18.19,34812052,595178538.0,49244
20241119,605580,9.89,9.95,10.08,9.62,10.05,8248175,81493035.0,6895
20241119,605588,44.65,45.26,48.1,44.8,47.99,3527899,164249846.0,11015
20241119,605589,23.6,23.37,24.16,23.09,24.05,14923867,352321756.0,25672
20241119,605598,19.32,19.19,19.58,18.77,19.31,2897740,55396195.0,5821
20241119,605599,10.91,10.9,11.24,10.89,11.23,6532948,72550705.0,13298
20241119,688001,29.8,29.98,31.43,29.98,31.34,2785270,85448485.0,7800
20241119,688002,47.28,47.58,48.72,46.33,48.1,8456001,401493980.0,23289
20241119,688003,47.58,47.9,50.8,47.23,50.18,5533149,270967456.0,13142
20241119,688004,18.06,18.62,18.96,17.82,18.9,1640320,30014338.0,3349
20241119,688005,36.43,36.26,38.65,36.01,38.65,19920105,745950677.0,37141
20241119,688006,20.98,21.17,22.52,21.09,22.5,7648810,166329090.0,11070
20241119,688007,16.45,16.46,17.21,16.46,17.16,8931468,150623060.0,16327
20241119,688008,66.2,66.77,68.55,65.51,68.16,33109659,2219437232.0,54118
20241119,688009,6.65,6.63,6.73,6.56,6.71,43108395,286531132.0,32345
20241119,688010,29.72,30.01,33.0,29.73,31.91,7637502,236492218.0,13232
20241119,688011,17.83,17.82,18.26,17.4,18.13,1155532,20518979.0,2448
20241119,688012,211.08,213.33,217.5,205.97,215.15,12571086,2668622814.0,39918
20241119,688013,18.77,19.88,19.88,18.4,18.95,1320186,24747280.0,3501
20241119,688015,20.09,20.3,21.34,20.04,21.34,3245897,67232175.0,5684
20241119,688016,102.36,102.98,105.3,102.35,104.59,2168493,225418185.0,5574
20241119,688017,109.3,110.99,117.8,110.47,117.56,6667593,759233685.0,21836
20241119,688018,119.88,120.04,123.5,119.0,123.14,1647530,199402208.0,6864
20241119,688019,151.8,151.94,161.48,151.88,160.12,4066976,639418080.0,15287
20241119,688020,36.46,36.78,37.96,36.13,37.9,1226247,45662919.0,3419
20241119,688021,11.27,11.33,11.54,11.04,11.49,961524,10892851.0,2099
20241119,688022,12.66,13.1,13.43,12.67,13.37,5842780,76096400.0,7775
20241119,688023,47.68,47.81,49.47,47.2,49.23,2922413,140569881.0,6523
20241119,688025,51.56,52.24,53.72,51.57,53.7,2461145,129802200.0,5667
20241119,688026,13.99,14.1,14.54,13.93,14.48,2248738,31901095.0,3676
20241119,688027,246.1,246.0,250.72,237.0,249.75,2833338,690801850.0,10565
20241119,688028,17.78,17.88,18.43,17.82,18.43,1987843,36063951.0,3804
20241119,688029,71.95,71.95,73.28,71.08,73.08,1899004,137241971.0,5464
20241119,688030,15.77,16.09,16.5,15.74,16.48,1982253,31932148.0,4655
20241119,688031,38.38,38.36,39.19,36.6,38.94,3522941,133316823.0,9129
20241119,688032,132.31,134.64,135.9,131.6,135.57,1401340,187879731.0,4489
20241119,688033,6.95,6.95,7.04,6.78,7.04,17861598,123482241.0,12570
20241119,688035,35.96,36.32,37.74,35.86,37.74,2480065,91004194.0,4281
20241119,688036,91.63,93.26,95.28,92.3,95.2,8907766,838173690.0,25863
20241119,688037,96.9,97.5,103.45,96.86,102.73,7930642,789124538.0,21598
20241119,688038,12.93,13.1,13.5,12.83,13.49,2632939,34488999.0,3668
20241119,688039,28.05,28.0,29.3,27.48,29.1,4527695,128142599.0,8438
20241119,688041,123.11,123.22,127.78,122.37,127.2,21612836,2702243036.0,54251
20241119,688045,34.78,35.14,35.98,34.5,35.94,983158,34757360.0,3133
20241119,688046,12.9,13.04,13.53,12.99,13.51,3490433,46356929.0,5871
20241119,688047,138.2,139.0,146.5,137.23,145.0,4238029,600161787.0,14108
20241119,688048,40.88,41.7,43.17,40.89,43.07,3283515,137692531.0,8384
20241119,688049,33.05,33.33,35.2,33.0,34.93,6224487,211381896.0,12334
20241119,688050,92.29,90.09,93.93,89.88,91.79,2392672,218089972.0,8420
20241119,688051,22.72,23.15,23.5,22.39,23.46,1188820,27185345.0,2652
20241119,688052,116.06,117.0,122.6,116.04,122.1,2063836,245435807.0,8210
20241119,688053,25.51,25.46,26.46,25.37,26.45,1641548,42622090.0,3338
20241119,688055,4.2,4.24,4.38,4.19,4.37,13358284,57272126.0,10584
20241119,688056,29.48,29.39,30.42,28.85,30.22,701185,20816092.0,1570
20241119,688057,11.48,11.49,11.65,11.42,11.64,1654204,19078392.0,2458
20241119,688058,31.9,32.0,33.44,31.38,32.79,2086109,67240684.0,6525
20241119,688059,47.83,47.69,49.39,47.69,49.29,1066883,51841278.0,2688
20241119,688060,38.86,38.62,39.45,37.8,39.17,574418,22163869.0,1566
20241119,688061,29.3,29.41,30.43,29.12,30.34,1160664,34652091.0,3051
20241119,688062,23.57,23.69,24.07,21.93,22.75,5133435,116510955.0,11624
20241119,688063,46.1,46.05,48.51,45.68,48.46,6328965,298893307.0,13919
20241119,688065,46.02,46.6,47.02,45.6,46.65,2708332,125450288.0,7683
20241119,688066,22.61,22.89,24.79,22.7,24.76,18467511,438492921.0,23464
20241119,688067,17.49,17.38,17.91,17.25,17.84,916126,16138803.0,2148
20241119,688068,35.49,36.78,42.5,36.08,42.28,16063620,647867234.0,26288
20241119,688069,15.57,15.68,15.96,15.57,15.88,627826,9906118.0,1719
20241119,688070,39.0,40.16,41.0,38.05,39.9,1268839,49854628.0,3153
20241119,688071,23.2,23.2,24.59,23.19,24.46,2086742,50185747.0,5197
20241119,688072,186.98,185.85,191.58,178.0,188.48,5625902,1040831676.0,19923
20241119,688073,42.6,42.22,43.6,41.07,42.7,1341673,56863872.0,3880
20241119,688075,39.97,40.3,41.6,39.52,41.55,2095279,85631967.0,4732
20241119,688076,52.99,53.56,53.78,52.2,53.55,4306660,228292830.0,10696
20241119,688077,23.7,23.88,24.3,22.88,24.16,4475087,105516872.0,7444
20241119,688078,27.38,27.63,28.31,27.1,28.2,1190598,32891450.0,3417
20241119,688079,8.6,8.65,8.98,8.59,8.96,4362174,38290714.0,7109
20241119,688080,33.36,33.6,35.0,33.5,34.97,1263579,43223778.0,3409
20241119,688081,13.28,13.26,13.87,13.0,13.79,1671733,22372292.0,2850
20241119,688082,109.18,109.82,115.0,109.35,114.65,2658135,298634066.0,10061
20241119,688083,97.97,98.88,100.98,96.22,100.4,1163075,114716862.0,4579
20241119,688084,54.5,54.54,55.4,52.31,55.0,423227,22763816.0,1660
20241119,688085,21.31,21.3,21.65,20.94,21.38,947655,20260706.0,1988
20241119,688087,28.13,28.5,28.81,28.07,28.74,658801,18716852.0,1403
20241119,688088,33.39,33.4,35.04,33.3,34.83,6329612,216231825.0,14628
20241119,688089,20.98,20.98,22.03,20.53,21.8,7917350,167646872.0,10134
20241119,688090,62.12,62.36,65.85,61.0,65.51,2138719,135589898.0,5174
20241119,688091,40.33,40.45,42.44,40.15,42.3,4327851,179174909.0,6875
20241119,688092,21.6,21.8,22.41,21.76,22.33,1317927,29103349.0,2558
20241119,688093,19.55,19.65,20.2,19.59,20.06,1858706,36980288.0,4507
20241119,688095,73.5,72.05,74.5,69.23,73.42,4182863,298536134.0,10565
20241119,688096,8.61,8.64,8.99,8.44,8.99,1960747,17052411.0,2235
20241119,688097,23.62,24.21,27.35,23.8,26.81,19305354,498956965.0,27347
20241119,688098,5.25,5.29,5.35,5.21,5.35,3181760,16815356.0,2581
20241119,688099,67.02,68.55,70.44,67.27,70.43,8864345,609164716.0,23791
20241119,688100,37.58,37.52,38.61,37.46,38.54,1977005,75165611.0,6240
20241119,688101,13.48,13.54,13.83,13.46,13.79,1766582,24085003.0,2299
20241119,688102,9.12,9.21,9.41,8.99,9.38,11456788,105481160.0,11765
20241119,688103,42.31,43.24,45.62,42.04,45.62,2295411,99967449.0,5140
20241119,688105,24.5,24.44,25.09,24.11,24.95,1378405,34093147.0,3610
20241119,688106,18.43,18.6,19.24,18.42,19.21,5957795,111895067.0,10704
20241119,688107,27.98,28.28,30.35,28.28,30.26,4737471,139379310.0,11836
20241119,688108,10.0,10.03,10.41,9.98,10.36,6226350,63287652.0,6667
20241119,688109,26.59,26.59,27.64,26.53,27.63,1202910,32555496.0,2070
20241119,688110,21.78,21.88,22.78,21.77,22.76,9472313,211008392.0,15452
20241119,688111,272.24,274.3,282.0,268.0,278.99,4822769,1322112037.0,19650
20241119,688112,30.08,30.42,31.15,30.1,31.09,831359,25565453.0,2016
20241119,688113,31.69,31.69,32.58,31.5,32.52,310064,9930393.0,859
20241119,688114,47.73,48.16,48.95,47.39,48.38,1671919,80544944.0,5742
20241119,688115,42.9,43.46,44.83,42.51,44.69,1071670,46927186.0,1977
20241119,688116,40.6,39.4,43.88,39.02,43.88,37516961,1556852560.0,46598
20241119,688117,28.89,28.89,29.47,28.72,29.32,1816515,52711885.0,4087
20241119,688118,21.24,21.3,21.58,20.48,21.32,4125049,86616578.0,5885
20241119,688119,4.17,4.15,4.23,4.11,4.22,6555749,27358174.0,3429
20241119,688120,182.05,183.9,188.97,180.32,187.8,3109357,575297920.0,13162
20241119,688121,12.06,12.2,12.66,12.11,12.61,2970192,36699028.0,4402
20241119,688122,45.85,46.01,47.1,45.15,46.41,7913500,363224248.0,20018
20241119,688123,56.29,56.78,58.8,56.3,58.75,3882302,223291405.0,10766
20241119,688125,40.8,40.81,43.19,40.81,42.15,516287,21703743.0,1687
20241119,688126,21.82,22.0,23.3,21.85,23.16,28272149,635296123.0,33612
20241119,688127,23.25,23.55,24.2,23.18,24.02,6864235,162370915.0,13769
20241119,688128,21.46,21.4,22.35,21.3,22.3,5540746,121727636.0,9492
20241119,688129,15.55,15.55,15.71,15.18,15.64,1323590,20471183.0,2396
20241119,688130,25.0,24.3,25.0,23.71,24.84,4490441,109573088.0,7107
20241119,688131,37.35,37.48,39.18,37.01,38.82,3626154,138717300.0,10179
20241119,688132,16.38,16.32,16.7,16.0,16.69,2755694,45044188.0,4769
20241119,688133,22.83,22.83,23.78,22.65,23.69,2620249,60771857.0,5365
20241119,688135,17.85,18.07,18.61,17.8,18.61,3028424,55154006.0,4691
20241119,688136,16.73,16.72,17.14,16.72,17.1,1089374,18466456.0,2443
20241119,688137,35.14,35.14,35.78,34.95,35.74,376985,13354220.0,1026
20241119,688138,24.73,24.85,26.16,24.85,26.08,4413869,112482251.0,6856
20241119,688139,33.75,33.69,34.67,33.55,34.53,2397529,81869422.0,6840
20241119,688141,22.33,22.74,23.86,22.5,23.74,13019842,303149715.0,19305
20241119,688143,22.35,22.44,24.33,22.19,24.0,7475011,172832763.0,6719
20241119,688147,28.3,28.29,29.85,28.29,29.71,5456693,159090826.0,9704
20241119,688148,5.65,5.71,5.95,5.6,5.93,11691144,67658782.0,10616
20241119,688150,20.9,20.94,21.99,20.92,21.67,6776724,145220873.0,12122
20241119,688151,16.3,16.31,16.52,16.0,16.3,1463475,23749558.0,2909
20241119,688152,69.42,68.79,74.17,67.32,72.9,2537612,178989511.0,6833
20241119,688153,39.32,39.76,41.18,38.89,41.13,4231651,169048173.0,11851
20241119,688155,43.1,43.91,44.5,42.05,44.27,3168079,136772183.0,4535
20241119,688156,13.03,13.1,13.27,12.8,13.22,1475737,19201374.0,2045
20241119,688157,45.9,46.15,48.27,46.1,47.84,622080,29249015.0,1398
20241119,688158,13.77,14.0,14.08,13.44,14.03,12057728,165845257.0,17056
20241119,688159,30.36,30.62,31.89,30.49,31.75,3082891,95872507.0,5626
20241119,688160,46.5,46.7,50.63,46.7,50.3,2951620,144182439.0,6881
20241119,688161,27.82,27.92,28.67,27.75,28.55,751548,21221121.0,3131
20241119,688162,21.5,21.67,22.43,21.3,22.29,1072300,23514499.0,2442
20241119,688163,18.73,18.88,19.24,18.65,19.22,1065884,20213673.0,2277
20241119,688165,11.26,11.25,13.5,11.25,13.19,41161286,522196148.0,27681
20241119,688166,29.9,30.0,32.4,30.0,31.65,15371968,479901810.0,21678
20241119,688167,68.66,69.56,72.2,68.42,71.76,2426193,169547045.0,6173
20241119,688168,38.45,38.5,40.38,38.15,40.2,1928806,75212616.0,3960
20241119,688169,217.78,217.5,219.95,213.66,218.72,2519374,545507894.0,11053
20241119,688170,24.21,24.37,25.4,24.37,25.4,2285251,56602840.0,4975
20241119,688171,18.78,18.66,18.99,18.2,18.92,1040142,19372208.0,1954
20241119,688172,27.99,27.48,30.98,27.0,29.72,28106595,822028906.0,32366
20241119,688173,14.16,16.79,16.79,14.21,15.13,43152399,667750706.0,39580
20241119,688175,17.43,17.98,18.0,16.91,17.56,1998144,34617828.0,4050
20241119,688176,7.4,7.42,7.49,7.25,7.44,6245478,46050923.0,5674
20241119,688177,21.26,21.43,21.75,21.11,21.7,2338294,50148209.0,5670
20241119,688178,12.65,12.65,12.93,12.5,12.86,1133733,14422933.0,2417
20241119,688179,14.7,14.78,15.25,14.73,15.19,3887987,58268228.0,5906
20241119,688180,29.68,29.97,30.14,29.33,29.94,5878011,174688847.0,12867
20241119,688181,26.97,27.26,29.8,27.26,28.81,5849578,167636778.0,7335
20241119,688182,18.36,18.35,20.24,18.35,20.18,7908328,151800953.0,8988
20241119,688183,32.98,33.28,33.89,31.78,32.93,6794065,221875952.0,18545
20241119,688184,15.11,15.1,15.64,14.93,15.62,1220402,18695362.0,2288
20241119,688185,61.94,62.79,66.7,62.12,66.06,3918001,255524349.0,9668
20241119,688186,14.04,13.9,14.7,13.8,14.7,5510419,78928552.0,6410
20241119,688187,48.85,49.79,49.79,47.68,48.74,7101326,344031406.0,14830
20241119,688188,188.38,190.0,195.27,188.54,194.61,838589,161322070.0,4029
20241119,688189,7.32,7.3,7.5,7.24,7.47,4447345,32686779.0,3761
20241119,688190,83.39,83.38,85.95,83.38,85.69,409770,34758548.0,1817
20241119,688191,18.04,18.28,18.68,18.0,18.6,2195386,40366229.0,3815
20241119,688192,42.99,43.16,43.94,42.51,43.74,1620743,70126749.0,4977
20241119,688193,41.56,41.52,41.99,39.52,41.23,442813,17993339.0,1189
20241119,688195,38.97,39.5,41.0,38.81,40.95,5266776,210078588.0,9633
20241119,688196,31.37,30.81,32.65,29.85,31.69,3660489,114844189.0,5224
20241119,688197,33.06,33.48,33.76,32.9,33.41,361013,12031430.0,985
20241119,688198,116.08,116.21,118.6,116.21,117.07,189569,22264028.0,874
20241119,688199,15.9,16.15,16.67,16.0,16.67,2737828,44636135.0,4122
20241119,688200,115.45,116.32,118.86,114.0,118.77,1627513,190031434.0,6701
20241119,688201,9.79,9.96,10.15,9.64,10.15,8499524,83689524.0,10369
20241119,688202,35.88,36.2,37.8,35.72,37.53,3677729,135389098.0,7660
20241119,688203,10.01,10.0,10.25,10.0,10.25,988714,9995864.0,1455
20241119,688205,64.15,65.01,68.78,64.7,67.54,4768719,319696055.0,11118
20241119,688206,21.19,21.44,22.32,21.03,22.19,5802833,125967253.0,11830
20241119,688207,14.65,14.75,15.6,14.51,15.51,8960202,134951625.0,12788
20241119,688208,31.47,31.8,34.49,31.8,34.49,23771189,795994443.0,35866
20241119,688209,16.28,16.5,17.15,16.32,17.14,7300595,122100184.0,12306
20241119,688210,20.53,20.53,21.2,20.38,21.14,5031325,104870484.0,5639
20241119,688211,30.7,30.8,31.45,30.7,31.4,332708,10332465.0,1010
20241119,688212,50.03,49.72,51.27,49.01,50.13,645606,32369157.0,2251
20241119,688213,70.63,71.38,73.78,69.98,73.35,6394550,459661507.0,17089
20241119,688215,21.66,21.65,22.45,21.4,22.19,490235,10698364.0,1299
20241119,688216,21.96,21.96,22.7,21.61,22.59,2409614,53306633.0,4808
20241119,688217,20.03,20.16,20.5,19.61,20.29,1830628,36668794.0,2809
20241119,688218,18.88,18.6,21.99,18.6,21.58,18782169,391341734.0,14359
20241119,688219,8.99,9.08,9.33,9.04,9.31,3507011,32178236.0,3592
20241119,688220,39.55,40.28,41.09,39.15,41.01,5653818,226999639.0,15145
20241119,688221,7.19,7.14,7.3,7.06,7.27,3518595,25262266.0,4249
20241119,688222,12.69,12.84,13.14,12.55,13.12,7896967,101506606.0,9081
20241119,688223,8.31,8.34,8.71,8.33,8.65,57003849,487306338.0,35727
20241119,688225,19.8,19.5,21.2,19.05,20.85,7023697,142096762.0,5713
20241119,688226,18.36,18.38,18.88,17.91,18.63,3982427,73167975.0,6652
20241119,688227,23.89,23.89,25.25,23.6,25.12,1651310,40239667.0,2591
20241119,688228,44.1,44.96,45.83,43.62,45.4,2600520,116510344.0,5534
20241119,688229,41.19,42.0,42.13,40.11,42.01,1038505,42690728.0,3178
20241119,688230,47.44,47.52,49.95,47.31,49.7,1846838,89805611.0,3640
20241119,688231,15.05,15.05,15.37,14.98,15.37,1632462,24825325.0,3084
20241119,688232,33.25,33.45,34.18,32.81,33.76,2106309,70312918.0,7457
20241119,688233,26.39,26.5,27.87,26.02,27.85,4987004,134227852.0,9148
20241119,688234,60.65,61.18,63.27,60.06,63.16,6928538,426945573.0,16338
20241119,688235,156.21,156.52,159.56,153.3,156.64,2509174,390946711.0,11089
20241119,688236,13.84,13.99,14.13,13.59,14.1,2149428,29824284.0,3658
20241119,688237,24.68,24.93,25.69,24.69,25.6,1265731,31931332.0,2899
20241119,688238,5.59,5.56,5.74,5.48,5.71,7975497,44715274.0,7969
20241119,688239,40.4,40.62,42.53,40.62,42.32,2420382,100602791.0,4914
20241119,688244,28.17,28.49,28.66,27.53,28.42,1251635,34993632.0,3148
20241119,688246,27.2,27.71,27.72,26.33,27.38,2397920,64599102.0,4825
20241119,688247,10.93,10.93,11.16,10.75,11.12,3465985,38057650.0,4300
20241119,688248,34.05,34.05,34.98,33.73,34.92,3164139,109052383.0,8078
20241119,688251,17.43,17.36,17.79,17.09,17.79,1152419,20024267.0,2373
20241119,688252,21.92,22.09,22.85,22.02,22.8,4586643,102626256.0,10664
20241119,688253,40.8,40.84,42.13,40.45,42.13,2172666,89563711.0,5752
20241119,688255,22.12,22.11,23.5,22.09,23.45,1958529,45097055.0,3028
20241119,688256,448.66,450.0,465.0,425.0,461.0,9737149,4325527019.0,38713
20241119,688257,16.46,16.5,17.08,16.5,16.99,1186918,19874688.0,1918
20241119,688258,31.56,31.56,32.84,30.65,32.84,4326474,135417101.0,6892
20241119,688259,40.0,40.45,41.76,39.4,41.76,2382571,96992113.0,3875
20241119,688260,17.95,17.95,18.64,17.78,18.56,4440100,80759481.0,4851
20241119,688261,47.09,47.5,49.7,46.8,49.49,2936554,141574983.0,6740
20241119,688262,27.08,27.52,32.5,27.52,32.5,36295757,1099253447.0,39179
20241119,688265,26.59,27.5,27.5,26.6,26.98,487796,13094424.0,1038
20241119,688266,62.44,62.77,64.0,61.7,62.5,1942282,121595874.0,6914
20241119,688267,22.31,22.28,22.45,21.66,22.39,1660088,36575699.0,2548
20241119,688268,52.09,52.6,54.29,52.03,54.08,1375825,72925432.0,4130
20241119,688269,26.73,26.99,27.47,26.52,27.47,1327963,35969940.0,2721
20241119,688270,35.9,36.27,38.1,36.01,37.85,6412959,238877223.0,12626
20241119,688271,132.1,133.52,137.72,131.66,137.2,2876954,387489187.0,9900
20241119,688272,17.6,17.58,17.93,17.3,17.87,925486,16302267.0,2064
20241119,688273,24.99,25.18,26.16,25.03,26.02,1116698,28715101.0,2264
20241119,688275,48.25,48.3,52.43,47.66,51.73,2318242,115231536.0,5605
20241119,688276,26.1,26.18,26.95,26.16,26.93,2827987,74912234.0,6074
20241119,688277,9.91,9.93,10.4,9.89,10.37,5481030,55559739.0,6742
20241119,688278,73.67,73.53,75.35,73.53,75.25,1767346,131765243.0,7722
20241119,688279,130.08,130.08,140.98,129.9,140.0,1418025,193014643.0,6842
20241119,688280,5.18,5.24,5.37,5.17,5.36,5464448,28833576.0,5742
20241119,688281,98.5,98.98,101.07,97.25,100.76,1090417,108074629.0,3605
20241119,688282,27.98,27.68,28.8,27.58,28.62,493219,13851881.0,763
20241119,688283,27.47,27.44,28.58,27.4,28.31,480328,13455091.0,882
20241119,688285,7.7,7.68,7.79,7.55,7.77,2033645,15639154.0,2014
20241119,688286,49.9,49.7,51.63,49.16,51.29,1268723,63945267.0,3146
20241119,688287,5.85,5.95,6.16,5.9,6.1,10059965,60739294.0,2687
20241119,688288,16.53,16.41,17.16,16.39,17.06,2052779,34286267.0,4870
20241119,688289,22.0,22.17,23.0,21.93,22.89,7921477,177310324.0,14678
20241119,688290,33.3,33.15,35.28,33.15,35.21,1246924,42982878.0,3044
20241119,688291,19.75,19.79,20.5,19.66,20.35,774236,15459153.0,2263
20241119,688292,21.76,21.66,22.46,21.29,22.44,3255157,71277453.0,4460
20241119,688293,41.86,41.9,43.03,41.22,42.94,465785,19689626.0,1153
20241119,688295,20.85,20.85,21.44,20.76,21.36,2064188,43528182.0,5256
20241119,688296,12.18,12.25,12.5,11.92,12.48,2591556,31482565.0,5610
20241119,688297,42.62,42.86,44.32,42.48,44.02,8276312,359715810.0,16647
20241119,688298,32.22,32.49,33.37,32.08,32.89,2783336,91002167.0,5584
20241119,688299,16.6,17.2,19.92,16.84,19.92,30434318,556964133.0,25873
20241119,688300,51.4,51.75,53.53,51.42,53.28,2306358,120946698.0,5517
20241119,688301,113.32,113.18,115.3,111.66,114.87,888311,100977048.0,3670
20241119,688302,36.08,36.28,36.91,34.05,35.38,1357223,47736012.0,2762
20241119,688303,27.32,27.57,28.19,26.93,27.98,9437005,260151953.0,16048
20241119,688305,70.44,70.38,73.23,69.84,72.99,1969763,140467601.0,5013
20241119,688306,5.7,5.75,6.11,5.75,6.1,17671349,104661426.0,12270
20241119,688307,24.49,24.85,25.48,24.41,25.42,1795009,44832781.0,4386
20241119,688308,19.71,19.75,20.51,19.66,20.49,1927881,38637075.0,3431
20241119,688309,13.8,14.03,14.29,13.63,14.25,508571,7131767.0,1153
20241119,688310,12.22,12.34,12.75,12.13,12.61,1776949,21965993.0,2948
20241119,688311,32.5,32.4,33.1,31.0,32.84,4389695,141213465.0,5710
20241119,688312,31.69,31.46,33.08,31.4,32.96,1888753,60651564.0,4478
20241119,688313,13.98,14.14,14.55,13.82,14.47,10806879,152968974.0,15731
20241119,688314,27.26,27.42,27.96,27.03,27.9,634638,17503354.0,1765
20241119,688315,12.83,12.83,13.33,12.83,13.29,3476964,45331677.0,8780
20241119,688316,37.98,38.1,39.27,37.24,38.96,1964507,75185954.0,3267
20241119,688317,17.93,18.48,19.28,18.2,18.73,4429232,82780636.0,5879
20241119,688318,171.47,174.1,181.6,171.47,180.2,6572628,1158015564.0,18807
20241119,688319,10.04,10.11,10.36,10.02,10.36,2198761,22411793.0,4244
20241119,688320,32.0,31.01,34.89,30.99,34.8,13222973,446359997.0,12871
20241119,688321,21.93,22.07,22.5,21.81,22.42,3718811,82466695.0,8693
20241119,688322,30.74,30.9,32.46,30.85,32.24,5058642,160044106.0,11179
20241119,688323,13.42,13.5,13.87,13.35,13.8,1670058,22765792.0,2648
20241119,688325,50.13,50.2,52.27,49.59,51.99,1514724,77125944.0,3191
20241119,688326,88.02,89.24,95.45,89.24,93.76,2557684,236593920.0,8674
20241119,688327,11.73,11.8,12.19,11.59,12.15,25806140,306737373.0,23682
20241119,688328,17.16,17.29,17.83,17.02,17.8,4029605,70131433.0,7195
20241119,688329,16.27,16.64,16.65,15.87,16.51,1657090,26879651.0,3613
20241119,688330,27.67,27.49,28.17,27.3,28.1,1281596,35639564.0,3076
20241119,688331,31.87,32.09,32.56,31.08,32.34,3254828,103159847.0,8619
20241119,688332,86.23,84.98,87.5,81.5,85.76,3728240,313290725.0,7211
20241119,688333,45.71,45.76,46.84,44.95,46.65,3715840,169913887.0,9604
20241119,688335,9.44,9.42,9.65,9.36,9.63,1061024,10059715.0,2023
20241119,688336,23.05,23.0,23.61,22.81,23.14,2116508,49123069.0,6693
20241119,688337,43.22,43.41,46.48,43.33,46.07,2072530,93786018.0,6039
20241119,688338,27.3,27.29,28.11,27.29,28.03,676936,18839601.0,1221
20241119,688339,25.1,25.14,25.75,24.76,25.69,3153755,79496847.0,6596
20241119,688345,20.37,20.48,21.29,20.16,21.29,777847,16045200.0,1984
20241119,688348,57.28,57.28,59.16,56.24,59.0,2248621,130154440.0,5706
20241119,688349,29.8,29.62,30.73,29.62,30.51,6929735,210513193.0,14299
20241119,688350,13.15,13.31,13.35,12.97,13.35,778346,10240826.0,1550
20241119,688351,19.49,19.55,20.0,19.45,19.97,2139192,42176592.0,6901
20241119,688353,27.4,27.4,27.5,26.05,27.48,7388669,198139890.0,13050
20241119,688355,18.28,18.27,18.75,18.08,18.75,1556076,28679204.0,1884
20241119,688356,58.04,58.41,59.36,57.33,58.9,577009,33739578.0,1406
20241119,688357,25.21,25.26,26.02,25.05,26.0,997002,25373799.0,1969
20241119,688358,24.86,25.3,25.45,24.56,25.42,1103920,27746349.0,2348
20241119,688359,48.99,48.78,50.55,46.96,49.99,2336860,114105397.0,3597
20241119,688360,16.11,16.2,16.89,16.12,16.89,3901666,64537434.0,4772
20241119,688362,26.59,26.96,27.93,26.49,27.7,14631248,398860026.0,22301
20241119,688363,59.43,60.0,60.7,58.74,60.69,2727868,163193247.0,7286
20241119,688365,8.22,8.23,8.55,8.06,8.52,11409584,94558145.0,13672
20241119,688366,65.05,65.02,66.44,64.75,66.12,568964,37369713.0,2353
20241119,688367,15.28,15.5,15.74,15.14,15.66,958974,14879522.0,1979
20241119,688368,88.11,89.2,93.59,88.7,93.44,2149506,195562776.0,6857
20241119,688369,22.0,21.97,22.7,21.0,22.44,5176730,112006090.0,7913
20241119,688370,20.23,20.17,20.69,20.02,20.6,711841,14523270.0,1118
20241119,688371,17.23,17.5,18.25,17.22,18.09,2923175,51745155.0,5359
20241119,688372,67.73,67.56,69.72,65.55,68.65,1908755,129005397.0,6059
20241119,688373,4.97,4.97,5.09,4.9,5.07,6383742,31842490.0,7449
20241119,688375,51.32,51.3,52.85,50.2,52.65,3141805,162159490.0,9264
20241119,688376,37.62,38.0,38.78,37.02,38.65,1288356,48843137.0,3103
20241119,688377,14.6,14.75,14.84,14.31,14.82,1806317,26429843.0,2704
20241119,688378,25.78,26.0,26.95,25.45,26.68,6846791,179551533.0,7983
20241119,688379,22.21,22.05,22.66,21.88,22.66,1585265,35400693.0,3362
20241119,688380,26.9,27.29,28.33,27.0,28.29,7549290,208185874.0,13291
20241119,688381,19.82,20.0,20.75,19.88,20.7,3790413,76871456.0,7980
20241119,688382,9.31,9.33,9.49,9.14,9.44,7310710,67964274.0,6038
20241119,688383,51.4,51.98,54.15,51.48,53.92,1461557,77273183.0,5028
20241119,688385,39.56,39.86,41.3,39.71,41.12,10420734,422277749.0,19704
20241119,688386,31.8,31.93,33.14,31.91,33.09,505754,16428192.0,1279
20241119,688387,6.26,6.27,6.35,6.12,6.31,30052381,187235425.0,19657
20241119,688388,14.09,14.28,14.8,13.93,14.8,14400550,206987693.0,21074
20241119,688389,16.32,16.23,16.68,16.21,16.65,3341928,54902298.0,6366
20241119,688390,50.1,50.25,51.96,49.87,51.46,5858854,298302377.0,11581
20241119,688391,32.01,32.05,32.75,31.64,32.75,2016420,65230803.0,3246
20241119,688392,44.91,44.91,49.3,44.91,48.91,1649700,77222021.0,4965
20241119,688393,19.04,19.14,19.17,18.55,19.15,1302410,24660657.0,2361
20241119,688395,17.77,17.58,18.25,17.58,18.24,595886,10681733.0,1730
20241119,688396,51.25,51.9,53.59,51.18,53.35,9057291,474654918.0,17462
20241119,688398,14.55,14.58,14.95,14.39,14.95,1275681,18727721.0,1746
20241119,688399,78.58,78.6,79.14,77.32,78.63,619817,48500890.0,2016
20241119,688400,22.18,22.35,23.39,22.27,23.33,7632543,173932356.0,9748
20241119,688401,27.85,27.81,28.87,27.59,28.8,2806986,79098578.0,4031
20241119,688403,9.55,9.65,9.82,9.29,9.69,20959753,200490953.0,18013
20241119,688408,82.91,82.41,89.78,82.41,89.03,4298036,376656451.0,12444
20241119,688409,59.54,59.63,61.77,58.94,61.61,5782849,348391856.0,17541
20241119,688410,12.14,12.22,13.19,12.15,13.18,4824734,62315354.0,5353
20241119,688416,34.1,33.8,34.78,33.19,34.76,1633720,55523172.0,3693
20241119,688418,31.32,31.33,32.1,30.5,31.95,7912803,247927365.0,10046
20241119,688419,33.55,33.48,34.97,33.36,34.68,1160584,39700926.0,3014
20241119,688420,23.21,23.16,23.78,23.01,23.78,485823,11423391.0,985
20241119,688425,4.82,4.79,4.9,4.78,4.87,41845750,203027124.0,30155
20241119,688426,21.57,22.67,22.67,21.42,22.05,764343,16630078.0,2090
20241119,688428,11.85,11.99,12.66,11.99,12.66,6719017,83325332.0,12385
20241119,688432,11.99,12.15,12.73,12.08,12.62,10633823,131672295.0,15597
20241119,688435,33.31,33.75,34.49,32.8,34.49,1265314,42756590.0,2878
20241119,688439,59.55,59.42,60.93,58.62,60.8,1720113,103001617.0,4654
20241119,688448,34.11,34.6,35.8,33.01,35.35,2625870,90088051.0,5357
20241119,688455,10.38,10.49,10.68,10.27,10.65,1323524,13894258.0,2006
20241119,688456,31.64,31.47,32.61,31.36,32.56,1524621,48749838.0,2332
20241119,688459,9.86,9.95,10.02,9.82,10.02,2691661,26761943.0,3061
20241119,688466,13.48,13.53,13.8,13.37,13.79,611010,8304417.0,1398
20241119,688468,6.91,6.96,7.1,6.92,7.09,6917259,48605702.0,6642
20241119,688475,32.11,32.3,32.81,31.91,32.8,4143604,134109108.0,10191
20241119,688480,28.32,28.45,29.21,28.01,29.21,532949,15213512.0,1495
20241119,688485,9.76,9.75,9.95,9.57,9.88,1462225,14310246.0,1472
20241119,688486,58.6,59.44,60.5,57.86,60.44,854904,50785676.0,2573
20241119,688488,9.21,9.25,9.46,8.99,9.42,6474203,59505116.0,10319
20241119,688489,36.68,37.19,37.75,35.87,37.45,1035942,38154270.0,2258
20241119,688496,9.22,9.25,10.03,9.25,10.03,7063483,68273813.0,9170
20241119,688498,131.97,135.1,138.68,131.48,138.35,2496899,337833860.0,9709
20241119,688499,30.12,30.0,30.2,27.78,29.92,15480138,450643571.0,13969
20241119,688500,33.91,34.2,34.9,33.6,34.81,2106733,72146823.0,3753
20241119,688501,13.74,13.82,14.11,13.68,14.11,1484041,20626784.0,2494
20241119,688502,234.8,239.0,269.9,239.0,263.0,2035586,512486801.0,7529
20241119,688503,55.93,55.29,59.4,55.29,58.5,12302318,712344583.0,25368
20241119,688505,8.35,8.32,8.52,8.31,8.52,2796778,23604636.0,2957
20241119,688506,176.04,176.15,182.17,174.45,181.32,885180,158380539.0,4727
20241119,688508,44.43,44.63,46.68,44.25,46.68,3489329,158436707.0,8488
20241119,688509,4.27,4.25,4.32,4.17,4.32,13069087,55551632.0,8826
20241119,688510,16.66,16.69,17.2,16.6,17.18,2935017,49454176.0,4947
20241119,688511,20.05,20.8,20.8,19.37,20.11,2335935,46715969.0,3315
20241119,688513,33.2,33.37,34.37,33.37,34.25,826741,27913096.0,2104
20241119,688515,88.58,89.1,92.57,88.05,92.0,1803032,162818122.0,5676
20241119,688516,48.07,48.1,49.51,47.92,49.33,5616092,273984816.0,12978
20241119,688517,13.95,13.98,14.37,13.91,14.35,2190641,30909328.0,3056
20241119,688518,18.11,18.14,18.66,17.94,18.65,11223136,206124268.0,16420
20241119,688519,22.22,22.27,22.72,21.83,22.57,1749496,38990408.0,4990
20241119,688520,38.38,38.32,39.32,38.22,39.29,1944904,75496913.0,4529
20241119,688521,47.65,48.17,52.42,47.56,52.1,18182370,905313717.0,36220
20241119,688522,56.7,57.06,58.47,55.33,58.05,2945838,168249575.0,7433
20241119,688525,57.79,57.98,60.78,57.67,60.76,14152318,836256695.0,28328
20241119,688526,14.4,14.47,14.65,14.31,14.57,2110312,30616857.0,5259
20241119,688528,10.48,10.41,10.78,10.37,10.75,1595924,16868860.0,2098
20241119,688529,15.28,15.43,16.08,15.16,16.05,2043121,32084006.0,2780
20241119,688531,52.28,52.32,54.77,52.28,54.7,1200604,64348151.0,3107
20241119,688533,34.34,34.43,36.88,34.43,36.62,2515007,90708240.0,5766
20241119,688536,100.8,102.1,106.0,100.3,105.9,2716682,279428911.0,9287
20241119,688538,2.5,2.53,2.54,2.48,2.54,77222750,194100194.0,25735
20241119,688550,30.88,31.0,31.62,30.45,31.48,3032812,94331976.0,7443
20241119,688551,29.61,29.95,30.8,29.56,30.68,1227930,37123297.0,3447
20241119,688553,15.58,15.61,16.05,15.55,15.93,4485257,70775271.0,6954
20241119,688556,13.26,13.28,13.7,13.19,13.65,9579365,128855492.0,8933
20241119,688557,19.2,19.35,19.9,19.23,19.89,1104286,21511543.0,2512
20241119,688558,21.74,21.57,22.38,21.46,22.3,972440,21361195.0,2150
20241119,688559,39.75,39.98,41.5,39.22,41.1,10569326,425644656.0,16065
20241119,688560,14.49,14.62,14.99,14.4,14.94,3330510,48926424.0,4205
20241119,688561,31.3,31.66,32.11,31.09,31.89,5324291,167924540.0,13383
20241119,688565,6.45,6.54,6.68,6.4,6.65,3889781,25384570.0,3279
20241119,688566,23.54,23.52,24.21,23.5,24.18,1057426,25182421.0,2315
20241119,688567,12.03,12.07,12.62,11.89,12.54,13109670,160977608.0,19306
20241119,688568,56.26,56.95,58.8,55.61,57.91,15870723,910382573.0,31348
20241119,688569,23.0,22.84,23.23,22.46,23.17,1241318,28385453.0,2055
20241119,688571,6.48,6.53,6.62,6.45,6.61,2946979,19250293.0,3383
20241119,688575,18.02,18.05,18.29,17.88,18.29,4945742,89374795.0,5709
20241119,688577,35.0,35.17,36.35,34.71,36.18,656436,23443799.0,2018
20241119,688578,50.09,50.41,50.85,49.51,50.52,4473196,224759491.0,12216
20241119,688579,9.67,9.71,10.0,9.62,9.99,5514373,53921468.0,7483
20241119,688580,29.77,29.73,30.41,29.34,30.36,741682,22142165.0,1714
20241119,688585,6.82,7.15,7.15,6.8,7.05,3115348,21629455.0,3885
20241119,688586,9.92,9.96,10.07,9.77,10.06,8061931,80273366.0,10895
20241119,688588,13.35,13.38,13.77,13.04,13.7,9367466,125355153.0,14588
20241119,688589,27.2,27.38,28.5,27.15,28.45,2714980,75493624.0,4986
20241119,688590,14.43,14.43,15.1,14.16,15.04,12542166,183032805.0,14527
20241119,688595,34.68,35.17,37.89,34.46,37.25,6049261,216119387.0,11377
20241119,688596,36.51,36.86,37.85,36.22,37.65,4521396,166919575.0,11019
20241119,688597,8.92,8.96,9.3,8.91,9.28,3248069,29593648.0,3889
20241119,688598,28.78,28.66,30.23,28.66,30.08,12370078,365031118.0,13971
20241119,688599,23.6,23.78,24.32,23.42,24.23,16713431,400427198.0,24972
20241119,688600,14.25,14.54,14.7,14.21,14.6,1439106,20731595.0,2542
20241119,688601,46.82,47.0,52.8,46.86,52.8,12474782,622548280.0,18101
20241119,688606,66.87,67.0,69.89,66.66,69.7,520929,35923345.0,2373
20241119,688607,14.4,14.4,14.85,14.36,14.85,1708365,24913373.0,3654
20241119,688608,241.95,242.01,251.44,234.56,242.55,1963388,474832472.0,8340
20241119,688609,11.25,11.34,11.89,11.2,11.85,20851748,241444363.0,17716
20241119,688611,32.18,32.03,33.14,31.8,32.65,809457,26248222.0,1466
20241119,688613,16.77,16.82,17.41,16.82,17.35,1788961,30659433.0,2907
20241119,688616,10.99,11.08,11.28,10.91,11.25,1571982,17450498.0,2555
20241119,688617,337.02,337.93,351.53,337.08,350.23,854554,296061168.0,4364
20241119,688618,22.16,22.17,22.95,21.95,22.95,1099172,24632500.0,2653
20241119,688619,9.08,8.98,9.32,8.95,9.3,2172401,19857130.0,2693
20241119,688621,41.6,41.9,42.84,41.1,42.64,1649824,69231477.0,3317
20241119,688622,38.83,39.08,39.68,37.87,39.0,914803,35305885.0,2239
20241119,688625,37.8,37.56,39.38,37.56,39.31,549378,21168313.0,1486
20241119,688626,30.13,30.47,30.79,29.46,30.79,1277518,38632430.0,2165
20241119,688628,36.6,36.57,37.5,36.21,37.5,659469,24354029.0,1733
20241119,688630,65.87,65.84,68.68,65.8,68.02,2623930,176706144.0,6947
20241119,688633,25.41,25.55,26.35,25.55,26.22,947234,24603166.0,1441
20241119,688636,29.14,29.15,29.69,26.95,28.3,5220889,147861530.0,6544
20241119,688639,33.85,33.88,34.65,33.59,34.63,2806424,95797703.0,6009
20241119,688655,11.18,11.11,11.52,11.01,11.5,2096081,23619717.0,4120
20241119,688656,138.0,138.97,138.97,110.4,120.33,2664029,335135507.0,5835
20241119,688658,21.11,21.3,22.04,20.92,21.2,5183857,110383441.0,13747
20241119,688659,7.92,7.99,8.11,7.83,8.09,3899614,31121747.0,5191
20241119,688660,7.37,7.6,8.25,7.37,8.16,58412734,454287283.0,29980
20241119,688661,34.03,34.12,35.5,33.9,35.28,1582390,54745185.0,4051
20241119,688662,34.33,34.3,35.86,34.06,35.69,1872675,65434629.0,4780
20241119,688663,21.95,21.88,22.66,21.84,22.6,1590868,35429457.0,3693
20241119,688665,29.76,29.7,30.5,29.24,30.5,1462689,43784335.0,3217
20241119,688667,41.5,41.68,43.38,41.2,42.88,441384,18701830.0,1375
20241119,688668,36.76,36.76,38.33,36.71,38.29,3235575,121264066.0,7541
20241119,688669,12.91,12.89,13.15,12.75,13.14,1449313,18761034.0,2157
20241119,688670,14.05,14.14,14.66,14.08,14.58,1318933,19062778.0,2234
20241119,688676,34.68,34.9,35.19,34.37,35.13,5032197,175204275.0,8673
20241119,688677,36.02,36.0,37.29,36.0,37.05,607090,22231573.0,1767
20241119,688678,14.58,14.43,15.5,14.33,15.21,14536131,217794650.0,11281
20241119,688679,9.56,9.56,9.83,9.29,9.83,1335519,12753095.0,1927
20241119,688680,38.4,38.96,40.54,38.51,40.5,2185705,86346245.0,5786
20241119,688681,11.4,11.4,11.65,11.25,11.65,2463643,28224413.0,5750
20241119,688682,36.81,36.7,38.3,35.88,38.28,1668387,61656098.0,3969
20241119,688683,19.86,19.86,20.18,19.48,20.17,811370,16100981.0,1937
20241119,688685,37.22,37.46,37.99,36.49,37.97,3075553,114134761.0,4954
20241119,688686,60.38,60.72,64.0,60.72,63.85,1610079,100561385.0,4794
20241119,688687,26.13,26.11,27.17,26.11,27.0,2333405,62443375.0,4144
20241119,688689,22.87,23.01,24.2,22.92,24.1,1826222,42855424.0,3499
20241119,688690,20.72,20.74,21.56,20.42,21.25,4860627,102355608.0,9315
20241119,688696,73.39,73.68,78.99,73.5,78.73,1773686,136629881.0,5569
20241119,688697,16.76,16.77,17.47,16.77,17.47,3129401,53659800.0,5225
20241119,688698,32.8,32.8,35.65,32.8,35.6,4024263,138409017.0,6783
20241119,688699,36.43,36.43,38.32,36.31,38.32,1493324,55543491.0,4059
20241119,688700,30.55,31.35,33.54,31.3,33.45,10234107,331639105.0,19047
20241119,688701,6.11,6.11,6.28,6.01,6.26,1692792,10369383.0,2140
20241119,688707,12.82,12.68,12.87,12.04,12.86,23840929,297058475.0,31263
20241119,688711,18.8,19.16,20.25,18.92,20.16,7185968,141829831.0,9959
20241119,688718,11.46,11.63,11.92,11.32,11.79,2669823,31001163.0,2918
20241119,688722,12.78,12.96,13.66,12.8,13.62,5011039,66461897.0,4829
20241119,688728,16.78,16.99,17.74,16.7,17.55,13917605,238828418.0,16818
20241119,688733,18.4,18.57,19.32,18.22,19.32,3146779,59193999.0,5638
20241119,688737,16.79,16.81,17.55,16.7,17.45,2183057,37218853.0,2475
20241119,688739,27.14,27.24,27.46,26.92,27.41,2508156,68145050.0,5560
20241119,688766,80.66,81.0,83.72,79.55,83.32,2574006,209884349.0,6365
20241119,688767,29.83,29.99,32.88,29.99,32.83,2423753,76780401.0,3540
20241119,688768,33.15,33.26,34.1,32.53,33.79,1114266,37055816.0,3034
20241119,688772,16.83,16.91,17.73,16.88,17.62,12758315,220472714.0,19670
20241119,688776,58.24,58.24,62.97,57.19,62.2,1750200,105356773.0,5154
20241119,688777,47.79,48.06,49.99,47.82,49.74,14185298,692423306.0,24701
20241119,688778,46.95,47.76,50.94,47.6,50.87,11614828,571716918.0,28556
20241119,688779,5.91,5.94,6.08,5.81,6.07,26143896,155741412.0,21592
20241119,688786,23.97,24.49,24.79,23.9,24.71,684306,16595896.0,1626
20241119,688787,79.2,79.01,80.01,74.7,78.64,3131238,240738418.0,7569
20241119,688788,30.38,30.45,31.14,29.8,31.03,1226065,37362760.0,2452
20241119,688789,70.99,70.99,72.48,69.83,71.84,1368692,97790628.0,4479
20241119,688793,29.65,29.44,30.02,29.21,30.02,1050895,31093759.0,1713
20241119,688798,66.23,66.82,70.18,66.35,69.9,3073498,210472053.0,10309
20241119,688799,39.84,39.99,40.59,39.3,40.46,876927,35051887.0,1610
20241119,688800,37.08,37.33,39.13,37.1,39.1,4529182,172985003.0,11062
20241119,688819,29.87,30.14,30.63,29.52,30.62,3331316,100293016.0,7631
20241119,688981,92.3,92.1,95.39,90.22,94.9,83159684,7685226379.0,132882
