Date,secucode,open,high,low,close,volume,amount,change,change_ratio
2020-01-02,603185,25.32,25.79,25.17,25.25,24254,61700288,0.05,0.1984126984126984
2020-01-03,603185,25.4,26.25,25.23,26.24,27836,71322632,0.99,3.9207920792079207
2020-01-06,603185,25.65,28.29,25.62,27.66,68582,186467408,1.42,5.411585365853658
2020-01-07,603185,27.32,29.5,27.32,28.56,63094,180936608,0.9,3.2537960954446854
2020-01-08,603185,28.39,28.85,27.35,27.43,43209,120793584,-1.13,-3.956582633053221
2020-01-09,603185,27.85,29.98,27.25,29.83,65200,186286208,2.4,8.749544294567992
2020-01-10,603185,29.4,30.3,29.02,29.94,52651,156760768,0.11,0.3687562856185049
2020-01-13,603185,29.9,30.8,29.9,30.55,46470,141323184,0.61,2.0374081496325984
2020-01-14,603185,30.6,30.94,29.27,29.45,42878,127804104,-1.1,-3.600654664484452
2020-01-15,603185,29.45,29.65,28.57,28.82,29035,83796632,-0.63,-2.139219015280136
2020-01-16,603185,28.77,30.28,28.76,29.92,32939,97272912,1.1,3.816793893129771
2020-01-17,603185,29.92,30.18,29.31,29.59,18341,54454888,-0.33,-1.1029411764705883
2020-01-20,603185,29.6,30.46,29.3,29.66,25716,76633672,0.07,0.236566407570125
2020-01-21,603185,29.59,30.39,29.46,29.81,23545,70576424,0.15,0.5057316250842886
2020-01-22,603185,32.1,32.79,30.85,32.79,82997,267547120,2.98,9.996645420999664
2020-01-23,603185,32.6,33.28,30.64,32.0,87851,282719296,-0.79,-2.409271119243672
2020-02-03,603185,28.8,28.8,28.8,28.8,3750,10800000,-3.2,-10.0
2020-02-04,603185,26.5,28.49,26.5,27.9,47440,131488944,-0.9,-3.125
2020-02-05,603185,27.8,30.69,27.62,30.22,62959,185528928,2.32,8.315412186379929
2020-02-06,603185,29.55,33.24,29.5,32.61,71363,230722800,2.39,7.908669755129054
2020-02-07,603185,32.61,35.52,32.3,35.52,75077,253721968,2.91,8.923643054277829
2020-02-10,603185,36.15,39.07,35.27,37.39,97553,367741504,1.87,5.264639639639639
2020-02-11,603185,36.4,40.96,36.4,40.1,96324,375637696,2.71,7.247927253276278
2020-02-12,603185,40.8,43.0,39.5,42.8,72407,299448992,2.7,6.733167082294264
2020-02-13,603185,42.0,43.47,40.2,42.03,73584,306258496,-0.77,-1.7990654205607477
2020-02-14,603185,41.27,41.5,39.3,39.7,53319,214540144,-2.33,-5.543659290982631
2020-02-17,603185,40.23,41.53,39.7,40.9,38632,157869552,1.2,3.022670025188917
2020-02-18,603185,41.49,43.78,41.01,43.6,47725,201908400,2.7,6.601466992665037
2020-02-19,603185,44.0,44.0,41.53,41.99,46330,198395456,-1.61,-3.692660550458716
2020-02-20,603185,41.72,43.05,41.66,42.55,35692,151168096,0.56,1.3336508692545843
2020-02-21,603185,41.9,43.46,41.9,42.7,43284,185437872,0.15,0.3525264394829612
2020-02-24,603185,42.11,44.8,42.0,44.61,37792,162772256,1.91,4.473067915690867
2020-02-25,603185,43.45,44.4,41.5,43.86,36983,160292528,-0.75,-1.6812373907195697
2020-02-26,603185,43.0,43.4,40.9,41.3,35258,147422192,-2.56,-5.836753305973552
2020-02-27,603185,40.99,42.62,40.5,41.54,24831,103298584,0.24,0.5811138014527845
2020-02-28,603185,39.53,42.41,39.49,41.08,37648,154845920,-0.46,-1.107366393837265
2020-03-02,603185,42.01,45.19,42.01,45.19,39907,178144096,4.11,10.004868549172349
2020-03-03,603185,47.48,49.71,47.45,49.71,47624,233155024,4.52,10.002212878955522
2020-03-04,603185,49.8,51.08,47.74,49.78,46166,228290048,0.07,0.1408167370750352
2020-03-05,603185,49.46,53.07,49.46,50.5,48179,245029616,0.72,1.4463640016070711
2020-03-06,603185,49.6,51.27,48.95,49.3,33887,168974672,-1.2,-2.376237623762376
2020-03-09,603185,47.76,49.79,45.5,45.88,37751,178069360,-3.42,-6.9371196754563895
2020-03-10,603185,46.9,47.66,43.89,47.3,32845,151355648,1.42,3.095030514385353
2020-03-11,603185,46.74,48.85,46.0,46.93,30551,144915808,-0.37,-0.7822410147991543
2020-03-12,603185,47.7,48.31,45.0,48.25,29618,138750832,1.32,2.812699765608353
2020-03-13,603185,46.0,49.42,45.77,49.2,25512,121676600,0.95,1.9689119170984457
2020-03-16,603185,49.4,49.68,44.28,44.28,28864,135292448,-4.92,-10.0
2020-03-17,603185,43.23,43.85,39.85,39.85,52962,213211008,-4.43,-10.004516711833784
2020-03-18,603185,40.26,41.0,37.88,37.88,53014,209096224,-1.97,-4.9435382685069005
2020-03-19,603185,38.33,38.8,36.7,38.55,36375,137405520,0.67,1.7687434002111937
2020-03-20,603185,38.7,39.0,36.0,38.22,30776,115785480,-0.33,-0.8560311284046693
2020-03-23,603185,36.76,37.0,34.4,34.4,31386,109645776,-3.82,-9.99476713762428
2020-03-24,603185,34.57,35.03,32.1,33.21,52827,175877664,-1.19,-3.459302325581396
2020-03-25,603185,33.94,36.53,33.94,35.3,55055,195681440,2.09,6.293285155073773
2020-03-26,603185,35.7,36.77,34.81,35.65,33491,120221640,0.35,0.9915014164305948
2020-03-27,603185,36.39,39.22,35.84,39.22,47146,176053888,3.57,10.014025245441797
2020-03-30,603185,38.6,38.75,35.3,35.34,44798,162239840,-3.88,-9.892911779704232
2020-03-31,603185,35.23,37.23,34.1,36.1,40044,143297824,0.76,2.1505376344086025
2020-04-01,603185,36.0,39.66,35.56,37.75,37480,140540512,1.65,4.570637119113574
2020-04-02,603185,37.13,39.2,33.98,39.16,37232,141504016,1.41,3.735099337748345
2020-04-03,603185,39.72,39.99,38.2,39.23,38798,151317072,0.07,0.1787538304392237
2020-04-07,603185,39.51,41.1,39.02,39.69,49217,195290672,0.46,1.1725720112159062
2020-04-08,603185,39.69,40.5,39.23,39.75,32755,130590160,0.06,0.1511715797430083
2020-04-09,603185,39.76,40.3,39.26,39.58,21217,84009664,-0.17,-0.4276729559748427
2020-04-10,603185,39.4,39.48,37.63,38.99,25160,96712824,-0.59,-1.4906518443658412
2020-04-13,603185,38.91,40.6,37.71,40.48,26856,105624296,1.49,3.821492690433444
2020-04-14,603185,40.4,43.44,39.88,43.36,52806,221691552,2.88,7.114624505928854
2020-04-15,603185,41.5,41.56,39.4,39.5,68581,276514304,-3.86,-8.902214022140221
2020-04-16,603185,39.64,40.38,38.85,38.9,34101,134715984,-0.6,-1.5189873417721518
2020-04-17,603185,38.6,41.5,38.6,40.9,69384,280839456,2.0,5.141388174807198
2020-04-20,603185,40.59,40.59,37.52,39.41,57143,222870640,-1.49,-3.6430317848410754
2020-04-21,603185,38.79,38.9,37.2,37.57,31864,120828280,-1.84,-4.668865770109109
2020-04-22,603185,37.57,37.86,36.68,37.7,26908,99784832,0.13,0.3460207612456747
2020-04-23,603185,37.64,37.76,36.91,37.2,15151,56301464,-0.5,-1.326259946949602
2020-04-24,603185,38.75,38.75,37.06,37.31,23148,87235920,0.11,0.2956989247311828
2020-04-27,603185,36.5,38.43,36.5,37.0,18163,68270048,-0.31,-0.8308764406325383
2020-04-28,603185,36.6,37.24,34.0,36.87,20366,73724264,-0.13,-0.3513513513513513
2020-04-29,603185,36.72,37.4,36.38,37.14,13782,51118048,0.27,0.7323026851098454
2020-04-30,603185,37.58,40.0,37.33,38.92,41550,161708784,1.78,4.792676359719978
2020-05-06,603185,38.5,40.76,38.33,40.54,45619,182159680,1.62,4.1623843782117165
2020-05-07,603185,40.38,41.1,39.92,40.47,33211,135043600,-0.07,-0.1726689689195856
2020-05-08,603185,40.99,41.25,40.33,41.13,33387,136432640,0.66,1.630837657524092
2020-05-11,603185,41.14,41.2,40.21,41.16,37000,150887152,0.03,0.0729394602479941
2020-05-12,603185,41.48,41.76,40.54,41.16,27232,112033768,0.0,0.0
2020-05-13,603185,40.8,42.51,40.61,41.65,32664,136011392,0.49,1.1904761904761905
2020-05-14,603185,41.64,42.45,41.33,42.18,34854,146363568,0.53,1.2725090036014406
2020-05-15,603185,41.8,42.5,41.06,41.56,27370,113644920,-0.62,-1.469890943575154
2020-05-18,603185,41.17,41.57,40.33,40.9,34603,141299408,-0.66,-1.5880654475457172
2020-05-19,603185,40.96,41.76,40.6,41.5,25658,105999200,0.6,1.466992665036675
2020-05-20,603185,31.65,32.3,30.4,30.57,29486,91718120,-10.93,-26.33734939759036
2020-05-21,603185,30.42,30.62,29.36,29.37,28320,84507472,-1.2,-3.925417075564279
2020-05-22,603185,29.49,29.6,28.42,29.13,22616,65663612,-0.24,-0.8171603677221655
2020-05-25,603185,28.81,29.05,28.11,28.52,16015,45518452,-0.61,-2.0940611053896325
2020-05-26,603185,28.64,29.1,28.39,28.9,16615,47857296,0.38,1.332398316970547
2020-05-27,603185,28.85,31.79,28.06,28.87,51926,154131488,-0.03,-0.1038062283737024
2020-05-28,603185,28.45,28.78,27.55,28.04,29767,83874256,-0.83,-2.8749567024593
2020-05-29,603185,27.9,30.06,27.6,29.89,46080,135043200,1.85,6.597717546362339
2020-06-01,603185,29.94,31.94,29.58,30.82,51060,157119920,0.93,3.11140849782536
2020-06-02,603185,31.09,33.9,30.61,33.53,77205,251644896,2.71,8.792991563919534
2020-06-03,603185,33.28,33.8,32.72,33.4,51149,170065072,-0.13,-0.3877124962719952
2020-06-04,603185,33.48,33.68,32.86,33.25,27649,92076800,-0.15,-0.4491017964071856
2020-06-05,603185,34.5,35.88,33.9,35.27,55040,192553328,2.02,6.075187969924812
2020-06-08,603185,35.86,36.88,35.3,35.93,43894,158541808,0.66,1.871278707116529
2020-06-09,603185,35.35,36.18,34.78,35.59,30789,109688168,-0.34,-0.9462844419704982
2020-06-10,603185,35.58,36.47,35.55,36.16,24014,86539736,0.57,1.60157347569542
2020-06-11,603185,35.94,36.7,35.44,35.99,28461,102368480,-0.17,-0.4701327433628319
2020-06-12,603185,35.28,36.27,34.9,36.07,20161,72293200,0.08,0.2222839677688246
2020-06-15,603185,36.86,37.25,34.91,35.14,31834,113566208,-0.93,-2.578319933462712
2020-06-16,603185,35.28,38.65,35.2,38.63,72840,275405120,3.49,9.931701764371088
2020-06-17,603185,38.9,42.49,38.8,42.49,82157,338020352,3.86,9.99223401501424
2020-06-18,603185,42.25,44.0,41.88,42.98,69963,299330496,0.49,1.1532125205930808
2020-06-19,603185,43.15,43.42,42.28,43.17,29542,126653648,0.19,0.4420660772452303
2020-06-22,603185,43.99,43.99,42.81,43.3,31127,134884704,0.13,0.3011350474866806
2020-06-23,603185,43.97,45.18,43.01,43.6,32578,142747232,0.3,0.6928406466512702
2020-06-24,603185,44.13,44.49,43.51,44.01,22180,97501440,0.41,0.9403669724770642
2020-06-29,603185,44.85,48.35,44.28,47.0,57750,267452896,2.99,6.79391047489207
2020-06-30,603185,47.79,49.15,46.47,48.99,41577,199934944,1.99,4.23404255319149
2020-07-01,603185,50.22,51.38,47.5,49.16,36614,178768736,0.17,0.3470095937946519
2020-07-02,603185,49.12,51.25,48.5,49.36,42365,210960656,0.2,0.4068348250610252
2020-07-03,603185,49.37,51.51,49.13,50.9,44257,223531264,1.54,3.119935170178282
2020-07-06,603185,51.0,51.99,47.91,49.2,79035,390271520,-1.7,-3.3398821218074657
2020-07-07,603185,49.19,51.44,48.08,50.52,52862,264364336,1.32,2.682926829268293
2020-07-08,603185,50.1,53.39,49.39,52.9,52183,269753984,2.38,4.7110055423594615
2020-07-09,603185,52.9,53.33,52.0,52.86,34445,181375664,-0.04,-0.0756143667296786
2020-07-10,603185,52.86,57.5,52.7,55.57,50719,278814464,2.71,5.126749905410518
2020-07-13,603185,56.27,58.62,55.38,56.16,55650,314590816,0.59,1.0617239517725392
2020-07-14,603185,56.16,57.19,54.7,57.05,41884,234558592,0.89,1.5847578347578348
2020-07-15,603185,56.61,57.45,55.68,55.79,35356,200156608,-1.26,-2.208588957055215
2020-07-16,603185,56.2,59.87,50.22,52.29,65902,366523712,-3.5,-6.273525721455458
2020-07-17,603185,53.0,53.5,50.5,51.78,38173,198887232,-0.51,-0.9753298909925416
2020-07-20,603185,52.5,53.81,51.22,53.4,32530,170968512,1.62,3.1286210892236386
2020-07-21,603185,53.1,57.11,52.72,56.22,44086,243888736,2.82,5.280898876404494
2020-07-22,603185,55.91,57.18,55.0,56.19,30336,170269808,-0.03,-0.0533617929562433
2020-07-23,603185,55.19,60.5,53.2,59.58,72070,414821568,3.39,6.03310197544047
2020-07-24,603185,59.9,60.64,55.6,57.15,59353,341741280,-2.43,-4.078549848942599
2020-07-27,603185,57.79,58.24,54.5,55.03,43643,245847728,-2.12,-3.709536307961505
2020-07-28,603185,55.3,55.5,53.4,55.2,31768,173261408,0.17,0.3089224059603852
2020-07-29,603185,54.84,60.72,54.3,60.72,62332,367538624,5.52,10.0
2020-07-30,603185,60.97,65.88,59.76,64.48,64033,400493952,3.76,6.192358366271409
2020-07-31,603185,65.0,65.7,63.78,65.18,32643,211158336,0.7,1.08560794044665
2020-08-03,603185,65.84,69.38,64.59,68.18,41165,277429440,3.0,4.602638846271863
2020-08-04,603185,68.85,68.85,65.47,66.95,26646,177292592,-1.23,-1.8040481079495447
2020-08-05,603185,66.81,73.63,66.32,73.5,53622,380772320,6.55,9.783420463032114
2020-08-06,603185,73.04,74.08,70.12,73.22,35625,256456080,-0.28,-0.3809523809523809
2020-08-07,603185,72.23,75.4,71.51,74.4,34526,254601696,1.18,1.6115815350996994
2020-08-10,603185,74.4,75.4,72.52,75.0,23149,171380416,0.6,0.8064516129032258
2020-08-11,603185,75.0,77.88,71.4,72.15,34946,259894640,-2.85,-3.8
2020-08-12,603185,71.85,72.65,67.38,69.77,38146,266658720,-2.38,-3.2986832986832986
2020-08-13,603185,68.74,70.38,68.0,69.79,21151,147301184,0.02,0.0286656155940948
2020-08-14,603185,70.36,73.45,69.26,70.39,26712,190832048,0.6,0.8597220232124947
2020-08-17,603185,70.39,71.8,69.69,70.98,19965,141482672,0.59,0.8381872425060378
2020-08-18,603185,71.15,71.76,70.05,71.0,16470,116738816,0.02,0.0281769512538743
2020-08-19,603185,69.01,70.78,68.38,69.32,16821,116416144,-1.68,-2.3661971830985915
2020-08-20,603185,69.98,69.98,62.39,62.39,47825,311321568,-6.93,-9.997114829774958
2020-08-21,603185,62.97,66.24,61.99,62.6,46659,297125376,0.21,0.3365924026286264
2020-08-24,603185,62.97,63.48,59.61,61.35,34553,211255760,-1.25,-1.996805111821086
2020-08-25,603185,63.72,63.72,60.27,61.35,26413,163289824,0.0,0.0
2020-08-26,603185,61.11,61.78,58.52,59.18,24777,147875552,-2.17,-3.537082314588427
2020-08-27,603185,59.18,64.0,58.65,63.69,46630,290922240,4.51,7.62081784386617
2020-08-28,603185,63.28,64.37,62.82,63.98,31850,203153968,0.29,0.4553305071439786
2020-08-31,603185,63.9,67.0,63.88,64.6,30700,201741248,0.62,0.9690528290090652
2020-09-01,603185,65.18,67.5,64.32,67.41,38168,254148688,2.81,4.34984520123839
2020-09-02,603185,68.07,68.6,67.01,67.9,27882,188763936,0.49,0.726895119418484
2020-09-03,603185,67.9,73.0,67.51,71.34,39093,278354176,3.44,5.0662739322533135
2020-09-04,603185,70.0,71.75,68.8,70.91,33455,234749456,-0.43,-0.6027474067844126
2020-09-07,603185,69.51,71.31,67.6,69.8,28102,195465344,-1.11,-1.565364546608377
2020-09-08,603185,69.01,69.58,65.53,66.79,37107,248528896,-3.01,-4.312320916905444
2020-09-09,603185,64.14,65.72,60.28,60.7,41260,255204864,-6.09,-9.11813145680491
2020-09-10,603185,61.51,62.5,59.9,59.95,21834,133759608,-0.75,-1.2355848434925865
2020-09-11,603185,57.87,65.89,57.67,65.7,36614,229354480,5.75,9.591326105087573
2020-09-14,603185,66.18,71.18,65.82,70.6,49077,339667904,4.9,7.4581430745814306
2020-09-15,603185,70.85,72.98,69.88,71.46,36300,258860208,0.86,1.2181303116147308
2020-09-16,603185,71.8,74.19,71.33,73.05,31888,231372160,1.59,2.225020990764064
2020-09-17,603185,72.36,73.65,71.12,72.87,32019,232258112,-0.18,-0.2464065708418891
2020-09-18,603185,73.18,74.47,71.51,74.1,29395,216015568,1.23,1.68793742280774
2020-09-21,603185,74.03,75.57,73.1,73.79,16864,124635216,-0.31,-0.4183535762483131
2020-09-22,603185,73.5,73.79,70.9,70.9,17322,124813344,-2.89,-3.916519853638704
2020-09-23,603185,72.31,74.42,70.58,73.16,23358,170077648,2.26,3.1875881523272214
2020-09-24,603185,73.0,74.55,70.0,71.3,23993,172547600,-1.86,-2.5423728813559325
2020-09-25,603185,71.63,72.46,70.46,71.48,11719,83796096,0.18,0.2524544179523141
2020-09-28,603185,71.9,74.5,69.61,69.78,25864,185764208,-1.7,-2.378287632904309
2020-09-29,603185,70.89,72.13,69.65,70.8,17323,122777112,1.02,1.4617368873602752
2020-09-30,603185,71.9,73.22,70.22,72.5,26540,191285936,1.7,2.401129943502825
2020-10-09,603185,76.0,79.75,75.75,79.75,38815,305974720,7.25,10.0
2020-10-12,603185,83.0,87.73,82.51,87.73,53983,467735648,7.98,10.006269592476489
2020-10-13,603185,87.73,93.62,84.46,91.02,48086,430570592,3.29,3.750142482617121
2020-10-14,603185,91.35,94.0,89.3,92.9,29723,274166944,1.88,2.0654801142606023
2020-10-15,603185,93.8,94.5,89.01,89.68,38841,355365664,-3.22,-3.466092572658773
2020-10-16,603185,91.23,92.56,90.0,91.9,29078,265570800,2.22,2.4754683318465656
2020-10-19,603185,93.74,94.0,84.7,85.46,36995,326093536,-6.44,-7.007616974972796
2020-10-20,603185,85.75,87.08,83.23,86.9,26828,228987968,1.44,1.6849988298619236
2020-10-21,603185,87.0,89.18,83.0,84.78,26902,228316768,-2.12,-2.439585730724972
2020-10-22,603185,84.04,84.04,80.03,83.16,23747,194966256,-1.62,-1.910828025477707
2020-10-23,603185,86.5,87.5,77.8,79.66,57864,476434208,-3.5,-4.208754208754209
2020-10-26,603185,80.66,83.49,79.0,83.02,37639,308466336,3.36,4.21792618629174
2020-10-27,603185,83.0,83.35,80.54,81.75,41862,341263744,-1.27,-1.5297518670199952
2020-10-28,603185,81.7,82.31,74.85,81.25,38614,311689152,-0.5,-0.6116207951070336
2020-10-29,603185,81.13,83.89,79.5,82.5,35098,288057248,1.25,1.5384615384615383
2020-10-30,603185,82.05,83.35,81.14,82.21,28874,237504704,-0.29,-0.3515151515151515
2020-11-02,603185,82.0,83.6,79.57,80.5,39854,324299744,-1.71,-2.080038924705024
2020-11-03,603185,87.33,87.33,77.98,83.1,81760,671706112,2.6,3.229813664596273
2020-11-04,603185,82.99,83.96,75.58,77.28,83347,657124032,-5.82,-7.003610108303249
2020-11-05,603185,78.26,81.69,75.59,81.15,77365,607419328,3.87,5.007763975155279
2020-11-06,603185,81.88,82.61,77.77,80.18,47004,374770880,-0.97,-1.195317313616759
2020-11-09,603185,79.2,79.79,72.35,75.2,90738,681269440,-4.98,-6.211025193315041
2020-11-10,603185,73.95,76.0,71.11,75.55,59543,438433248,0.35,0.4654255319148936
2020-11-11,603185,74.52,76.55,73.3,74.58,31337,234936800,-0.97,-1.2839179351422898
2020-11-12,603185,74.16,76.38,73.58,76.17,29884,225118640,1.59,2.131938857602574
2020-11-13,603185,75.25,77.18,72.38,73.79,42878,320173472,-2.38,-3.1245897334908754
2020-11-16,603185,73.6,73.6,68.58,72.65,36464,260238832,-1.14,-1.544924786556444
2020-11-17,603185,73.32,74.13,70.99,71.9,31905,229875456,-0.75,-1.032346868547832
2020-11-18,603185,71.9,72.84,67.9,67.96,46389,322400672,-3.94,-5.479833101529903
2020-11-19,603185,68.25,69.8,66.64,69.3,31172,213575872,1.34,1.971748087110065
2020-11-20,603185,69.3,76.23,68.18,76.23,72357,534339648,6.93,10.0
2020-11-23,603185,77.0,78.11,75.63,77.23,69071,531749056,1.0,1.3118194936376757
2020-11-24,603185,78.08,84.95,77.41,84.38,84807,698420800,7.15,9.258060339246407
2020-11-25,603185,84.34,85.0,81.2,82.2,53149,439131840,-2.18,-2.583550604408628
2020-11-26,603185,82.02,83.21,78.18,79.1,46926,376436672,-3.1,-3.771289537712896
2020-11-27,603185,79.01,81.55,78.8,79.83,31723,253155264,0.73,0.9228824273072062
2020-11-30,603185,85.0,87.81,82.35,86.71,110501,949265408,6.88,8.618313917073781
2020-12-01,603185,86.78,95.38,85.95,95.38,72704,674241728,8.67,9.998846730480912
2020-12-02,603185,97.0,101.49,96.25,99.3,123154,1221608192,3.92,4.109876284336339
2020-12-03,603185,103.0,104.0,96.0,98.1,76935,759697024,-1.2,-1.2084592145015105
2020-12-04,603185,98.97,107.89,97.78,105.51,94757,973195712,7.41,7.553516819571865
2020-12-07,603185,105.45,116.06,104.98,116.06,74482,824237376,10.55,9.999052222538149
2020-12-08,603185,112.0,117.0,105.62,110.0,112387,1236887296,-6.06,-5.221437187661555
2020-12-09,603185,108.0,109.02,102.35,103.0,88881,935435072,-7.0,-6.363636363636363
2020-12-10,603185,102.3,113.3,101.82,112.41,104615,1135724160,9.41,9.135922330097088
2020-12-11,603185,111.66,119.51,110.45,111.69,96016,1099696896,-0.72,-0.6405124099279423
2020-12-14,603185,115.0,119.21,112.3,117.4,71527,825465728,5.71,5.11236458053541
2020-12-15,603185,115.8,116.95,109.88,113.89,74027,841271488,-3.51,-2.9897785349233392
2020-12-16,603185,114.0,117.49,111.97,113.88,73702,847119744,-0.01,-0.0087804021424181
2020-12-17,603185,111.0,113.68,109.11,112.9,57351,641135488,-0.98,-0.8605549701440113
2020-12-18,603185,112.77,117.9,112.01,115.9,61778,717226624,3.0,2.657218777679362
2020-12-21,603185,118.52,123.2,116.0,121.6,79263,951341888,5.7,4.918032786885246
2020-12-22,603185,120.01,124.09,117.41,120.62,61787,746560960,-0.98,-0.805921052631579
2020-12-23,603185,122.62,132.68,122.0,132.68,86066,1118328320,12.06,9.99834190018239
2020-12-24,603185,131.89,141.0,130.8,135.57,77920,1061011392,2.89,2.178173047934881
2020-12-25,603185,136.0,149.0,133.34,148.0,76862,1084950784,12.43,9.168695139042562
2020-12-28,603185,146.21,154.97,146.01,152.2,74388,1114872192,4.2,2.837837837837838
2020-12-29,603185,150.0,150.7,136.98,136.98,110869,1549212544,-15.22,-10.0
2020-12-30,603185,135.5,142.5,132.24,135.54,98229,1345424128,-1.44,-1.0512483574244416
2020-12-31,603185,135.8,140.09,134.5,138.45,62839,863785984,2.91,2.1469676848162904
2021-01-04,603185,136.99,140.58,128.0,138.0,98525,1343291904,-0.45,-0.3250270855904659
2021-01-05,603185,137.0,140.75,131.5,139.0,78296,1076940032,1.0,0.7246376811594203
2021-01-06,603185,138.05,147.4,134.63,146.57,98652,1389311616,7.57,5.446043165467626
2021-01-07,603185,146.49,159.88,142.0,153.57,101343,1529066624,7.0,4.775875008528349
2021-01-08,603185,151.06,152.97,145.5,150.0,56640,842488256,-3.57,-2.3246727876538387
2021-01-11,603185,148.0,153.88,143.51,147.07,46131,681678080,-2.93,-1.9533333333333327
2021-01-12,603185,145.52,160.18,145.11,158.49,67243,1034024448,11.42,7.765009859250697
2021-01-13,603185,157.0,169.72,156.16,159.09,74317,1206943232,0.6,0.3785727806170736
2021-01-14,603185,158.5,158.5,143.18,143.18,82616,1213140480,-15.91,-10.000628575020428
2021-01-15,603185,140.37,146.58,138.8,141.77,53679,762711232,-1.41,-0.9847744098337756
2021-01-18,603185,141.41,143.7,136.18,141.11,49417,697016512,-0.66,-0.4655427805600621
2021-01-19,603185,141.25,146.7,138.0,140.57,58259,829038400,-0.54,-0.3826801785840833
2021-01-20,603185,139.71,146.04,139.51,145.98,59217,851898752,5.41,3.848616347727111
2021-01-21,603185,155.0,160.58,151.0,160.58,83373,1319914624,14.6,10.001370050691875
2021-01-22,603185,165.0,176.64,165.0,176.64,66961,1159867392,16.06,10.001245485116453
2021-01-25,603185,178.01,183.5,169.51,173.59,130562,2321793280,-3.05,-1.7266757246376812
2021-01-26,603185,174.25,189.8,174.23,179.1,99735,1808317440,5.51,3.1741459761507
2021-01-27,603185,178.87,191.0,176.58,185.8,100270,1841136384,6.7,3.740926856504746
2021-01-28,603185,176.0,180.0,171.0,174.05,75016,1321728000,-11.75,-6.32400430570506
2021-01-29,603185,180.0,181.3,165.79,174.58,88922,1547928192,0.53,0.3045101982189026
2021-02-01,603185,174.47,179.85,167.0,171.0,61071,1054223104,-3.58,-2.050635811662276
2021-02-02,603185,173.0,175.92,163.28,173.5,64011,1091895040,2.5,1.461988304093567
2021-02-03,603185,173.0,175.0,162.2,165.77,64533,1086483840,-7.73,-4.455331412103746
2021-02-04,603185,163.5,167.0,157.0,162.99,61701,1000318208,-2.78,-1.6770223804065874
2021-02-05,603185,166.25,179.29,165.0,176.98,102602,1806757760,13.99,8.583348671697651
2021-02-08,603185,179.35,182.28,164.5,172.65,88824,1531243776,-4.33,-2.446604136060572
2021-02-09,603185,175.23,181.56,171.01,176.08,58376,1024364736,3.43,1.9866782507964087
2021-02-10,603185,178.68,181.0,170.02,179.5,66420,1169892992,3.42,1.9422989550204453
2021-02-18,603185,181.21,183.49,163.98,166.15,85990,1465285120,-13.35,-7.437325905292479
2021-02-19,603185,163.0,166.65,155.75,161.44,53214,857732992,-4.71,-2.8347878423111648
2021-02-22,603185,161.5,168.38,156.0,156.0,62814,1014732160,-5.44,-3.3696729435084243
2021-02-23,603185,151.0,161.3,149.01,159.0,40685,631092736,3.0,1.9230769230769231
2021-02-24,603185,156.39,158.0,143.1,143.1,61523,909121024,-15.9,-10.0
2021-02-25,603185,145.0,145.0,140.77,142.5,34556,493634368,-0.6,-0.4192872117400419
2021-02-26,603185,138.37,142.47,136.5,140.71,42452,591783104,-1.79,-1.256140350877193
2021-03-01,603185,148.0,154.78,143.0,151.7,65546,994168000,10.99,7.810390164167437
2021-03-02,603185,153.53,158.5,150.5,156.99,61476,953175744,5.29,3.487145682267633
2021-03-03,603185,155.12,164.76,155.05,161.95,51266,822457344,4.96,3.15943690680935
2021-03-04,603185,158.86,158.88,145.76,145.76,54157,806887808,-16.19,-9.996912627354122
2021-03-05,603185,138.98,144.95,133.13,143.0,40397,567487616,-2.76,-1.893523600439078
2021-03-08,603185,144.79,144.9,135.28,135.28,48619,677149952,-7.72,-5.398601398601398
2021-03-09,603185,134.5,135.99,128.7,128.96,47944,631430336,-6.32,-4.671791839148433
2021-03-10,603185,134.02,135.89,130.13,132.0,40128,532363904,3.04,2.357320099255583
2021-03-11,603185,133.68,143.4,131.6,142.41,51992,722988096,10.41,7.886363636363636
2021-03-12,603185,143.0,145.1,140.05,144.99,35407,506557408,2.58,1.8116705287550032
2021-03-15,603185,140.42,142.76,132.5,134.0,40191,553528832,-10.99,-7.579833091937376
2021-03-16,603185,137.63,138.79,129.99,132.2,50566,679719872,-1.8,-1.343283582089552
2021-03-17,603185,131.88,133.56,126.3,132.89,31246,409717472,0.69,0.5219364599092284
2021-03-18,603185,133.14,134.5,130.96,133.21,27489,364884352,0.32,0.240800662201821
2021-03-19,603185,129.6,134.9,128.51,134.0,35645,472470784,0.79,0.5930485699271826
2021-03-22,603185,133.09,134.79,131.13,132.04,27121,359321472,-1.96,-1.462686567164179
2021-03-23,603185,132.5,134.0,128.6,130.69,20510,267800944,-1.35,-1.0224174492578006
2021-03-24,603185,129.7,131.88,120.3,121.52,37149,461114976,-9.17,-7.016604177825387
2021-03-25,603185,120.0,122.46,116.83,121.4,39608,474261312,-0.12,-0.0987491770901909
2021-03-26,603185,122.5,133.51,122.36,131.95,51889,670825600,10.55,8.690280065897857
2021-03-29,603185,130.42,132.12,127.65,129.23,35185,457038656,-2.72,-2.061386888973096
2021-03-30,603185,128.32,138.1,128.32,136.99,45781,617536192,7.76,6.004797647605045
2021-03-31,603185,135.0,137.0,131.8,133.71,28612,382662048,-3.28,-2.3943353529454705
2021-04-01,603185,134.43,138.9,133.9,134.27,26492,358988256,0.56,0.418816842420163
2021-04-02,603185,133.45,136.68,133.28,135.18,17118,230662176,0.91,0.6777388843375288
2021-04-06,603185,136.9,141.0,135.66,136.82,32873,455521952,1.64,1.2131972185234503
2021-04-07,603185,136.12,136.68,126.51,131.51,41199,538461888,-5.31,-3.8810115480192953
2021-04-08,603185,130.2,132.21,128.5,130.94,19758,257757616,-0.57,-0.4334271158086837
2021-04-09,603185,128.55,130.49,125.28,126.0,29575,374571104,-4.94,-3.7727203299221017
2021-04-12,603185,125.37,126.8,118.99,120.18,32712,398893728,-5.82,-4.61904761904762
2021-04-13,603185,121.1,123.46,119.01,121.08,24066,291792864,0.9,0.7488766849725411
2021-04-14,603185,121.08,123.81,119.3,121.78,25927,313795072,0.7,0.5781301618764453
2021-04-15,603185,119.51,121.46,118.03,120.56,24302,291757184,-1.22,-1.0018065363770734
2021-04-16,603185,119.91,122.36,113.6,118.5,35313,414694016,-2.06,-1.7086927670869274
2021-04-19,603185,119.0,124.21,116.58,123.35,34853,424832576,4.85,4.0928270042194095
2021-04-20,603185,123.0,130.91,122.1,126.17,49512,630613248,2.82,2.2861775435751923
2021-04-21,603185,126.14,130.97,126.03,129.56,38077,491624768,3.39,2.686851073947848
2021-04-22,603185,127.5,128.78,122.8,127.0,48138,605313472,-2.56,-1.9759184933621488
2021-04-23,603185,126.14,132.35,126.14,132.09,51382,669752704,5.09,4.007874015748032
2021-04-26,603185,134.0,136.7,130.6,131.28,47689,637380352,-0.81,-0.6132182602770838
2021-04-27,603185,136.53,140.36,133.61,138.0,82470,1130023680,6.72,5.118829981718465
2021-04-28,603185,137.0,145.5,136.39,138.78,67482,951014208,0.78,0.5652173913043479
2021-04-29,603185,138.58,140.49,134.8,136.81,39502,544018816,-1.97,-1.41951289811212
2021-04-30,603185,136.0,144.5,135.51,144.4,58878,834810432,7.59,5.547840070170309
2021-05-06,603185,143.02,143.78,138.0,140.96,56465,791272128,-3.44,-2.382271468144044
2021-05-07,603185,139.5,139.54,131.0,131.5,50312,679297856,-9.46,-6.711123723041998
2021-05-10,603185,127.3,132.31,127.26,130.6,31500,409703936,-0.9,-0.6844106463878328
2021-05-11,603185,127.3,127.5,122.58,126.59,32738,409907648,-4.01,-3.0704441041347628
2021-05-12,603185,126.61,128.6,125.54,127.78,19709,250870128,1.19,0.9400426573978988
2021-05-13,603185,125.42,128.34,124.41,128.34,23533,296781312,0.56,0.438253247769604
2021-05-14,603185,127.61,137.55,126.55,137.2,43913,581893120,8.86,6.903537478572542
2021-05-17,603185,135.52,142.37,135.33,142.37,54427,761087040,5.17,3.768221574344023
2021-05-18,603185,141.01,141.78,138.32,141.17,27500,385823040,-1.2,-0.842874201025497
2021-05-19,603185,142.65,145.27,141.18,143.7,37334,537056192,2.53,1.7921654742509032
2021-05-20,603185,143.01,145.29,140.27,143.25,33473,477515968,-0.45,-0.313152400835073
2021-05-21,603185,145.38,153.2,145.31,151.8,72049,1082145408,8.55,5.968586387434556
2021-05-24,603185,153.0,153.77,149.01,149.3,40745,612598848,-2.5,-1.6469038208168645
2021-05-25,603185,148.98,148.98,142.29,147.28,59094,857623808,-2.02,-1.3529805760214333
2021-05-26,603185,147.35,148.0,145.02,146.53,30047,439236960,-0.75,-0.5092341118957089
2021-05-27,603185,148.0,149.11,144.01,148.49,55286,812616576,1.96,1.3376100457244249
2021-05-28,603185,146.89,148.7,143.0,146.4,40116,587824256,-2.09,-1.4075021886995758
2021-05-31,603185,145.4,157.0,144.0,156.49,65003,985973312,10.09,6.89207650273224
2021-06-01,603185,156.36,166.0,155.36,163.98,71286,1159586048,7.49,4.786248322576522
2021-06-02,603185,163.71,167.99,159.76,162.21,45848,747798784,-1.77,-1.0793999268203438
2021-06-03,603185,162.0,162.54,148.2,149.88,68926,1057519680,-12.33,-7.601257628999446
2021-06-04,603185,147.99,150.8,146.98,149.9,41750,622278784,0.02,0.0133440085401654
2021-06-07,603185,149.98,149.98,145.1,148.4,29829,440492288,-1.5,-1.0006671114076051
2021-06-08,603185,148.5,151.8,146.62,148.76,29442,438298624,0.36,0.2425876010781671
2021-06-09,603185,149.95,150.0,147.15,149.94,23026,342257472,1.18,0.7932239849421887
2021-06-10,603185,149.94,164.93,149.94,164.93,79938,1285331456,14.99,9.997332266239829
2021-06-11,603185,165.1,168.88,161.98,164.98,71813,1189625344,0.05,0.0303158915903716
2021-06-15,603185,166.0,166.99,158.18,159.05,43216,693643968,-5.93,-3.59437507576676
2021-06-16,603185,157.89,157.89,143.15,143.15,60201,896796160,-15.9,-9.996856334486012
2021-06-17,603185,143.3,152.42,143.3,151.0,40486,601343104,7.85,5.483758295494237
2021-06-18,603185,152.1,156.6,149.6,155.34,38361,591836544,4.34,2.874172185430464
2021-06-21,603185,153.0,164.8,149.52,163.3,49365,789462912,7.96,5.124243594695507
2021-06-22,603185,163.82,165.0,158.1,161.61,32966,529832544,-1.69,-1.0349050826699326
2021-06-23,603185,161.45,167.1,160.45,162.81,48326,793124480,1.2,0.7425283088917765
2021-06-24,603185,165.0,173.88,162.11,169.34,62407,1048732480,6.53,4.01081014679688
2021-06-25,603185,167.18,171.0,165.06,166.01,37471,627043200,-3.33,-1.9664580134640368
2021-06-28,603185,166.04,175.55,166.04,174.93,49921,865055424,8.92,5.373170290946329
2021-06-29,603185,174.91,184.0,172.54,182.56,49921,894323136,7.63,4.361744697879152
2021-06-30,603185,181.0,181.0,173.86,178.95,46222,819459008,-3.61,-1.9774320771253284
2021-07-01,603185,178.98,182.0,174.0,176.1,34660,613194112,-2.85,-1.592623637887678
2021-07-02,603185,173.0,179.0,168.5,172.87,37087,641901824,-3.23,-1.8341851220897216
2021-07-05,603185,173.95,176.88,169.3,171.8,35382,610848896,-1.07,-0.618962225950136
2021-07-06,603185,173.01,174.94,167.2,170.1,36281,618656512,-1.7,-0.989522700814901
2021-07-07,603185,168.3,187.11,167.01,187.11,74193,1348921472,17.01,10.0
2021-07-08,603185,187.18,200.18,187.18,195.88,83568,1631178624,8.77,4.687082464860243
2021-07-09,603185,194.62,201.6,189.8,199.5,53590,1055418368,3.62,1.8480702470900552
2021-07-12,603185,199.0,209.5,197.22,205.15,54871,1121879680,5.65,2.8320802005012533
2021-07-13,603185,202.68,215.69,202.01,213.95,48515,1019126848,8.8,4.289544235924933
2021-07-14,603185,211.0,233.5,209.8,221.6,71344,1578959616,7.65,3.575601776115915
2021-07-15,603185,219.91,243.76,219.0,243.76,65042,1521907584,22.16,10.0
2021-07-16,603185,249.1,261.99,237.86,240.0,102562,2535541504,-3.76,-1.54250082047916
2021-07-19,603185,238.8,244.48,230.01,232.96,67498,1597229568,-7.04,-2.933333333333333
2021-07-20,603185,228.37,234.99,225.0,229.9,48732,1119649408,-3.06,-1.31353021978022
2021-07-21,603185,232.0,242.02,230.0,237.21,68648,1621044864,7.31,3.179643323183993
2021-07-22,603185,237.6,252.5,235.3,250.0,50351,1227770624,12.79,5.391846886724843
2021-07-23,603185,248.49,253.65,242.1,250.3,39070,971158016,0.3,0.12
2021-07-26,603185,248.5,253.6,225.31,235.5,61892,1460166784,-14.8,-5.912904514582501
2021-07-27,603185,236.0,242.99,225.5,226.16,50986,1197509632,-9.34,-3.966029723991507
2021-07-28,603185,221.72,229.98,215.31,226.39,37574,839551360,0.23,0.1016979129819596
2021-07-29,603185,232.54,240.46,224.0,237.1,55262,1287910400,10.71,4.730774327487963
2021-07-30,603185,235.01,235.87,222.0,227.93,53218,1210141184,-9.17,-3.86756642766765
2021-08-02,603185,225.6,246.75,225.6,246.64,53235,1263001088,18.71,8.208660553678762
2021-08-03,603185,245.0,245.0,226.5,228.99,42796,996524800,-17.65,-7.156179046383393
2021-08-04,603185,226.0,251.89,224.01,251.88,70848,1722010112,22.89,9.996069697366696
2021-08-05,603185,251.79,263.0,241.0,257.8,52582,1324953344,5.92,2.350325551850088
2021-08-06,603185,254.07,262.47,247.66,249.51,34136,861032512,-8.29,-3.2156710628394105
2021-08-09,603185,244.97,247.0,224.56,226.02,76740,1749360768,-23.49,-9.414452326560058
2021-08-10,603185,225.89,242.6,224.13,237.6,67517,1580222720,11.58,5.123440403504115
2021-08-11,603185,234.0,261.36,233.64,261.36,84894,2165401600,23.76,10.0
2021-08-12,603185,262.0,278.55,262.0,273.8,58439,1591431040,12.44,4.759718396082032
2021-08-13,603185,272.5,273.95,260.2,264.31,38641,1026533440,-9.49,-3.4660336011687365
2021-08-16,603185,264.2,264.2,251.8,254.8,30207,774807360,-9.51,-3.5980477469637924
2021-08-17,603185,254.81,260.0,242.22,246.05,33187,833896320,-8.75,-3.4340659340659343
2021-08-18,603185,248.5,251.88,236.07,240.0,34273,835511040,-6.05,-2.45884982727088
2021-08-19,603185,241.55,248.9,230.0,247.45,44587,1070550912,7.45,3.1041666666666665
2021-08-20,603185,250.0,250.0,238.0,246.0,37186,909062464,-1.45,-0.5859769650434431
2021-08-23,603185,250.97,270.6,250.97,270.6,65097,1724041088,24.6,10.0
2021-08-24,603185,279.95,295.88,277.0,288.0,75288,2147739392,17.4,6.430155210643015
2021-08-25,603185,289.0,306.69,289.0,306.6,76045,2290990848,18.6,6.458333333333334
2021-08-26,603185,300.68,309.96,300.1,304.0,46678,1426521856,-2.6,-0.8480104370515329
2021-08-27,603185,312.03,332.8,307.0,326.0,97314,3100944640,22.0,7.236842105263158
2021-08-30,603185,325.0,335.6,308.68,326.3,75509,2437757184,0.3,0.0920245398773006
2021-08-31,603185,324.95,332.8,313.98,321.98,42881,1377059328,-4.32,-1.323935029114312
2021-09-01,603185,323.0,343.0,306.12,317.87,64570,2075878656,-4.11,-1.27647679980123
2021-09-02,603185,319.8,349.66,318.56,349.66,57324,1945804800,31.79,10.000943782049266
2021-09-03,603185,352.8,358.12,314.69,314.7,80677,2649352448,-34.96,-9.998284047360292
2021-09-06,603185,306.13,309.74,283.23,292.9,90429,2626359040,-21.8,-6.927232284715602
2021-09-07,603185,290.3,313.4,290.24,310.56,58750,1775072896,17.66,6.029361556845339
2021-09-08,603185,309.0,313.44,294.99,295.85,42213,1266658816,-14.71,-4.736604842864503
2021-09-09,603185,297.0,299.0,275.57,286.39,65889,1876913408,-9.46,-3.1975663342910257
2021-09-10,603185,291.6,295.0,282.01,292.57,44808,1294788480,6.18,2.1578965746010685
2021-09-13,603185,293.1,299.01,284.5,285.8,41807,1203113728,-6.77,-2.313976142461633
2021-09-14,603185,287.12,297.31,283.4,292.36,52209,1525654656,6.56,2.2953114065780267
2021-09-15,603185,291.39,303.19,285.8,298.0,53207,1571944832,5.64,1.9291284717471608
2021-09-16,603185,299.5,299.87,268.2,268.2,67498,1865158912,-29.8,-10.0
2021-09-17,603185,262.0,262.51,249.0,256.0,71822,1833486336,-12.2,-4.548844146159582
2021-09-22,603185,250.0,264.7,249.12,257.18,33339,862954496,1.18,0.4609375
2021-09-23,603185,259.13,270.99,255.04,267.0,44443,1173586944,9.82,3.818337351271482
2021-09-24,603185,267.63,281.63,256.66,276.86,50478,1375248768,9.86,3.6928838951310863
2021-09-27,603185,278.0,281.0,258.58,272.0,44414,1199941888,-4.86,-1.7553998410749116
2021-09-28,603185,270.01,276.0,264.31,267.11,27788,750042560,-4.89,-1.7977941176470589
2021-09-29,603185,263.74,272.99,258.0,263.2,22639,601930112,-3.91,-1.4638164052263112
2021-09-30,603185,266.02,283.88,261.0,279.5,34237,941162240,16.3,6.193009118541033
2021-10-08,603185,284.36,284.36,252.25,256.45,54558,1429867520,-23.05,-8.246869409660107
2021-10-11,603185,262.0,279.6,262.0,273.73,52367,1433071360,17.28,6.738155585884188
2021-10-12,603185,274.02,280.79,268.52,273.7,30035,824546304,-0.03,-0.0109597048186168
2021-10-13,603185,274.0,301.07,269.2,301.07,47008,1372848512,27.37,10.0
2021-10-14,603185,308.5,324.85,306.0,324.85,67730,2142958464,23.78,7.898495366526056
2021-10-15,603185,318.0,327.9,316.51,327.87,41150,1331802880,3.02,0.9296598430044636
2021-10-18,603185,325.0,335.88,322.12,332.04,44029,1452286848,4.17,1.27184554854058
2021-10-19,603185,332.0,341.03,331.0,337.95,36956,1241953152,5.91,1.7799060354174197
2021-10-20,603185,336.0,339.0,327.46,329.39,54815,1825429120,-8.56,-2.532919070868472
2021-10-21,603185,309.0,309.72,296.45,296.45,32697,980014336,-32.94,-10.000303591487295
2021-10-22,603185,295.0,296.45,277.25,281.92,103333,2926116864,-14.53,-4.901332433799966
2021-10-25,603185,281.92,292.8,277.28,287.0,72067,2060190720,5.08,1.8019296254256527
2021-10-26,603185,290.0,297.5,284.52,294.94,78179,2282186496,7.94,2.7665505226480835
2021-10-27,603185,291.51,308.1,290.7,303.8,62313,1876225152,8.86,3.0040008137248253
2021-10-28,603185,303.0,304.81,286.87,290.5,54941,1613772032,-13.3,-4.377880184331797
2021-10-29,603185,288.0,300.6,282.97,299.05,56725,1660501376,8.55,2.943201376936317
2021-11-01,603185,303.5,306.99,279.49,280.19,82974,2397379584,-18.86,-6.306637686005685
2021-11-02,603185,277.01,277.01,252.17,252.28,110798,2840897024,-27.91,-9.961097826474893
2021-11-03,603185,251.0,253.98,239.0,244.0,77123,1896450944,-8.28,-3.282067543998732
2021-11-04,603185,247.9,253.0,244.01,248.26,54731,1360900352,4.26,1.7459016393442623
2021-11-05,603185,245.0,248.3,241.0,241.2,33763,823795008,-7.06,-2.8437927978731974
2021-11-08,603185,238.01,243.0,236.45,242.57,39867,955966080,1.37,0.5679933665008292
2021-11-09,603185,245.0,247.58,242.22,243.66,33335,815473024,1.09,0.4493548254112214
2021-11-10,603185,245.0,245.0,234.18,238.95,33246,792575168,-4.71,-1.933021423294755
2021-11-11,603185,238.13,241.32,227.39,238.0,56620,1325701504,-0.95,-0.3975727139568947
2021-11-12,603185,243.0,251.9,242.2,246.15,56613,1403122176,8.15,3.42436974789916
2021-11-15,603185,242.0,242.78,228.0,228.58,48497,1129623680,-17.57,-7.13792403006297
2021-11-16,603185,228.45,230.0,223.0,223.37,32258,728844352,-5.21,-2.279289526642751
2021-11-17,603185,225.0,231.09,223.09,231.0,42610,969488448,7.63,3.4158570980883733
2021-11-18,603185,230.0,231.5,224.08,228.46,34563,787131200,-2.54,-1.0995670995670996
2021-11-19,603185,235.0,241.99,230.5,236.81,68591,1615044352,8.35,3.654906767048936
2021-11-22,603185,234.28,243.9,233.05,239.77,56027,1333776512,2.96,1.2499472150669313
2021-11-23,603185,236.0,237.35,228.68,230.1,51272,1192037504,-9.67,-4.033031655336364
2021-11-24,603185,231.0,231.0,224.0,227.2,40381,916939008,-2.9,-1.2603215993046502
2021-11-25,603185,226.31,227.87,222.25,223.78,33355,747421760,-3.42,-1.5052816901408452
2021-11-26,603185,222.25,229.88,222.25,225.5,33676,757722816,1.72,0.7686120296719993
2021-11-29,603185,222.45,226.57,217.4,219.42,70215,1548484480,-6.08,-2.696230598669623
2021-11-30,603185,222.41,227.16,219.4,221.85,51737,1151570432,2.43,1.10746513535685
2021-12-01,603185,217.0,217.0,202.28,211.17,91845,1922097664,-10.68,-4.814063556457065
2021-12-02,603185,207.07,211.49,206.18,206.52,37019,770832256,-4.65,-2.2020173320073875
2021-12-03,603185,204.9,206.49,198.0,199.8,86969,1742865024,-6.72,-3.2539221382916907
2021-12-06,603185,200.8,204.88,197.0,198.2,48299,970923776,-1.6,-0.8008008008008007
2021-12-07,603185,199.0,200.58,193.0,199.0,55247,1084857216,0.8,0.4036326942482341
2021-12-08,603185,199.92,200.88,192.6,193.81,59065,1150298368,-5.19,-2.608040201005025
2021-12-09,603185,193.0,198.74,192.0,196.94,63853,1250723456,3.13,1.6149837469686807
2021-12-10,603185,196.4,204.81,195.11,201.45,81361,1636431872,4.51,2.290037574895907
2021-12-13,603185,202.05,202.88,197.65,198.95,48391,963911680,-2.5,-1.2410027302060065
2021-12-14,603185,198.95,199.79,195.2,196.01,35616,699056192,-2.94,-1.477758230711234
2021-12-15,603185,196.05,201.5,193.08,193.26,39547,776260608,-2.75,-1.4029896433855416
2021-12-16,603185,193.5,195.69,191.79,195.55,32392,627303040,2.29,1.184932215668012
2021-12-17,603185,192.61,193.03,179.5,180.9,89120,1649198464,-14.65,-7.491690104832524
2021-12-20,603185,179.06,182.0,169.88,174.5,55127,974491392,-6.4,-3.5378662244333885
2021-12-21,603185,175.56,175.57,169.49,170.91,46004,789465600,-3.59,-2.05730659025788
2021-12-22,603185,171.69,172.6,167.83,168.25,36936,624573184,-2.66,-1.5563747001345738
2021-12-23,603185,167.22,167.44,160.0,163.51,76029,1246132608,-4.74,-2.817236255572065
2021-12-24,603185,162.77,163.5,155.0,155.43,52212,827061504,-8.08,-4.941593786312764
2021-12-27,603185,155.5,162.96,152.55,159.88,60649,969510848,4.45,2.8630251560187867
2021-12-28,603185,160.64,165.85,158.37,164.6,79693,1299612160,4.72,2.952214160620465
2021-12-29,603185,164.08,166.48,162.2,164.99,44569,732511808,0.39,0.2369380315917375
2021-12-30,603185,164.99,166.5,162.68,163.82,37702,618642944,-1.17,-0.7091338869022366
2021-12-31,603185,164.52,171.56,164.48,166.98,72306,1214983552,3.16,1.928946404590404
2022-01-04,603185,167.0,167.5,161.14,164.2,48234,790529536,-2.78,-1.6648700443166846
2022-01-05,603185,165.08,166.59,159.42,161.72,40208,650070144,-2.48,-1.510353227771011
2022-01-06,603185,160.5,161.46,157.01,159.3,35790,571453120,-2.42,-1.4964135542913677
2022-01-07,603185,160.4,161.4,153.6,154.0,48381,754150016,-5.3,-3.327055869428751
2022-01-10,603185,151.74,155.98,150.12,151.28,37258,566423488,-2.72,-1.7662337662337664
2022-01-11,603185,151.28,152.16,146.53,146.8,41907,622338624,-4.48,-2.9613960867266
2022-01-12,603185,148.82,152.31,147.21,151.12,46771,700723072,4.32,2.942779291553133
2022-01-13,603185,150.12,151.13,144.21,144.6,63602,934608768,-6.52,-4.314452091053467
2022-01-14,603185,144.17,149.88,143.74,146.0,45879,673213568,1.4,0.9681881051175656
2022-01-17,603185,149.0,149.49,143.99,147.54,47153,694734464,1.54,1.0547945205479452
2022-01-18,603185,146.78,148.33,143.32,144.64,43249,629431232,-2.9,-1.9655686593466173
2022-01-19,603185,144.27,144.84,137.32,139.5,54234,761473664,-5.14,-3.5536504424778763
2022-01-20,603185,139.4,139.4,133.41,134.1,48415,657030464,-5.4,-3.870967741935484
2022-01-21,603185,134.09,137.5,131.77,131.95,35399,473295712,-2.15,-1.603281133482476
2022-01-24,603185,131.0,137.43,131.0,135.64,53007,713704576,3.69,2.79651383099659
2022-01-25,603185,134.5,136.38,130.76,131.03,37465,500916000,-4.61,-3.398702447655559
2022-01-26,603185,132.69,136.67,131.25,133.68,50381,673757888,2.65,2.0224376097077004
2022-01-27,603185,133.65,138.08,129.0,129.71,79100,1052682688,-3.97,-2.969778575703172
2022-01-28,603185,131.5,133.36,125.0,126.0,65858,846999360,-3.71,-2.860226659471128
2022-02-07,603185,128.85,129.64,126.61,127.76,44165,565440512,1.76,1.3968253968253967
2022-02-08,603185,127.39,127.76,122.22,126.01,40380,502618592,-1.75,-1.3697557921102066
2022-02-09,603185,125.01,128.1,122.88,127.91,40398,508142816,1.9,1.5078168399333387
2022-02-10,603185,127.5,128.28,123.23,124.38,41226,514678048,-3.53,-2.7597529512938785
2022-02-11,603185,123.99,123.99,119.05,119.6,47132,571438592,-4.78,-3.843061585463901
2022-02-14,603185,118.98,125.28,118.11,121.93,61586,755918784,2.33,1.9481605351170568
2022-02-15,603185,123.78,125.78,119.62,125.65,60479,749905024,3.72,3.050930861969982
2022-02-16,603185,125.91,128.9,124.38,127.4,75719,961161792,1.75,1.392757660167131
2022-02-17,603185,126.75,134.18,126.05,132.46,122385,1606684800,5.06,3.971742543171114
2022-02-18,603185,131.4,131.44,126.8,128.0,94251,1206384768,-4.46,-3.367054205043032
2022-02-21,603185,127.16,129.45,126.2,128.5,51033,653234496,0.5,0.390625
2022-02-22,603185,127.0,131.31,125.58,129.14,70640,908032896,0.64,0.4980544747081712
2022-02-23,603185,130.3,142.05,130.1,142.05,123722,1708572032,12.91,9.996902586340406
2022-02-24,603185,143.5,150.68,142.0,147.2,230567,3358327296,5.15,3.625483984512496
2022-02-25,603185,153.5,159.1,148.18,158.81,179727,2776822528,11.61,7.887228260869565
2022-02-28,603185,156.99,158.73,151.77,158.1,127009,1976497024,-0.71,-0.4470751212140293
2022-03-01,603185,157.56,169.5,156.13,165.36,144370,2349827584,7.26,4.592030360531309
2022-03-02,603185,162.0,165.33,158.0,164.83,91577,1479547904,-0.53,-0.3205128205128205
2022-03-03,603185,163.98,164.0,153.65,154.68,102691,1627979904,-10.15,-6.157859612934539
2022-03-04,603185,152.32,158.17,150.5,156.17,73169,1134156416,1.49,0.9632790276700284
2022-03-07,603185,153.08,156.38,150.32,150.63,67974,1041168960,-5.54,-3.547416277133893
2022-03-08,603185,150.8,159.68,148.18,154.99,101101,1554681344,4.36,2.89450972581823
2022-03-09,603185,159.0,161.1,148.89,161.1,114010,1785075200,6.11,3.942189818697981
2022-03-10,603185,166.44,175.28,162.2,173.85,139926,2373252864,12.75,7.914338919925512
2022-03-11,603185,169.24,179.77,168.03,175.25,135347,2362592256,1.4,0.805291918320391
2022-03-14,603185,173.98,173.98,162.01,163.4,90806,1532460800,-11.85,-6.761768901569187
2022-03-15,603185,160.3,167.49,158.36,158.46,90802,1480579456,-4.94,-3.0232558139534884
2022-03-16,603185,162.77,167.06,153.0,167.06,116606,1872563584,8.6,5.427237157642307
2022-03-17,603185,169.77,169.77,162.02,162.27,105767,1744159488,-4.79,-2.8672333293427514
2022-03-18,603185,162.27,166.08,160.27,162.28,58543,958264448,0.01,0.0061625685585752
2022-03-21,603185,163.0,165.3,159.01,160.31,61031,984702016,-1.97,-1.213951195464629
2022-03-22,603185,158.0,158.0,149.8,150.99,87836,1341443072,-9.32,-5.813735886719481
2022-03-23,603185,152.12,153.86,149.21,151.02,60793,920246784,0.03,0.0198688654877806
2022-03-24,603185,149.01,149.2,141.24,143.48,89231,1286536448,-7.54,-4.99271619653026
2022-03-25,603185,142.99,144.0,135.4,135.82,73856,1026695296,-7.66,-5.338723166991915
2022-03-28,603185,134.82,141.52,133.82,140.16,70189,977130112,4.34,3.1954056839935205
2022-03-29,603185,141.16,141.9,136.57,136.98,46527,646601600,-3.18,-2.268835616438356
2022-03-30,603185,139.6,143.66,137.0,143.66,69982,986398528,6.68,4.876624324718938
2022-03-31,603185,142.2,143.48,136.6,137.1,61480,856260992,-6.56,-4.566337185020187
2022-04-01,603185,134.36,139.65,134.0,137.0,37567,516970528,-0.1,-0.0729394602479941
2022-04-06,603185,135.55,135.99,131.23,132.95,48976,650328128,-4.05,-2.956204379562044
2022-04-07,603185,131.88,138.88,131.6,134.89,49708,672212416,1.94,1.4591951861602106
2022-04-08,603185,134.44,139.65,133.0,136.65,53732,734014528,1.76,1.304766847060568
2022-04-11,603185,134.12,134.53,125.43,125.6,60041,770549888,-11.05,-8.086351994145627
2022-04-12,603185,125.6,128.9,124.63,128.18,36002,456707776,2.58,2.054140127388535
2022-04-13,603185,127.0,135.0,125.11,130.99,59779,785123776,2.81,2.192229677016696
2022-04-14,603185,132.53,135.6,130.5,133.1,48256,642623040,2.11,1.610809985495076
2022-04-15,603185,131.5,134.57,129.11,132.6,41072,540477824,-0.5,-0.3756574004507889
2022-04-18,603185,130.99,139.56,130.0,139.54,70242,961156352,6.94,5.233785822021116
2022-04-19,603185,139.0,141.98,136.66,137.0,52599,732809344,-2.54,-1.820266590225025
2022-04-20,603185,136.0,138.68,135.03,135.43,35097,478456128,-1.57,-1.145985401459854
2022-04-21,603185,125.0,125.0,121.89,121.89,20814,254828576,-13.54,-9.997784833493316
2022-04-22,603185,110.03,115.91,109.7,109.7,93084,1041296704,-12.19,-10.000820411846748
2022-04-25,603185,103.8,110.7,102.01,102.01,68923,731508992,-7.69,-7.010027347310848
2022-04-26,603185,103.22,112.0,103.22,107.0,75126,809326784,4.99,4.891677286540536
2022-04-27,603185,105.25,117.7,105.08,117.7,94537,1059731008,10.7,10.0
2022-04-28,603185,122.23,125.67,119.85,122.01,91707,1125945344,4.31,3.661852166525064
2022-04-29,603185,122.2,124.16,118.16,122.59,89430,1084783360,0.58,0.4753708712400623
2022-05-05,603185,122.0,124.42,117.8,118.7,72994,876014976,-3.89,-3.1731788889795256
2022-05-06,603185,115.48,116.97,113.87,114.99,39193,451343904,-3.71,-3.1255265374894687
2022-05-09,603185,114.11,119.6,113.91,117.68,34203,401578592,2.69,2.3393338551178364
2022-05-10,603185,114.46,125.4,114.02,122.3,58749,715744960,4.62,3.925900747790618
2022-05-11,603185,122.99,130.31,121.22,126.8,79089,1000648000,4.5,3.679476696647588
2022-05-12,603185,125.0,126.97,123.5,124.72,42562,532034816,-2.08,-1.6403785488958993
2022-05-13,603185,125.8,126.8,123.4,126.29,37383,469010752,1.57,1.2588197562540089
2022-05-16,603185,127.3,128.2,123.9,124.12,31594,395702688,-2.17,-1.7182674796104205
2022-05-17,603185,124.08,128.38,123.22,128.26,41570,525990240,4.14,3.335481791814373
2022-05-18,603185,128.54,131.41,126.6,128.7,45826,590426880,0.44,0.3430531732418524
2022-05-19,603185,126.02,141.57,125.55,141.57,104836,1434207744,12.87,10.0
2022-05-20,603185,145.45,146.5,141.54,144.87,123317,1775867776,3.3,2.331002331002331
2022-05-23,603185,143.99,144.77,138.79,140.39,70531,992140800,-4.48,-3.0924276937944364
2022-05-24,603185,140.41,143.0,134.5,134.8,69797,972766464,-5.59,-3.9817650829831184
2022-05-25,603185,134.21,136.5,129.2,134.11,65571,869449984,-0.69,-0.5118694362017804
2022-05-26,603185,135.0,139.32,132.6,136.01,61731,839907904,1.9,1.416747446126314
2022-05-27,603185,138.5,139.73,132.78,135.0,47560,647950528,-1.01,-0.7425924564370268
2022-05-30,603185,136.25,140.6,134.25,140.31,63983,884763776,5.31,3.933333333333333
2022-05-31,603185,142.02,152.58,140.18,149.72,93257,1359908608,9.41,6.706578290927233
2022-06-01,603185,151.53,160.1,150.22,159.0,107227,1676242560,9.28,6.198236708522575
2022-06-02,603185,113.0,123.35,110.79,116.65,114886,1358149632,-42.35,-26.63522012578616
2022-06-06,603185,115.02,128.0,112.53,123.1,156312,1893318912,6.45,5.529361337333905
2022-06-07,603185,124.23,128.28,122.6,122.61,130521,1631600640,-0.49,-0.3980503655564582
2022-06-08,603185,123.29,126.17,120.14,123.54,94501,1161185280,0.93,0.7585025691216051
2022-06-09,603185,121.8,127.2,121.5,125.91,93461,1170243840,2.37,1.918406993686256
2022-06-10,603185,123.3,134.55,122.0,132.6,148644,1913199744,6.69,5.313319037407672
2022-06-13,603185,130.01,134.77,130.0,132.29,104335,1378779904,-0.31,-0.2337858220211161
2022-06-14,603185,129.66,129.66,120.06,124.36,153432,1898286592,-7.93,-5.99440622873989
2022-06-15,603185,124.93,125.74,118.18,121.6,132990,1618156032,-2.76,-2.219363139273078
2022-06-16,603185,121.13,130.5,121.13,127.11,122458,1561874048,5.51,4.53125
2022-06-17,603185,125.28,134.5,124.5,133.18,128594,1677160832,6.07,4.77539139328141
2022-06-20,603185,133.3,137.98,132.66,132.78,117841,1591346048,-0.4,-0.3003453972067878
2022-06-21,603185,132.0,133.86,127.71,129.59,86968,1131231744,-3.19,-2.402470251543907
2022-06-22,603185,130.2,134.58,128.62,130.04,78115,1029171584,0.45,0.3472490161277876
2022-06-23,603185,133.8,133.99,127.8,132.99,91695,1204348672,2.95,2.2685327591510305
2022-06-24,603185,132.56,137.99,131.5,136.5,99698,1354056704,3.51,2.6392961876832843
2022-06-27,603185,137.95,140.0,133.6,134.0,108296,1478969984,-2.5,-1.831501831501832
2022-06-28,603185,134.79,138.08,128.58,136.8,127150,1701543936,2.8,2.0895522388059704
2022-06-29,603185,136.47,149.74,136.1,141.81,217831,3164962048,5.01,3.662280701754386
2022-06-30,603185,142.0,155.99,141.98,155.99,181976,2757048064,14.18,9.999294831112053
2022-07-01,603185,160.1,168.88,157.7,163.5,259453,4248627200,7.51,4.814411180203859
2022-07-04,603185,160.0,162.24,155.33,162.01,173289,2753124864,-1.49,-0.91131498470948
2022-07-05,603185,162.1,178.21,159.0,178.21,204062,3466288384,16.2,9.99938275415098
2022-07-06,603185,176.59,179.5,170.0,171.65,143099,2497025280,-6.56,-3.6810504461029128
2022-07-07,603185,171.0,174.99,166.1,174.99,129430,2201158656,3.34,1.945819982522575
2022-07-08,603185,174.99,175.0,165.58,167.0,120839,2044793728,-7.99,-4.565975198582776
2022-07-11,603185,164.28,168.5,155.22,159.52,148254,2378861056,-7.48,-4.479041916167665
2022-07-12,603185,159.0,168.77,159.0,163.14,149279,2458295040,3.62,2.269307923771314
2022-07-13,603185,165.0,167.18,158.99,162.3,90097,1467891968,-0.84,-0.5148951820522251
2022-07-14,603185,162.0,170.0,160.67,169.35,128610,2146131968,7.05,4.343807763401109
2022-07-15,603185,170.0,177.0,165.94,166.68,148081,2515438848,-2.67,-1.5766164747564215
2022-07-18,603185,165.11,166.68,158.43,163.39,93307,1512311936,-3.29,-1.9738420926325893
2022-07-19,603185,162.0,162.36,156.76,157.94,86827,1374323840,-5.45,-3.335577452720485
2022-07-20,603185,157.5,165.0,157.42,164.95,99404,1606318720,7.01,4.438394326959605
2022-07-21,603185,163.0,165.21,160.1,163.0,68246,1112301824,-1.95,-1.1821764170960898
2022-07-22,603185,164.7,171.59,163.0,168.78,107428,1802217728,5.78,3.5460122699386503
2022-07-25,603185,168.78,169.9,157.86,159.0,88939,1438807168,-9.78,-5.794525417703519
2022-07-26,603185,157.39,165.8,155.25,163.76,83871,1357641088,4.76,2.993710691823899
2022-07-27,603185,163.01,168.99,161.4,167.3,101456,1677190528,3.54,2.161700048851978
2022-07-28,603185,167.7,167.99,160.51,161.95,75136,1223289600,-5.35,-3.1978481769276748
2022-07-29,603185,161.47,165.39,159.12,163.46,60921,994214336,1.51,0.932386539055264
2022-08-01,603185,163.0,175.01,159.25,171.1,108770,1847169408,7.64,4.673926342836167
2022-08-02,603185,167.9,171.1,160.56,161.38,92681,1534912000,-9.72,-5.680888369374635
2022-08-03,603185,163.99,165.93,155.3,157.0,91358,1473736704,-4.38,-2.7140909654232246
2022-08-04,603185,158.57,159.68,149.44,151.8,94834,1454068736,-5.2,-3.3121019108280256
2022-08-05,603185,152.49,156.3,150.62,154.05,68266,1047444736,2.25,1.4822134387351775
2022-08-08,603185,152.1,155.77,147.51,154.65,59310,903966080,0.6,0.3894839337877313
2022-08-09,603185,153.65,168.91,152.47,164.29,111968,1823273344,9.64,6.233430326543809
2022-08-10,603185,163.38,167.58,162.41,165.99,59168,975666944,1.7,1.0347556150709112
2022-08-11,603185,166.31,166.83,158.3,162.3,66340,1073511168,-3.69,-2.22302548346286
2022-08-12,603185,162.5,164.5,158.49,158.49,44281,710775552,-3.81,-2.3475046210720887
2022-08-15,603185,158.3,172.31,158.0,172.0,142095,2398146304,13.51,8.524197110227774
2022-08-16,603185,178.0,186.86,175.83,182.03,169629,3075772672,10.03,5.8313953488372094
2022-08-17,603185,185.0,189.78,177.0,178.65,129233,2362504704,-3.38,-1.8568367851453056
2022-08-18,603185,177.99,181.55,177.23,179.14,72763,1304478080,0.49,0.2742793171004758
2022-08-19,603185,181.49,181.49,169.3,169.31,86693,1499753984,-9.83,-5.487328346544602
2022-08-22,603185,166.81,169.31,161.49,164.8,86917,1425830656,-4.51,-2.6637528793337664
2022-08-23,603185,165.12,168.52,161.7,162.99,77612,1278560384,-1.81,-1.0983009708737863
2022-08-24,603185,163.07,163.88,157.31,158.6,60271,963099840,-4.39,-2.693416774035217
2022-08-25,603185,159.18,160.29,150.99,152.33,64422,988560576,-6.27,-3.9533417402269855
2022-08-26,603185,152.0,155.54,150.59,151.18,48219,737019392,-1.15,-0.7549399330401103
2022-08-29,603185,150.23,153.12,146.2,151.99,63678,959024512,0.81,0.5357851567667681
2022-08-30,603185,151.97,153.99,148.03,149.85,57548,869724480,-2.14,-1.407987367589973
2022-08-31,603185,149.0,150.5,134.87,134.87,139591,1941942016,-14.98,-9.996663329996665
2022-09-01,603185,134.87,141.31,134.62,139.32,89075,1239479808,4.45,3.299473567138726
2022-09-02,603185,140.0,141.0,135.12,136.57,60738,831706688,-2.75,-1.9738730979041057
2022-09-05,603185,135.0,143.0,134.8,139.48,60431,844448448,2.91,2.130775426521198
2022-09-06,603185,141.4,150.0,137.3,149.89,99697,1440107392,10.41,7.4634356180097505
2022-09-07,603185,148.98,154.0,148.0,149.29,80449,1214073600,-0.6,-0.4002935486023083
2022-09-08,603185,148.88,151.9,148.28,149.54,44909,674388160,0.25,0.1674593073883046
2022-09-09,603185,148.8,150.0,145.01,148.05,54637,802702080,-1.49,-0.9963889260398556
2022-09-13,603185,148.25,150.9,144.16,149.36,51639,763850240,1.31,0.8848362039851402
2022-09-14,603185,147.0,150.25,146.01,147.66,33178,490013952,-1.7,-1.1381896089983932
2022-09-15,603185,147.76,148.47,133.87,136.4,88585,1224429952,-11.26,-7.625626439116891
2022-09-16,603185,135.86,139.78,134.0,134.89,51209,701033216,-1.51,-1.107038123167155
2022-09-19,603185,134.88,137.5,131.78,133.2,44268,591915840,-1.69,-1.2528727110979316
2022-09-20,603185,134.3,140.06,133.46,138.8,64568,892011776,5.6,4.2042042042042045
2022-09-21,603185,141.22,146.98,140.03,141.98,87455,1253013248,3.18,2.2910662824207493
2022-09-22,603185,140.68,151.0,138.6,146.05,74947,1094949248,4.07,2.8666009297084094
2022-09-23,603185,144.51,147.31,142.09,143.41,50324,725845760,-2.64,-1.8076001369394044
2022-09-26,603185,141.88,149.99,141.75,144.84,61379,897663808,1.43,0.9971410640820028
2022-09-27,603185,144.82,146.5,142.13,145.2,42315,610488256,0.36,0.2485501242750621
2022-09-28,603185,145.88,146.3,139.47,141.71,43652,618464576,-3.49,-2.4035812672176307
2022-09-29,603185,140.0,142.44,134.05,140.0,66403,924701248,-1.71,-1.2066897184390657
2022-09-30,603185,138.68,139.86,133.5,134.9,59727,809714496,-5.1,-3.642857142857143
2022-10-10,603185,137.65,148.2,137.51,140.33,133385,1903603712,5.43,4.025203854707191
2022-10-11,603185,141.95,147.5,138.75,139.19,111272,1595234560,-1.14,-0.8123708401624743
2022-10-12,603185,138.6,141.77,130.5,141.58,101246,1377367552,2.39,1.7170773762482938
2022-10-13,603185,140.99,147.8,138.68,139.5,107546,1538311936,-2.08,-1.4691340584828363
2022-10-14,603185,142.99,151.89,135.49,148.0,156959,2270171392,8.5,6.093189964157706
2022-10-17,603185,144.9,144.95,138.48,141.1,136653,1921040640,-6.9,-4.662162162162162
2022-10-18,603185,143.06,143.5,140.01,141.19,75030,1063343680,0.09,0.0637845499645641
2022-10-19,603185,140.5,142.24,137.7,138.64,60529,845346752,-2.55,-1.806076917628728
2022-10-20,603185,136.98,138.15,133.73,134.86,69683,942055680,-3.78,-2.726485862665897
2022-10-21,603185,135.01,137.8,133.78,134.19,55165,748720896,-0.67,-0.4968115082307577
2022-10-24,603185,133.1,135.88,131.5,133.84,58949,788753280,-0.35,-0.2608242044861763
2022-10-25,603185,132.6,137.66,131.5,135.88,70101,944577856,2.04,1.524208009563658
2022-10-26,603185,135.98,137.9,134.01,135.65,68485,931173568,-0.23,-0.1692670002943774
2022-10-27,603185,135.83,140.64,135.82,135.92,78657,1086165248,0.27,0.1990416513085145
2022-10-28,603185,134.0,134.21,124.1,124.48,110030,1407138048,-11.44,-8.416715715126545
2022-10-31,603185,122.36,125.2,120.18,122.48,79401,969956032,-2.0,-1.6066838046272494
2022-11-01,603185,121.95,125.5,121.06,124.4,84379,1038850112,1.92,1.5676028739386023
2022-11-02,603185,123.8,129.96,123.1,128.28,91069,1159145728,3.88,3.1189710610932475
2022-11-03,603185,126.69,131.59,126.35,127.4,78277,1005860672,-0.88,-0.6859993763642034
2022-11-04,603185,127.0,140.14,127.0,140.14,182653,2498250496,12.74,10.0
2022-11-07,603185,144.0,148.67,141.0,145.95,198517,2896468736,5.81,4.145854145854146
2022-11-08,603185,146.09,146.98,141.25,142.5,88703,1272195328,-3.45,-2.36382322713258
2022-11-09,603185,142.5,142.86,139.5,140.01,64854,914043712,-2.49,-1.7473684210526317
2022-11-10,603185,138.99,139.9,130.5,131.83,115284,1544143488,-8.18,-5.842439825726734
2022-11-11,603185,136.5,136.98,131.99,133.47,77068,1034619136,1.64,1.2440263976333157
2022-11-14,603185,133.0,133.6,127.68,128.2,79758,1033119808,-5.27,-3.948452835843261
2022-11-15,603185,128.53,134.94,128.17,134.49,87949,1158362112,6.29,4.906396255850233
2022-11-16,603185,134.5,134.7,129.41,129.56,69818,915745600,-4.93,-3.66570005204848
2022-11-17,603185,128.55,130.73,124.21,126.26,82528,1042836480,-3.3,-2.5470824328496446
2022-11-18,603185,126.97,128.47,124.18,125.28,62756,795025600,-0.98,-0.7761761444638049
2022-11-21,603185,122.99,126.35,122.98,124.5,47278,587954688,-0.78,-0.6226053639846743
2022-11-22,603185,124.11,125.11,120.5,121.05,70084,853204608,-3.45,-2.7710843373493974
2022-11-23,603185,120.59,125.5,120.37,124.69,72369,890178560,3.64,3.0070218917802563
2022-11-24,603185,124.71,125.36,122.6,122.98,48606,601086976,-1.71,-1.3714010746651697
2022-11-25,603185,122.03,122.05,118.5,119.0,58878,705462080,-3.98,-3.2362985851357946
2022-11-28,603185,115.68,117.41,113.99,115.32,62745,722736256,-3.68,-3.092436974789916
2022-11-29,603185,115.34,116.34,113.11,116.05,66484,762562240,0.73,0.6330211585154354
2022-11-30,603185,116.38,117.23,114.75,116.4,46880,542923456,0.35,0.3015941404566997
2022-12-01,603185,118.0,119.51,117.01,117.2,67363,796501568,0.8,0.6872852233676976
2022-12-02,603185,117.2,120.69,116.13,118.74,65321,779694144,1.54,1.3139931740614337
2022-12-05,603185,114.0,115.97,108.88,115.39,113258,1281241216,-3.35,-2.8212902139127505
2022-12-06,603185,114.3,117.45,113.18,116.0,61457,708540352,0.61,0.5286419967068203
2022-12-07,603185,116.0,118.92,115.36,117.39,53935,633166912,1.39,1.1982758620689655
2022-12-08,603185,116.72,118.91,115.61,116.32,45835,537171840,-1.07,-0.9114916091660276
2022-12-09,603185,116.32,116.9,114.6,114.95,42242,487566624,-1.37,-1.1777854195323243
2022-12-12,603185,114.28,116.37,112.66,115.58,43413,498944320,0.63,0.548064375815572
2022-12-13,603185,115.6,116.0,112.47,112.9,39721,451164736,-2.68,-2.31874026648209
2022-12-14,603185,112.1,113.7,111.61,112.05,28018,315383712,-0.85,-0.7528786536758193
2022-12-15,603185,111.58,115.21,111.2,114.72,42520,482124480,2.67,2.3828647925033466
2022-12-16,603185,113.63,114.83,110.41,111.85,41912,469988032,-2.87,-2.5017433751743376
2022-12-19,603185,111.0,113.27,109.41,109.83,31617,351555328,-2.02,-1.8059901654000887
2022-12-20,603185,109.2,110.6,108.11,110.1,24187,264962336,0.27,0.2458344714558863
2022-12-21,603185,110.35,110.7,106.33,107.85,31307,338616640,-2.25,-2.043596730245232
2022-12-22,603185,107.5,108.38,102.95,103.11,63480,665297856,-4.74,-4.394993045897079
2022-12-23,603185,102.0,104.43,101.6,103.0,42433,437238368,-0.11,-0.1066821840752594
2022-12-26,603185,102.92,107.77,101.62,107.08,57653,605975872,4.08,3.961165048543689
2022-12-27,603185,107.09,110.22,106.5,108.78,50938,552097280,1.7,1.5875980575270825
2022-12-28,603185,107.58,108.8,106.2,107.8,41303,443773728,-0.98,-0.9009009009009008
2022-12-29,603185,107.52,109.8,105.9,105.93,34753,370963168,-1.87,-1.7346938775510203
2022-12-30,603185,106.75,106.93,105.16,105.85,33985,359808288,-0.08,-0.0755215708486736
2023-01-03,603185,107.32,107.32,103.51,106.0,52452,551559040,0.15,0.141709966934341
2023-01-04,603185,106.28,106.8,103.23,104.3,47405,495500320,-1.7,-1.6037735849056605
2023-01-05,603185,104.35,107.5,103.74,106.22,53494,566531008,1.92,1.8408437200383507
2023-01-06,603185,106.3,113.25,105.8,110.7,109324,1214184960,4.48,4.217661457352665
2023-01-09,603185,110.6,111.09,107.86,110.55,66625,732586112,-0.15,-0.1355013550135501
2023-01-10,603185,114.0,116.65,110.66,111.16,86813,978157888,0.61,0.5517865219357757
2023-01-11,603185,110.71,111.66,108.75,108.75,51481,564976576,-2.41,-2.168046059733717
2023-01-12,603185,108.84,111.87,108.39,108.5,42068,460927264,-0.25,-0.2298850574712643
2023-01-13,603185,109.0,109.48,106.51,107.95,43133,463802656,-0.55,-0.5069124423963134
2023-01-16,603185,107.99,112.49,107.0,111.21,68672,759726144,3.26,3.0199166280685503
2023-01-17,603185,111.22,111.96,110.01,110.73,38805,430040032,-0.48,-0.4316158618829241
2023-01-18,603185,111.0,113.0,110.5,111.88,41720,466561312,1.15,1.0385622685812337
2023-01-19,603185,111.1,111.52,109.12,111.46,32143,356006048,-0.42,-0.3754022166607079
2023-01-20,603185,111.55,114.48,111.51,113.68,53062,600244672,2.22,1.991745917818052
2023-01-30,603185,115.0,115.95,113.3,113.46,71532,817556096,-0.22,-0.1935256861365235
2023-01-31,603185,112.58,114.77,112.16,114.22,63507,721267136,0.76,0.6698395910453023
2023-02-01,603185,114.22,114.44,112.11,113.63,77515,876245184,-0.59,-0.5165470145333566
2023-02-02,603185,113.6,114.87,112.7,113.34,73098,830586368,-0.29,-0.255214292000352
2023-02-03,603185,112.88,112.88,109.02,110.11,84426,931313920,-3.23,-2.849832362802188
2023-02-06,603185,109.52,109.98,107.73,108.14,51160,555945216,-1.97,-1.789119970938153
2023-02-07,603185,108.17,118.95,108.17,118.95,202217,2323805440,10.81,9.996301091178102
2023-02-08,603185,120.13,120.3,115.41,115.46,125558,1467636608,-3.49,-2.934005884825557
2023-02-09,603185,116.14,117.59,114.5,116.8,81757,951550400,1.34,1.1605750909405854
2023-02-10,603185,116.71,120.99,116.16,118.02,123457,1457315584,1.22,1.0445205479452055
2023-02-13,603185,118.02,118.22,115.3,115.84,96189,1119294464,-2.18,-1.8471445517708864
2023-02-14,603185,116.0,116.75,115.28,116.3,49274,571187008,0.46,0.3970994475138122
2023-02-15,603185,116.31,117.08,113.83,114.28,64096,735256320,-2.02,-1.7368873602751504
2023-02-16,603185,114.18,115.99,111.79,113.32,67107,766257792,-0.96,-0.840042002100105
2023-02-17,603185,112.82,113.56,110.37,110.73,51820,578632064,-2.59,-2.2855630074126365
2023-02-20,603185,110.6,112.64,108.85,112.33,43522,482888832,1.6,1.4449561997651947
2023-02-21,603185,112.02,114.85,111.78,113.7,51998,589161536,1.37,1.2196207602599485
2023-02-22,603185,112.78,114.15,112.12,112.4,34531,390189728,-1.3,-1.1433597185576077
2023-02-23,603185,112.08,114.5,112.08,114.29,60920,692849024,1.89,1.6814946619217082
2023-02-24,603185,114.6,114.78,112.5,113.29,35896,406553216,-1.0,-0.8749671887304226
2023-02-27,603185,112.0,114.3,111.12,111.66,43043,484607232,-1.63,-1.4387854179539237
2023-02-28,603185,111.34,111.8,109.86,111.07,37409,414397536,-0.59,-0.5283897546122156
2023-03-01,603185,111.0,111.8,110.18,111.27,28051,311588800,0.2,0.1800666246511209
2023-03-02,603185,111.6,113.01,110.98,111.39,34965,391193280,0.12,0.1078457805338366
2023-03-03,603185,112.88,114.98,112.88,114.41,70151,800282944,3.02,2.7111949007989944
2023-03-06,603185,115.0,119.9,113.69,117.89,134451,1572513152,3.48,3.041692159776243
2023-03-07,603185,117.3,117.3,114.58,114.65,81978,947798336,-3.24,-2.748324709474934
2023-03-08,603185,113.8,115.9,113.41,114.17,43647,498331072,-0.48,-0.4186655037069342
2023-03-09,603185,114.23,114.8,111.68,112.12,45083,507922368,-2.05,-1.7955680126127704
2023-03-10,603185,111.45,111.56,110.02,111.21,40865,452374880,-0.91,-0.8116303960042811
2023-03-13,603185,110.0,111.99,110.0,110.48,28948,319887392,-0.73,-0.6564157899469472
2023-03-14,603185,110.91,110.98,104.89,105.22,68482,730328832,-5.26,-4.761042722664736
2023-03-15,603185,105.22,107.8,105.22,105.45,34054,361697120,0.23,0.2185896217449154
2023-03-16,603185,105.18,105.18,100.5,100.5,59001,602806912,-4.95,-4.694167852062589
2023-03-17,603185,101.5,101.88,96.3,96.84,93560,916308544,-3.66,-3.6417910447761193
2023-03-20,603185,96.5,97.39,91.42,95.79,89105,838673024,-1.05,-1.084262701363073
2023-03-21,603185,95.0,96.52,93.77,96.52,56403,536304416,0.73,0.7620837248146989
2023-03-22,603185,96.68,99.25,96.68,97.16,56256,550080960,0.64,0.6630750103605471
2023-03-23,603185,96.59,97.43,95.22,96.42,36856,355266784,-0.74,-0.7616303005351998
2023-03-24,603185,96.43,98.5,95.8,98.24,46940,458725184,1.82,1.887575191868907
2023-03-27,603185,97.9,102.45,96.92,102.22,80979,815184896,3.98,4.051302931596091
2023-03-28,603185,101.99,105.37,101.05,102.8,74768,776553728,0.58,0.5674036392095481
2023-03-29,603185,102.8,104.7,101.39,103.0,37477,385582016,0.2,0.1945525291828793
2023-03-30,603185,103.1,103.99,101.64,103.19,35434,364459584,0.19,0.1844660194174757
2023-03-31,603185,103.7,104.17,101.6,102.11,45352,465606272,-1.08,-1.0466130438996029
2023-04-03,603185,101.77,105.2,101.36,104.28,50933,527479040,2.17,2.125159142101656
2023-04-04,603185,104.23,104.3,101.2,102.18,43180,442477088,-2.1,-2.0138089758342925
2023-04-06,603185,102.92,107.23,102.2,106.43,70151,735859648,4.25,4.159326678410648
2023-04-07,603185,107.0,107.2,104.6,105.27,43105,453362112,-1.16,-1.08991825613079
2023-04-10,603185,105.7,106.22,104.7,105.71,35264,372074432,0.44,0.4179728317659352
2023-04-11,603185,106.0,106.2,102.82,103.23,36794,382891872,-2.48,-2.346041055718475
2023-04-12,603185,102.82,104.28,102.02,102.75,31220,321529824,-0.48,-0.4649811101424005
2023-04-13,603185,103.3,103.48,100.87,100.99,34355,349663040,-1.76,-1.712895377128954
2023-04-14,603185,100.99,102.63,100.16,101.4,28335,288158048,0.41,0.4059807901772453
2023-04-17,603185,101.8,103.0,101.08,101.93,27612,281828640,0.53,0.5226824457593688
2023-04-18,603185,102.0,104.39,101.6,102.95,39464,406293568,1.02,1.0006867458059452
2023-04-19,603185,102.95,102.95,99.2,99.68,43995,441437088,-3.27,-3.176299174356484
2023-04-20,603185,99.51,99.51,96.53,96.89,44476,433150144,-2.79,-2.798956661316212
2023-04-21,603185,97.56,98.97,95.79,95.79,32226,313635744,-1.1,-1.1353080813293426
2023-04-24,603185,95.7,95.7,91.71,92.66,50635,472651392,-3.13,-3.267564463931517
2023-04-25,603185,93.05,93.5,86.4,87.86,69562,617007808,-4.8,-5.180228793438377
2023-04-26,603185,88.0,96.41,87.8,95.36,80534,752049344,7.5,8.536307762349193
2023-04-27,603185,93.0,93.0,89.22,89.7,77000,697425408,-5.66,-5.935402684563758
2023-04-28,603185,89.23,90.5,87.83,88.99,44756,397095008,-0.71,-0.7915273132664438
2023-05-04,603185,88.46,90.21,85.66,86.66,57647,502415136,-2.33,-2.6182717159231377
2023-05-05,603185,86.0,86.49,83.31,84.03,42373,357878144,-2.63,-3.0348488345257327
2023-05-08,603185,84.96,85.5,83.36,84.12,29504,248263312,0.09,0.1071046054980364
2023-05-09,603185,84.8,84.8,81.84,81.84,33859,280514784,-2.28,-2.710413694721826
2023-05-10,603185,81.77,82.68,80.66,81.42,45445,370421952,-0.42,-0.5131964809384164
2023-05-11,603185,81.42,83.01,80.87,80.9,40095,327444704,-0.52,-0.6386637189879637
2023-05-12,603185,80.53,80.98,78.3,78.32,45794,363749120,-2.58,-3.189122373300371
2023-05-15,603185,78.32,81.56,78.3,81.0,46628,375195712,2.68,3.4218590398365683
2023-05-16,603185,81.05,82.18,80.52,81.34,30449,247628704,0.34,0.419753086419753
2023-05-17,603185,81.0,81.65,80.33,81.5,23649,191531424,0.16,0.1967051880993361
2023-05-18,603185,81.52,81.65,80.02,80.32,23635,190468736,-1.18,-1.4478527607361962
2023-05-19,603185,80.31,80.85,79.42,80.68,17882,143706720,0.36,0.4482071713147411
2023-05-22,603185,80.6,81.81,80.11,81.17,22243,180548096,0.49,0.6073376301437778
2023-05-23,603185,81.08,82.8,80.7,80.83,33549,273791008,-0.34,-0.4188739682148577
2023-05-24,603185,80.5,82.96,79.81,81.8,48561,396838240,0.97,1.200049486576766
2023-05-25,603185,81.11,82.99,80.2,81.94,41865,342588704,0.14,0.1711491442542787
2023-05-26,603185,81.79,81.8,79.41,80.45,30867,247182368,-1.49,-1.8184037100317307
2023-05-29,603185,80.06,80.44,78.05,78.8,35915,283122368,-1.65,-2.050963331261653
2023-05-30,603185,78.54,79.26,76.98,78.15,40646,316332832,-0.65,-0.8248730964467006
2023-05-31,603185,78.11,78.93,77.2,77.23,28722,223252320,-0.92,-1.1772232885476648
2023-06-01,603185,77.24,78.15,76.13,76.16,31849,245355264,-1.07,-1.3854719668522597
2023-06-02,603185,76.16,77.35,76.1,76.96,33266,255590944,0.8,1.050420168067227
2023-06-05,603185,77.0,77.06,74.14,74.81,42168,317154368,-2.15,-2.793659043659044
2023-06-06,603185,75.58,75.58,73.51,73.6,29781,220365152,-1.21,-1.6174308247560487
2023-06-07,603185,73.65,73.99,72.1,72.26,32867,238993536,-1.34,-1.820652173913044
2023-06-08,603185,72.51,73.71,71.45,71.55,34687,251474144,-0.71,-0.9825629670633822
2023-06-09,603185,71.4,72.46,70.64,72.07,42549,303766080,0.52,0.726764500349406
2023-06-12,603185,72.04,72.74,70.9,72.24,33620,241924384,0.17,0.235881781601221
2023-06-13,603185,72.1,72.7,71.32,71.74,20997,150607248,-0.5,-0.6921373200442967
2023-06-14,603185,71.96,71.96,70.1,70.21,35813,253176096,-1.53,-2.132701421800948
2023-06-15,603185,69.8,73.76,69.16,73.38,68949,498088800,3.17,4.515026349522859
2023-06-16,603185,73.38,74.44,72.97,74.43,50199,369926336,1.05,1.4309076042518398
2023-06-19,603185,74.5,74.5,72.85,73.22,32228,236520704,-1.21,-1.625688566438264
2023-06-20,603185,73.3,73.89,72.78,73.32,28572,209478912,0.1,0.1365747063643813
2023-06-21,603185,73.08,74.7,72.12,72.13,35597,259745168,-1.19,-1.623022367703219
2023-06-26,603185,72.0,73.96,70.5,71.71,32381,233464480,-0.42,-0.5822819908498544
2023-06-27,603185,72.0,74.13,71.02,72.85,40366,292911168,1.14,1.5897364384325756
2023-06-28,603185,72.85,73.44,72.14,73.26,34469,251257632,0.41,0.5628002745367192
2023-06-29,603185,73.26,74.95,72.81,73.12,45075,332502944,-0.14,-0.191100191100191
2023-06-30,603185,73.14,75.39,72.62,74.55,60376,449813856,1.43,1.9556892778993435
2023-07-03,603185,75.01,76.5,74.9,76.24,60388,458285120,1.69,2.266934942991281
2023-07-04,603185,76.48,76.55,75.11,75.2,41685,314910688,-1.04,-1.3641133263378804
2023-07-05,603185,75.38,75.66,74.07,74.26,31228,233091440,-0.94,-1.25
2023-07-06,603185,74.4,74.58,73.24,73.59,39272,289194080,-0.67,-0.9022353891731753
2023-07-07,603185,50.9,50.9,49.47,49.49,47323,236890416,-24.1,-32.74901481179508
2023-07-10,603185,49.4,53.0,49.23,52.02,101199,523916608,2.53,5.112143867447969
2023-07-11,603185,51.55,52.15,50.85,51.77,53059,272805728,-0.25,-0.4805843906189926
2023-07-12,603185,52.2,53.37,50.86,52.59,83486,437089056,0.82,1.5839289163608268
2023-07-13,603185,52.59,53.58,52.08,52.82,63009,332636480,0.23,0.4373455029473284
2023-07-14,603185,52.77,52.99,51.31,51.36,52855,274350112,-1.46,-2.764104505868989
2023-07-17,603185,51.36,51.49,50.67,51.18,27792,142065040,-0.18,-0.3504672897196261
2023-07-18,603185,51.18,51.45,50.0,50.58,35414,179150592,-0.6,-1.172332942555686
2023-07-19,603185,50.61,50.78,49.6,49.95,27263,136321040,-0.63,-1.2455516014234875
2023-07-20,603185,50.03,50.87,49.16,49.28,39167,195631824,-0.67,-1.3413413413413413
2023-07-21,603185,49.16,49.98,48.8,48.9,33429,164509632,-0.38,-0.7711038961038961
2023-07-24,603185,48.7,49.05,47.75,47.98,33693,162341136,-0.92,-1.881390593047035
2023-07-25,603185,48.5,49.72,48.35,49.28,48925,240694608,1.3,2.709462275948312
2023-07-26,603185,49.28,50.08,48.98,49.44,31099,154004624,0.16,0.3246753246753247
2023-07-27,603185,49.45,49.86,48.54,48.6,27386,134448768,-0.84,-1.699029126213592
2023-07-28,603185,48.31,49.5,47.98,49.45,34937,170751520,0.85,1.7489711934156378
2023-07-31,603185,49.47,51.2,49.46,50.73,47375,239479136,1.28,2.588473205257836
2023-08-01,603185,50.69,51.06,49.9,50.23,34128,171687744,-0.5,-0.9856100926473488
2023-08-02,603185,50.23,50.45,49.68,49.86,21405,106965904,-0.37,-0.7366115867011745
2023-08-03,603185,49.67,52.33,49.67,51.47,90759,467492032,1.61,3.229041315683915
2023-08-04,603185,51.47,51.88,51.03,51.41,40700,209398480,-0.06,-0.1165727608315523
2023-08-07,603185,51.29,51.4,50.0,50.46,30314,153150736,-0.95,-1.847889515658432
2023-08-08,603185,50.46,50.87,49.61,49.77,32017,159808816,-0.69,-1.3674197384066586
2023-08-09,603185,49.5,49.88,49.26,49.61,18485,91682216,-0.16,-0.3214788024914607
2023-08-10,603185,49.71,51.08,49.63,49.89,35035,176286656,0.28,0.5644023382382585
2023-08-11,603185,49.79,49.87,48.45,48.45,35231,172838608,-1.44,-2.8863499699338546
2023-08-14,603185,48.19,48.38,46.25,46.8,53118,248833072,-1.65,-3.4055727554179565
2023-08-15,603185,46.8,47.07,45.1,45.49,43984,201006608,-1.31,-2.7991452991452994
2023-08-16,603185,45.3,46.03,44.5,44.51,33484,151289184,-0.98,-2.154319630688063
2023-08-17,603185,44.42,44.98,44.17,44.86,29391,131314848,0.35,0.7863401482812851
2023-08-18,603185,45.02,45.18,43.8,43.82,30592,136134528,-1.04,-2.31832367365136
2023-08-21,603185,43.8,44.0,42.55,42.62,40116,173175408,-1.2,-2.738475581926061
2023-08-22,603185,42.99,43.28,41.25,42.47,51125,215104288,-0.15,-0.351947442515251
2023-08-23,603185,42.28,42.28,40.9,40.92,35457,146830336,-1.55,-3.64963503649635
2023-08-24,603185,40.61,42.54,40.61,41.69,54594,228281920,0.77,1.881720430107527
2023-08-25,603185,41.5,41.78,40.77,40.97,35922,148137568,-0.72,-1.7270328615975057
2023-08-28,603185,43.6,43.92,41.36,41.4,64827,275526528,0.43,1.0495484500854282
2023-08-29,603185,41.3,42.42,41.2,42.3,47143,198307696,0.9,2.1739130434782608
2023-08-30,603185,42.08,42.93,41.89,42.13,57978,245282448,-0.17,-0.4018912529550827
2023-08-31,603185,41.96,42.05,41.26,41.68,42662,177562400,-0.45,-1.068122478044149
2023-09-01,603185,41.68,42.03,41.19,41.28,27541,114162920,-0.4,-0.9596928982725528
2023-09-04,603185,41.5,42.36,41.01,42.19,57152,239496288,0.91,2.2044573643410854
2023-09-05,603185,41.95,43.16,41.95,42.69,62055,264465648,0.5,1.1851149561507466
2023-09-06,603185,42.37,43.36,42.07,43.21,45634,195086768,0.52,1.2180838603888495
2023-09-07,603185,43.21,43.27,41.6,41.68,56084,236462144,-1.53,-3.540847026151354
2023-09-08,603185,41.5,41.75,40.86,41.03,30327,124578216,-0.65,-1.559500959692898
2023-09-11,603185,41.45,42.37,40.93,42.04,47593,199087152,1.01,2.4616134535705583
2023-09-12,603185,42.07,42.89,41.75,42.31,46241,195983760,0.27,0.6422454804947668
2023-09-13,603185,42.31,42.44,41.04,41.57,36021,149814864,-0.74,-1.7489955093358545
2023-09-14,603185,41.61,41.74,40.48,40.8,39188,159992896,-0.77,-1.852297329805148
2023-09-15,603185,40.86,41.45,40.16,40.85,43500,177255600,0.05,0.1225490196078431
2023-09-18,603185,40.69,41.7,40.23,40.76,43480,177936768,-0.09,-0.2203182374541004
2023-09-19,603185,40.71,41.14,40.26,40.36,31282,126832664,-0.4,-0.9813542688910696
2023-09-20,603185,40.42,40.58,39.93,40.01,31319,125661704,-0.35,-0.867195242814668
2023-09-21,603185,39.88,40.21,39.56,39.59,33309,132580864,-0.42,-1.049737565608598
2023-09-22,603185,39.58,40.69,39.43,40.68,52543,211136016,1.09,2.753220510229856
2023-09-25,603185,40.35,41.06,40.08,40.88,43977,178304704,0.2,0.4916420845624385
2023-09-26,603185,40.88,41.28,40.55,40.6,32865,134189488,-0.28,-0.684931506849315
2023-09-27,603185,40.56,42.58,40.56,42.17,80010,335446784,1.57,3.8669950738916254
2023-09-28,603185,42.16,42.5,41.75,41.88,35481,149116480,-0.29,-0.6876926725160066
2023-10-09,603185,41.86,41.98,41.25,41.56,35924,149324848,-0.32,-0.7640878701050621
2023-10-10,603185,41.65,41.91,40.9,40.98,38716,159608912,-0.58,-1.395572666025024
2023-10-11,603185,41.28,41.86,40.78,40.96,41512,171433344,-0.02,-0.0488042947779404
2023-10-12,603185,40.59,41.41,40.42,41.28,47739,195805552,0.32,0.78125
2023-10-13,603185,40.98,41.0,40.15,40.5,36372,147047824,-0.78,-1.88953488372093
2023-10-16,603185,40.51,40.56,39.03,39.35,40184,158791504,-1.15,-2.8395061728395063
2023-10-17,603185,39.29,39.87,38.98,39.46,39883,156955952,0.11,0.2795425667090216
2023-10-18,603185,39.28,39.28,38.06,38.13,54092,207676752,-1.33,-3.370501773948302
2023-10-19,603185,37.99,38.4,37.19,37.43,40516,152328800,-0.7,-1.835824809861002
2023-10-20,603185,37.3,38.58,37.12,37.92,46974,178380112,0.49,1.3091103393000267
2023-10-23,603185,37.9,37.93,36.25,36.47,41808,153950224,-1.45,-3.823839662447257
2023-10-24,603185,36.66,37.14,36.25,36.71,40490,148403360,0.24,0.6580751302440362
2023-10-25,603185,36.8,37.56,36.11,36.3,49623,182476304,-0.41,-1.1168618904930536
2023-10-26,603185,35.98,35.98,34.65,35.26,64276,225501360,-1.04,-2.865013774104684
2023-10-27,603185,35.0,36.91,34.6,36.68,70911,254462832,1.42,4.027226318774816
2023-10-30,603185,36.58,37.55,36.16,37.43,62907,231807344,0.75,2.044711014176663
2023-10-31,603185,37.37,37.65,36.94,37.33,41364,154114048,-0.1,-0.2671653753673523
2023-11-01,603185,37.37,37.77,36.91,37.34,35710,133312248,0.01,0.0267881060809
2023-11-02,603185,37.37,37.5,36.5,36.57,28168,103765928,-0.77,-2.062131762185324
2023-11-03,603185,36.6,37.48,36.58,37.1,39418,146305184,0.53,1.4492753623188406
2023-11-06,603185,37.45,38.58,37.28,37.86,52102,197430848,0.76,2.0485175202156336
2023-11-07,603185,37.87,38.0,37.3,37.8,36950,138961664,-0.06,-0.1584786053882725
2023-11-08,603185,37.71,38.27,37.57,37.99,33312,126303760,0.19,0.5026455026455027
2023-11-09,603185,37.99,39.08,37.89,38.59,65857,254247952,0.6,1.5793629902605948
2023-11-10,603185,38.4,38.5,37.75,38.02,33442,127284912,-0.57,-1.4770665975641355
2023-11-13,603185,38.29,38.6,37.91,38.48,30533,117039184,0.46,1.209889531825355
2023-11-14,603185,38.5,39.1,38.25,38.41,33991,131268256,-0.07,-0.1819126819126819
2023-11-15,603185,38.88,39.46,38.7,39.21,53861,211020576,0.8,2.082790939859412
2023-11-16,603185,39.18,39.19,37.98,38.01,45631,174854672,-1.2,-3.0604437643458304
2023-11-17,603185,37.92,38.27,37.73,37.82,31895,121039400,-0.19,-0.4998684556695606
2023-11-20,603185,37.9,38.1,37.26,38.02,32624,123032824,0.2,0.5288207297726071
2023-11-21,603185,38.06,38.23,37.38,37.44,33876,128191456,-0.58,-1.5255128879537083
2023-11-22,603185,37.27,37.44,36.28,36.33,37188,136532368,-1.11,-2.964743589743589
2023-11-23,603185,36.31,36.64,36.2,36.54,25908,94374808,0.21,0.5780346820809248
2023-11-24,603185,36.58,36.58,35.82,35.95,35018,126521096,-0.59,-1.6146688560481663
2023-11-27,603185,35.83,35.95,34.81,34.83,40130,140928432,-1.12,-3.115438108484005
2023-11-28,603185,34.95,34.99,33.5,34.34,63690,216448512,-0.49,-1.4068331897789264
2023-11-29,603185,34.27,34.48,33.6,33.7,45800,155205568,-0.64,-1.86371578334304
2023-11-30,603185,33.71,33.85,32.95,33.1,45804,152708400,-0.6,-1.7804154302670625
2023-12-01,603185,33.16,33.23,32.4,32.64,42342,138582784,-0.46,-1.3897280966767371
2023-12-04,603185,32.59,32.64,31.83,31.99,59118,189575248,-0.65,-1.9914215686274508
2023-12-05,603185,31.83,32.41,31.4,31.4,47384,151195408,-0.59,-1.8443263519849955
2023-12-06,603185,31.35,32.88,31.35,32.14,79928,258758000,0.74,2.3566878980891723
2023-12-07,603185,32.14,32.24,31.42,31.8,49882,158275136,-0.34,-1.057871810827629
2023-12-08,603185,31.9,32.55,31.55,31.99,91096,292581504,0.19,0.5974842767295598
2023-12-11,603185,31.78,32.22,30.91,32.21,66054,208013664,0.22,0.6877149109096593
2023-12-12,603185,32.08,32.42,31.74,31.89,39417,125946848,-0.32,-0.993480285625582
2023-12-13,603185,31.78,31.83,30.95,30.95,43505,136289552,-0.94,-2.947632486672938
2023-12-14,603185,31.27,31.77,30.72,30.72,42209,131706016,-0.23,-0.7431340872374798
2023-12-15,603185,31.11,31.8,30.65,30.72,61918,193207936,0.0,0.0
2023-12-18,603185,30.52,30.99,30.08,30.16,46132,139980880,-0.56,-1.8229166666666667
2023-12-19,603185,30.05,30.75,30.04,30.3,42917,130118464,0.14,0.4641909814323607
2023-12-20,603185,30.35,30.4,29.85,29.93,36288,109078192,-0.37,-1.221122112211221
2023-12-21,603185,29.7,31.28,29.66,30.76,92091,280905760,0.83,2.7731373204143
2023-12-22,603185,30.62,31.74,30.35,31.38,89795,279410208,0.62,2.015604681404421
2023-12-25,603185,31.36,31.57,31.13,31.42,46049,144373152,0.04,0.1274697259400892
2023-12-26,603185,31.42,31.66,31.08,31.27,42968,134631680,-0.15,-0.4774029280712921
2023-12-27,603185,31.57,31.68,30.61,31.03,51562,159402128,-0.24,-0.7675087943716021
2023-12-28,603185,30.94,33.73,30.81,33.38,145014,473734464,2.35,7.573316145665484
2023-12-29,603185,33.18,33.47,32.84,33.28,77071,255443744,-0.1,-0.2995805871779509
