Date,secucode,open,high,low,close,volume,amount,change,change_ratio,Newsnum_Title_news1,Newsnum_Cont_news1,Posnews_All_news1,Neunews_All_news1,Negnews_All_news1,Posnews_Ori_news1,Neunews_Ori_news1,Negnews_Ori_news1,Newsnum_Title_news2,Newsnum_Cont_news2,Posnews_All_news2,Neunews_All_news2,Negnews_All_news2,Posnews_Ori_news2,Neunews_Ori_news2,Negnews_Ori_news2
2020-01-02,002001,23.35,23.56,23.07,23.21,341991,796246144.0,-0.05,-0.2149613069647463,0,1,0,1,0,0,1,0,0,2,2,0,0,1,0,0
2020-01-03,002001,23.21,23.29,22.92,23.03,301570,694033856.0,-0.18,-0.7755277897457992,0,2,1,1,0,1,1,0,1,1,0,1,0,0,1,0
2020-01-06,002001,22.9,23.75,22.76,23.42,272251,637127488.0,0.39,1.693443334780721,0,3,3,0,0,2,0,0,0,1,0,1,0,0,1,0
2020-01-07,002001,23.3,23.77,23.22,23.7,201925,476559712.0,0.28,1.1955593509820666,0,4,3,1,0,2,1,0,0,3,3,0,0,2,0,0
2020-01-08,002001,23.3,23.6,23.02,23.25,172754,402392800.0,-0.45,-1.89873417721519,0,2,1,1,0,1,1,0,0,2,2,0,0,1,0,0
2020-01-09,002001,23.47,24.1,23.31,23.94,231022,549682240.0,0.69,2.967741935483871,0,5,4,1,0,3,0,0,0,2,2,0,0,1,0,0
2020-01-10,002001,24.05,24.69,24.0,24.55,266672,650505408.0,0.61,2.5480367585630743,0,2,1,0,1,0,0,1,0,5,5,0,0,2,0,0
2020-01-13,002001,24.7,25.08,24.22,24.51,281530,694139904.0,-0.04,-0.1629327902240326,0,3,3,0,0,0,0,0,0,1,1,0,0,1,0,0
2020-01-14,002001,24.51,25.07,24.3,24.98,219461,544454400.0,0.47,1.9175846593227253,0,9,6,3,0,3,3,0,0,1,0,0,1,0,0,1
2020-01-15,002001,24.86,25.05,24.63,24.93,117217,291179168.0,-0.05,-0.2001601281024819,0,6,5,1,0,5,0,0,0,3,1,2,0,1,1,0
2020-01-16,002001,24.8,25.1,24.5,24.61,176475,436575168.0,-0.32,-1.2835940633774567,0,3,2,1,0,0,0,0,0,1,1,0,0,1,0,0
2020-01-17,002001,24.82,24.98,24.54,24.77,136029,336536416.0,0.16,0.650142218610321,0,4,3,1,0,2,1,0,0,1,0,0,1,0,0,1
2020-01-20,002001,24.9,25.14,24.13,24.86,213451,526393344.0,0.09,0.3633427533306419,0,4,2,2,0,2,2,0,0,1,1,0,0,1,0,0
2020-01-21,002001,24.92,25.18,24.63,24.93,173022,431365536.0,0.07,0.2815768302493966,,,,,,,,,0,1,1,0,0,1,0,0
2020-01-22,002001,24.8,24.91,24.01,24.28,258137,627353344.0,-0.65,-2.6073004412354592,,,,,,,,,,,,,,,,
2020-01-23,002001,24.24,24.53,23.5,23.57,218045,522230656.0,-0.71,-2.9242174629324547,0,1,0,1,0,0,0,0,0,2,0,2,0,0,2,0
2020-02-03,002001,21.21,22.3,21.21,21.23,402790,861314816.0,-2.34,-9.92787441663131,,,,,,,,,,,,,,,,
2020-02-04,002001,21.51,22.5,21.0,22.4,309771,679927360.0,1.17,5.5110692416391895,0,2,0,2,0,0,2,0,,,,,,,,
2020-02-05,002001,22.5,23.2,22.11,23.1,281201,635073088.0,0.7,3.125,,,,,,,,,,,,,,,,
2020-02-06,002001,22.9,23.49,22.6,23.12,272413,631296512.0,0.02,0.0865800865800865,1,1,0,0,1,0,0,0,4,5,5,0,0,2,0,0
2020-02-07,002001,23.2,23.47,22.74,23.37,230227,532672960.0,0.25,1.0813148788927336,0,1,0,1,0,0,0,0,2,2,2,0,0,0,0,0
2020-02-10,002001,23.37,23.66,22.91,23.43,183929,428110112.0,0.06,0.2567394094993581,0,1,1,0,0,1,0,0,0,2,2,0,0,1,0,0
2020-02-11,002001,23.37,24.76,23.2,24.55,263183,635639552.0,1.12,4.780196329492104,0,1,1,0,0,1,0,0,,,,,,,,
2020-02-12,002001,25.12,26.08,24.65,25.23,325708,825299200.0,0.68,2.769857433808554,,,,,,,,,0,1,1,0,0,1,0,0
2020-02-13,002001,25.26,25.75,25.0,25.53,249858,635190336.0,0.3,1.1890606420927468,,,,,,,,,0,1,0,0,1,0,0,1
2020-02-14,002001,25.55,26.1,24.86,25.08,250331,635690688.0,-0.45,-1.762632197414806,0,1,0,1,0,0,0,0,,,,,,,,
2020-02-17,002001,25.16,25.75,25.16,25.58,200546,511755552.0,0.5,1.9936204146730463,,,,,,,,,2,2,1,1,0,0,0,0
2020-02-18,002001,25.8,26.62,25.37,26.55,321578,842722560.0,0.97,3.792025019546521,,,,,,,,,,,,,,,,
2020-02-19,002001,26.2,26.69,26.0,26.39,205984,542276352.0,-0.16,-0.6026365348399246,,,,,,,,,0,1,0,0,1,0,0,1
2020-02-20,002001,26.38,26.71,26.11,26.41,205638,543920384.0,0.02,0.0757862826828344,0,1,0,1,0,0,0,0,0,2,1,0,1,0,0,1
2020-02-21,002001,26.48,26.8,26.22,26.56,202998,537378624.0,0.15,0.5679666792881485,0,2,1,1,0,0,1,0,0,1,1,0,0,1,0,0
2020-02-24,002001,26.91,27.64,26.37,26.62,261813,701045056.0,0.06,0.2259036144578313,0,2,1,1,0,0,0,0,0,1,0,1,0,0,0,0
2020-02-25,002001,26.02,26.88,25.64,26.39,293052,771320256.0,-0.23,-0.8640120210368144,,,,,,,,,,,,,,,,
2020-02-26,002001,25.97,26.12,25.68,25.71,195364,505442304.0,-0.68,-2.57673361121637,0,4,2,2,0,0,2,0,0,2,1,0,1,1,0,0
2020-02-27,002001,26.0,26.25,25.57,25.94,180100,466764768.0,0.23,0.8945935433683392,,,,,,,,,1,1,1,0,0,1,0,0
2020-02-28,002001,25.2,25.7,24.1,24.1,361677,896604480.0,-1.84,-7.093292212798766,0,1,0,1,0,0,1,0,1,1,1,0,0,1,0,0
2020-03-02,002001,24.64,25.66,24.64,25.46,226631,573201728.0,1.36,5.643153526970955,0,1,1,0,0,1,0,0,,,,,,,,
2020-03-03,002001,25.88,26.1,25.27,25.38,226654,581868800.0,-0.08,-0.3142183817753339,,,,,,,,,0,1,1,0,0,1,0,0
2020-03-04,002001,25.74,27.24,25.43,27.01,462050,1228844416.0,1.63,6.4223798266351455,0,1,0,1,0,0,1,0,0,1,1,0,0,1,0,0
2020-03-05,002001,27.25,28.37,27.25,27.71,486311,1350593152.0,0.7,2.59163272861903,0,1,1,0,0,1,0,0,0,5,5,0,0,1,0,0
2020-03-06,002001,27.5,28.37,27.28,27.4,292340,811757568.0,-0.31,-1.1187297004691448,0,1,0,1,0,0,1,0,0,5,1,3,1,0,0,0
2020-03-09,002001,28.0,28.3,27.6,27.85,466917,1304902144.0,0.45,1.6423357664233578,,,,,,,,,0,1,1,0,0,1,0,0
2020-03-10,002001,27.63,27.76,26.4,27.39,436988,1182387712.0,-0.46,-1.6517055655296229,0,1,1,0,0,1,0,0,2,2,0,2,0,0,0,0
2020-03-11,002001,27.79,28.33,27.01,27.56,364763,1012075264.0,0.17,0.6206644760861628,,,,,,,,,,,,,,,,
2020-03-12,002001,27.25,27.73,26.28,26.6,320071,862439168.0,-0.96,-3.483309143686502,0,1,0,1,0,0,1,0,0,6,2,4,0,0,1,0
2020-03-13,002001,25.15,26.33,25.08,25.83,326473,837542784.0,-0.77,-2.894736842105264,0,2,2,0,0,2,0,0,0,4,3,0,1,1,0,1
2020-03-16,002001,26.0,26.64,24.2,24.43,339552,865212608.0,-1.4,-5.420054200542006,0,2,0,1,1,0,1,1,0,2,1,1,0,1,1,0
2020-03-17,002001,24.67,25.38,24.1,25.28,321430,799472384.0,0.85,3.479328694228408,,,,,,,,,0,1,1,0,0,1,0,0
2020-03-18,002001,25.51,26.55,25.41,25.7,340311,879832128.0,0.42,1.661392405063291,0,2,1,1,0,1,0,0,0,2,2,0,0,0,0,0
2020-03-19,002001,26.06,27.26,25.77,27.09,461105,1231670400.0,1.39,5.408560311284047,0,3,1,2,0,1,2,0,0,1,0,1,0,0,0,0
2020-03-20,002001,27.09,28.12,26.31,27.26,512343,1396845440.0,0.17,0.6275378368401624,,,,,,,,,,,,,,,,
2020-03-23,002001,26.86,27.77,24.88,25.48,473092,1246149504.0,-1.78,-6.52971386647102,0,5,2,2,1,2,2,1,,,,,,,,
2020-03-24,002001,25.85,25.9,24.88,25.55,328666,833384704.0,0.07,0.2747252747252747,,,,,,,,,,,,,,,,
2020-03-25,002001,26.0,26.09,25.08,25.62,300437,765222656.0,0.07,0.273972602739726,0,2,2,0,0,1,0,0,1,1,1,0,0,1,0,0
2020-03-26,002001,25.34,26.38,25.13,26.38,260944,673724800.0,0.76,2.966432474629196,0,2,1,1,0,1,0,0,2,2,1,1,0,1,1,0
2020-03-27,002001,26.83,27.1,25.71,25.8,274827,723136064.0,-0.58,-2.1986353297952994,0,2,2,0,0,2,0,0,,,,,,,,
2020-03-30,002001,25.88,27.0,25.8,27.0,402369,1062151680.0,1.2,4.651162790697675,,,,,,,,,0,2,2,0,0,1,0,0
2020-03-31,002001,27.4,27.65,26.62,27.3,361593,980678144.0,0.3,1.1111111111111112,0,2,1,1,0,1,1,0,,,,,,,,
2020-04-01,002001,27.08,27.38,26.46,26.46,315750,850723392.0,-0.84,-3.076923076923077,,,,,,,,,0,1,1,0,0,1,0,0
2020-04-02,002001,26.38,27.7,25.77,27.69,562641,1516758784.0,1.23,4.648526077097506,,,,,,,,,,,,,,,,
2020-04-03,002001,27.5,27.86,26.96,27.08,393929,1080235520.0,-0.61,-2.202961357890936,,,,,,,,,0,11,8,3,0,1,1,0
2020-04-07,002001,27.61,28.15,26.82,28.12,542687,1495011968.0,1.04,3.840472673559823,0,2,1,1,0,1,1,0,,,,,,,,
2020-04-08,002001,27.7,28.04,27.28,27.82,484354,1340963456.0,-0.3,-1.0668563300142246,0,2,0,1,1,0,1,1,,,,,,,,
2020-04-09,002001,28.01,28.68,27.55,28.17,653118,1842254848.0,0.35,1.2580877066858376,0,1,1,0,0,1,0,0,0,4,2,0,2,0,0,2
2020-04-10,002001,28.16,28.98,27.37,27.58,581690,1642840576.0,-0.59,-2.0944266950656725,,,,,,,,,3,5,4,0,1,1,0,0
2020-04-13,002001,27.98,27.98,26.9,27.54,471677,1296686208.0,-0.04,-0.145032632342277,0,1,1,0,0,1,0,0,0,1,0,1,0,0,1,0
2020-04-14,002001,27.66,28.82,27.2,28.6,564280,1589127552.0,1.06,3.848946986201888,,,,,,,,,2,2,2,0,0,1,0,0
2020-04-15,002001,28.5,28.86,28.13,28.7,407668,1163946624.0,0.1,0.3496503496503496,0,1,1,0,0,0,0,0,,,,,,,,
2020-04-16,002001,28.49,28.94,28.17,28.2,350506,999891584.0,-0.5,-1.7421602787456445,,,,,,,,,,,,,,,,
2020-04-17,002001,27.96,28.7,27.52,28.18,457708,1282270720.0,-0.02,-0.0709219858156028,0,3,2,0,1,2,0,1,0,1,1,0,0,1,0,0
2020-04-20,002001,27.91,28.25,27.77,27.85,281933,787780032.0,-0.33,-1.171043293115685,,,,,,,,,0,3,3,0,0,1,0,0
2020-04-21,002001,27.62,27.91,27.09,27.4,329730,905102848.0,-0.45,-1.615798922800718,,,,,,,,,0,1,0,1,0,0,1,0
2020-04-22,002001,27.35,28.05,27.11,27.95,314129,869374400.0,0.55,2.0072992700729926,0,3,2,1,0,2,1,0,0,1,1,0,0,1,0,0
2020-04-23,002001,28.01,28.17,26.83,26.94,418751,1144992640.0,-1.01,-3.6135957066189626,0,1,1,0,0,1,0,0,,,,,,,,
2020-04-24,002001,26.96,27.15,26.38,26.43,299173,798766272.0,-0.51,-1.893095768374165,0,1,0,1,0,0,0,0,0,1,1,0,0,0,0,0
2020-04-27,002001,26.64,27.55,26.29,27.46,402836,1091622912.0,1.03,3.897086643965191,0,3,0,2,1,0,2,1,,,,,,,,
2020-04-28,002001,27.23,27.36,26.21,26.82,331498,887835776.0,-0.64,-2.3306627822286963,0,1,0,1,0,0,1,0,1,1,0,0,1,0,0,0
2020-04-29,002001,26.88,27.22,26.6,26.89,240227,645433920.0,0.07,0.2609992542878449,0,1,0,1,0,0,1,0,,,,,,,,
2020-04-30,002001,27.13,27.3,26.91,27.29,233723,634573888.0,0.4,1.4875418371141689,0,2,0,2,0,0,2,0,1,3,2,1,0,1,1,0
2020-05-06,002001,26.98,27.62,26.7,27.52,308556,841782016.0,0.23,0.8427995602784902,,,,,,,,,1,1,0,1,0,0,1,0
2020-05-07,002001,27.36,27.38,26.8,27.01,346768,938053120.0,-0.51,-1.8531976744186047,0,1,1,0,0,0,0,0,0,1,1,0,0,1,0,0
2020-05-08,002001,27.17,27.24,26.95,27.08,280818,761542912.0,0.07,0.259163272861903,,,,,,,,,0,4,3,0,1,2,0,1
2020-05-11,002001,27.13,27.19,26.62,26.71,283960,761067264.0,-0.37,-1.3663220088626291,0,2,2,0,0,2,0,0,7,7,5,2,0,1,0,0
2020-05-12,002001,26.7,26.7,25.79,26.29,380329,994428736.0,-0.42,-1.57244477723699,,,,,,,,,0,3,0,2,1,0,2,1
2020-05-13,002001,26.3,26.54,26.06,26.4,237388,624561856.0,0.11,0.4184100418410041,0,2,2,0,0,2,0,0,,,,,,,,
2020-05-14,002001,26.2,26.36,25.85,25.92,268622,701041472.0,-0.48,-1.818181818181818,0,1,1,0,0,0,0,0,1,2,2,0,0,2,0,0
2020-05-15,002001,26.1,26.46,25.8,25.87,257531,672343744.0,-0.05,-0.1929012345679012,0,3,3,0,0,3,0,0,1,2,1,0,1,1,0,1
2020-05-18,002001,25.87,26.39,25.41,26.11,311896,810464256.0,0.24,0.9277155005798222,0,4,4,0,0,4,0,0,,,,,,,,
2020-05-19,002001,26.38,26.44,26.01,26.24,228456,599149376.0,0.13,0.497893527384144,0,1,1,0,0,1,0,0,,,,,,,,
2020-05-20,002001,26.29,26.33,25.92,25.96,170175,443346304.0,-0.28,-1.0670731707317074,,,,,,,,,,,,,,,,
2020-05-21,002001,26.12,26.19,25.67,25.7,158339,410444672.0,-0.26,-1.0015408320493069,,,,,,,,,0,1,1,0,0,1,0,0
2020-05-22,002001,25.7,25.85,25.0,25.0,197679,501514304.0,-0.7,-2.723735408560312,,,,,,,,,,,,,,,,
2020-05-25,002001,25.01,25.86,24.9,25.72,222366,567588608.0,0.72,2.88,0,1,0,1,0,0,1,0,,,,,,,,
2020-05-26,002001,25.69,26.08,25.62,26.0,196409,508714496.0,0.28,1.088646967340591,0,1,1,0,0,1,0,0,0,2,1,0,1,1,0,1
2020-05-27,002001,25.9,26.03,25.51,25.51,120581,310103616.0,-0.49,-1.8846153846153848,,,,,,,,,0,1,0,0,1,0,0,1
2020-05-28,002001,25.58,25.69,24.56,24.96,260672,650059072.0,-0.55,-2.156017248137985,0,2,2,0,0,2,0,0,,,,,,,,
2020-05-29,002001,24.92,25.72,24.89,25.3,233559,594179456.0,0.34,1.3621794871794872,0,4,1,2,1,1,2,1,0,4,2,1,1,1,1,1
2020-06-01,002001,25.51,26.19,25.37,26.12,216314,561446528.0,0.82,3.241106719367589,0,2,2,0,0,1,0,0,,,,,,,,
2020-06-02,002001,26.25,26.28,25.84,25.88,131311,340925632.0,-0.24,-0.9188361408882084,,,,,,,,,,,,,,,,
2020-06-03,002001,25.95,26.36,25.78,26.03,170814,447065984.0,0.15,0.5795981452859351,0,1,0,1,0,0,1,0,1,4,2,0,2,1,0,1
2020-06-04,002001,26.05,26.38,25.94,26.37,168963,442148288.0,0.34,1.3061851709565886,0,2,2,0,0,2,0,0,1,5,4,1,0,2,1,0
2020-06-05,002001,26.41,26.55,26.18,26.35,155479,409551296.0,-0.02,-0.0758437618505877,0,1,1,0,0,1,0,0,,,,,,,,
2020-06-08,002001,26.3,26.49,25.99,26.05,157722,412321760.0,-0.3,-1.1385199240986716,0,2,0,0,2,0,0,2,,,,,,,,
2020-06-09,002001,26.5,27.55,26.45,27.49,476051,1297648128.0,1.44,5.527831094049904,,,,,,,,,,,,,,,,
2020-06-10,002001,27.4,27.58,27.04,27.48,231043,631336192.0,-0.01,-0.0363768643142961,0,1,1,0,0,1,0,0,0,1,1,0,0,1,0,0
2020-06-11,002001,27.71,27.8,27.06,27.23,187672,514484672.0,-0.25,-0.9097525473071324,1,5,5,1,0,4,0,0,0,3,2,0,1,2,0,1
2020-06-12,002001,27.0,27.49,26.98,27.15,170549,463324608.0,-0.08,-0.2937936099889827,,,,,,,,,0,5,4,1,0,2,1,0
2020-06-15,002001,27.28,27.72,27.1,27.2,230841,631512448.0,0.05,0.1841620626151013,0,1,1,0,0,1,0,0,0,2,1,1,0,1,1,0
2020-06-16,002001,27.4,27.92,27.03,27.67,260285,715185600.0,0.47,1.7279411764705883,0,2,1,0,1,1,0,1,0,6,2,4,0,1,2,0
2020-06-17,002001,27.21,28.49,26.98,28.3,459683,1274951808.0,0.63,2.2768341163715218,0,2,1,1,0,1,1,0,0,4,2,2,0,2,2,0
2020-06-18,002001,28.03,28.14,27.35,27.43,273630,755955904.0,-0.87,-3.0742049469964665,0,1,1,0,0,1,0,0,0,2,2,0,0,1,0,0
2020-06-19,002001,27.43,28.25,27.31,27.6,258383,718216128.0,0.17,0.6197593875318994,0,1,1,0,0,1,0,0,0,1,1,0,0,0,0,0
2020-06-22,002001,27.41,28.16,27.41,27.76,233280,648932736.0,0.16,0.5797101449275363,0,7,2,2,3,2,2,3,12,20,13,5,2,4,2,1
2020-06-23,002001,28.7,28.75,27.57,27.58,497401,1389457792.0,-0.18,-0.6484149855907781,0,3,3,0,0,2,0,0,0,4,2,0,2,0,0,0
2020-06-24,002001,27.6,28.33,27.58,28.2,438555,1228977408.0,0.62,2.2480058013052937,0,3,0,2,1,0,2,1,3,4,3,0,1,1,0,1
2020-06-29,002001,28.16,28.76,27.88,28.76,409626,1164744320.0,0.56,1.98581560283688,0,3,2,0,1,2,0,1,0,2,1,1,0,1,1,0
2020-06-30,002001,28.76,29.4,28.53,29.1,450044,1307677312.0,0.34,1.1821974965229485,0,2,0,2,0,0,2,0,0,6,0,0,6,0,0,1
2020-07-01,002001,29.01,29.04,28.5,28.86,299234,860770112.0,-0.24,-0.8247422680412372,0,2,2,0,0,2,0,0,,,,,,,,
2020-07-02,002001,28.63,29.46,28.6,28.96,357539,1037337152.0,0.1,0.3465003465003465,1,1,1,0,0,1,0,0,0,5,3,2,0,2,1,0
2020-07-03,002001,28.68,28.85,27.87,28.33,436162,1231420160.0,-0.63,-2.175414364640884,0,7,5,1,1,5,1,1,2,2,2,0,0,2,0,0
2020-07-06,002001,28.34,29.24,28.1,29.22,500787,1440040960.0,0.89,3.141546064242852,0,2,1,1,0,0,1,0,4,5,4,1,1,2,0,0
2020-07-07,002001,29.0,29.85,28.73,29.36,524358,1538337664.0,0.14,0.4791238877481177,0,1,1,0,0,1,0,0,0,2,1,1,0,1,1,0
2020-07-08,002001,29.22,29.64,28.96,29.2,408303,1194599936.0,-0.16,-0.544959128065395,0,2,1,1,0,0,1,0,,,,,,,,
2020-07-09,002001,29.17,30.18,29.04,29.8,546092,1622754688.0,0.6,2.054794520547945,,,,,,,,,0,4,0,2,2,0,2,0
2020-07-10,002001,29.7,31.24,29.65,30.37,479910,1465563904.0,0.57,1.912751677852349,0,4,3,1,0,3,1,0,0,6,6,0,0,2,0,0
2020-07-13,002001,30.75,31.67,30.63,31.04,476870,1481409536.0,0.67,2.206124464932499,0,3,1,2,0,1,2,0,0,1,1,0,0,1,0,0
2020-07-14,002001,30.99,31.77,30.03,30.63,450316,1388837120.0,-0.41,-1.3208762886597938,0,3,3,0,0,1,0,0,0,3,1,1,1,1,1,1
2020-07-15,002001,30.7,32.4,30.7,32.01,720100,2288541696.0,1.38,4.505386875612145,0,10,9,1,0,1,0,0,0,1,1,0,0,1,0,0
2020-07-16,002001,31.8,31.8,29.51,29.58,721872,2194500864.0,-2.43,-7.591377694470477,0,3,2,0,1,0,0,0,0,1,1,0,0,0,0,0
2020-07-17,002001,29.5,30.38,29.15,29.65,415972,1239716480.0,0.07,0.2366463826910074,0,2,2,0,0,2,0,0,0,7,5,0,2,3,0,2
2020-07-20,002001,29.66,30.74,29.66,30.65,388505,1173929600.0,1.0,3.372681281618887,0,6,6,0,0,2,0,0,0,1,1,0,0,1,0,0
2020-07-21,002001,30.5,31.04,30.25,30.5,286365,875763328.0,-0.15,-0.4893964110929852,0,4,3,1,0,2,0,0,1,2,1,1,0,0,1,0
2020-07-22,002001,30.11,30.58,29.88,30.12,463428,1401861888.0,-0.38,-1.2459016393442623,0,7,5,2,0,5,2,0,0,1,0,1,0,0,1,0
2020-07-23,002001,29.9,30.82,29.76,30.82,588312,1791663744.0,0.7,2.3240371845949537,0,1,1,0,0,1,0,0,0,2,2,0,0,1,0,0
2020-07-24,002001,30.58,30.59,28.38,28.55,590314,1735835648.0,-2.27,-7.36534717715769,0,3,2,0,1,1,0,1,0,1,0,1,0,0,1,0
2020-07-27,002001,28.7,29.24,28.38,28.75,245830,706904832.0,0.2,0.7005253940455342,0,3,1,2,0,1,1,0,0,2,1,0,1,0,0,1
2020-07-28,002001,29.0,29.68,28.72,29.05,271726,794920512.0,0.3,1.0434782608695654,,,,,,,,,0,2,0,1,1,0,1,0
2020-07-29,002001,29.09,29.53,28.8,29.47,268994,788877824.0,0.42,1.4457831325301205,0,4,3,0,1,2,0,1,,,,,,,,
2020-07-30,002001,29.49,30.1,28.98,29.5,425992,1257510400.0,0.03,0.1017984390906006,0,4,4,0,0,3,0,0,0,1,1,0,0,0,0,0
2020-07-31,002001,29.24,29.87,29.03,29.44,309810,910558080.0,-0.06,-0.2033898305084746,0,1,1,0,0,1,0,0,0,1,0,0,1,0,0,1
2020-08-03,002001,29.51,29.98,29.27,29.94,361163,1069218432.0,0.5,1.6983695652173911,0,3,2,1,0,2,1,0,0,2,2,0,0,2,0,0
2020-08-04,002001,29.98,30.0,29.32,29.37,358258,1061030400.0,-0.57,-1.903807615230461,0,1,1,0,0,1,0,0,0,1,1,0,0,1,0,0
2020-08-05,002001,29.27,29.34,28.84,29.3,311687,907777280.0,-0.07,-0.2383384405856316,0,1,1,0,0,1,0,0,0,1,1,0,0,1,0,0
2020-08-06,002001,29.32,31.97,29.32,30.3,819965,2519543296.0,1.0,3.4129692832764507,0,1,1,0,0,0,0,0,,,,,,,,
2020-08-07,002001,30.63,30.83,29.25,29.67,472603,1404057600.0,-0.63,-2.07920792079208,0,3,3,0,0,3,0,0,0,6,3,3,0,2,1,0
2020-08-10,002001,29.48,31.04,29.18,31.0,566866,1723482368.0,1.33,4.482642399730367,0,4,3,1,0,2,1,0,0,2,2,0,0,1,0,0
2020-08-11,002001,31.19,31.58,30.59,30.62,438689,1363122688.0,-0.38,-1.2258064516129032,0,5,5,0,0,4,0,0,4,4,0,4,0,0,2,0
2020-08-12,002001,30.68,30.88,29.3,29.85,369651,1103397120.0,-0.77,-2.5146962769431744,,,,,,,,,,,,,,,,
2020-08-13,002001,30.03,30.05,29.41,29.61,211270,626950976.0,-0.24,-0.8040201005025126,0,1,1,0,0,1,0,0,0,2,1,1,0,1,0,0
2020-08-14,002001,29.75,30.25,29.45,30.05,223083,666379968.0,0.44,1.485984464707869,0,2,2,0,0,1,0,0,0,3,3,0,0,2,0,0
2020-08-17,002001,30.0,30.82,29.81,30.61,298804,907317504.0,0.56,1.8635607321131449,0,1,1,0,0,1,0,0,0,1,0,1,0,0,0,0
2020-08-18,002001,30.65,31.15,30.38,31.05,303399,932590528.0,0.44,1.4374387455080038,1,2,0,2,0,0,1,0,0,1,1,0,0,1,0,0
2020-08-19,002001,30.87,31.12,30.06,30.15,322467,986476736.0,-0.9,-2.898550724637681,1,2,2,0,0,1,0,0,,,,,,,,
2020-08-20,002001,30.1,30.1,29.36,29.47,264050,782017024.0,-0.68,-2.255389718076285,0,4,4,0,0,2,0,0,0,2,2,0,0,2,0,0
2020-08-21,002001,29.72,30.72,29.63,30.6,316741,959735936.0,1.13,3.834407872412623,0,1,1,0,0,1,0,0,0,2,2,0,0,2,0,0
2020-08-24,002001,30.75,33.4,30.52,32.94,816271,2630183936.0,2.34,7.647058823529412,0,1,1,0,0,1,0,0,0,1,0,0,1,0,0,1
2020-08-25,002001,32.7,33.22,32.43,32.73,375827,1233305600.0,-0.21,-0.6375227686703097,,,,,,,,,,,,,,,,
2020-08-26,002001,32.53,33.22,31.97,32.2,349639,1134501504.0,-0.53,-1.6193095019859456,,,,,,,,,0,2,1,1,0,1,1,0
2020-08-27,002001,32.26,32.5,31.88,32.4,249018,800748800.0,0.2,0.6211180124223602,0,1,0,1,0,0,1,0,2,2,2,0,0,1,0,0
2020-08-28,002001,32.1,32.88,31.35,32.65,397598,1284932608.0,0.25,0.7716049382716049,0,1,1,0,0,1,0,0,,,,,,,,
2020-08-31,002001,33.01,33.33,32.5,32.77,304148,1002074944.0,0.12,0.3675344563552833,,,,,,,,,,,,,,,,
2020-09-01,002001,32.75,35.04,32.75,34.49,546971,1862059392.0,1.72,5.248703082087275,0,1,0,1,0,0,1,0,0,2,0,2,0,0,1,0
2020-09-02,002001,34.8,35.67,34.59,35.06,438490,1539744768.0,0.57,1.6526529428819947,0,2,1,1,0,1,1,0,0,5,1,1,3,0,0,2
2020-09-03,002001,34.9,35.07,34.2,34.43,318267,1100588800.0,-0.63,-1.7969195664575013,,,,,,,,,0,9,6,2,1,3,0,0
2020-09-04,002001,33.75,34.35,33.61,33.97,251337,852806976.0,-0.46,-1.336044147545745,0,3,3,0,0,3,0,0,0,2,2,0,0,2,0,0
2020-09-07,002001,34.16,34.16,32.17,32.3,402515,1327649280.0,-1.67,-4.916102443332352,0,2,1,1,0,1,1,0,0,1,0,1,0,0,1,0
2020-09-08,002001,32.25,32.51,31.73,32.07,267865,859271808.0,-0.23,-0.7120743034055728,0,1,0,1,0,0,1,0,0,15,13,2,0,3,2,0
2020-09-09,002001,31.57,31.67,30.43,30.66,299192,925775424.0,-1.41,-4.396632366697848,,,,,,,,,0,3,2,0,1,1,0,1
2020-09-10,002001,31.12,31.3,30.67,30.86,233565,723331136.0,0.2,0.6523157208088715,0,2,1,1,0,1,1,0,0,3,2,1,0,1,0,0
2020-09-11,002001,30.61,31.46,30.61,31.46,166263,518417184.0,0.6,1.9442644199611143,,,,,,,,,1,2,1,1,0,0,1,0
2020-09-14,002001,31.66,31.75,30.65,30.99,256111,795673216.0,-0.47,-1.4939605848696758,0,1,0,1,0,0,1,0,0,10,1,8,1,1,1,1
2020-09-15,002001,30.98,31.74,30.5,31.74,255777,800442816.0,0.75,2.420135527589545,0,2,1,1,0,0,0,0,1,16,11,3,2,3,2,2
2020-09-16,002001,31.58,31.64,30.9,31.18,186015,578959296.0,-0.56,-1.7643352236925016,0,25,18,7,0,18,7,0,0,15,14,0,1,0,0,0
2020-09-17,002001,31.02,31.15,30.36,30.8,213157,653978176.0,-0.38,-1.2187299550994226,1,9,6,3,0,3,2,0,1,7,4,3,0,2,2,0
2020-09-18,002001,30.9,31.74,30.68,31.57,209995,656695552.0,0.77,2.5,0,3,3,0,0,2,0,0,0,3,1,2,0,1,1,0
2020-09-21,002001,31.57,31.95,31.29,31.45,162615,513740544.0,-0.12,-0.3801076971808679,0,6,2,4,0,1,1,0,0,1,0,0,1,0,0,1
2020-09-22,002001,31.2,31.7,30.61,30.8,183350,569981184.0,-0.65,-2.066772655007949,0,1,1,0,0,1,0,0,0,13,10,2,1,1,1,0
2020-09-23,002001,30.81,30.98,30.3,30.54,203151,622838784.0,-0.26,-0.8441558441558441,0,2,1,1,0,1,1,0,0,3,2,1,0,0,1,0
2020-09-24,002001,30.5,30.5,29.57,29.59,225836,674064640.0,-0.95,-3.1106745252128354,0,2,1,0,1,1,0,1,0,4,4,0,0,2,0,0
2020-09-25,002001,30.0,30.22,29.51,29.77,126762,378140544.0,0.18,0.6083136194660358,0,1,0,1,0,0,1,0,0,3,1,1,1,1,1,0
2020-09-28,002001,29.78,29.89,29.21,29.35,121666,358222336.0,-0.42,-1.41081625797783,0,1,1,0,0,1,0,0,0,1,1,0,0,0,0,0
2020-09-29,002001,29.6,29.8,29.4,29.61,99394,294490880.0,0.26,0.8858603066439523,0,1,1,0,0,1,0,0,0,4,1,3,0,1,1,0
2020-09-30,002001,29.62,30.18,29.31,29.79,205190,613794432.0,0.18,0.60790273556231,0,3,2,0,1,2,0,1,0,5,4,0,1,2,0,0
2020-10-09,002001,30.06,30.41,29.8,30.39,244661,736261888.0,0.6,2.014098690835851,0,1,1,0,0,1,0,0,0,2,2,0,0,1,0,0
2020-10-12,002001,30.39,30.93,30.25,30.88,238431,731817792.0,0.49,1.612372490950971,0,2,1,1,0,1,1,0,0,2,0,1,1,0,1,1
2020-10-13,002001,30.8,30.81,30.43,30.5,233004,711344768.0,-0.38,-1.2305699481865284,0,1,1,0,0,1,0,0,0,5,3,1,1,2,1,0
2020-10-14,002001,30.46,30.54,29.7,30.26,281495,846634112.0,-0.24,-0.7868852459016393,0,4,1,3,0,1,3,0,7,12,7,3,2,3,2,0
2020-10-15,002001,30.0,30.01,28.28,29.45,439515,1282884608.0,-0.81,-2.676801057501652,0,1,0,0,1,0,0,1,0,1,1,0,0,1,0,0
2020-10-16,002001,29.4,29.79,28.96,29.2,201012,588045824.0,-0.25,-0.8488964346349746,0,2,2,0,0,2,0,0,3,8,7,0,1,4,0,0
2020-10-19,002001,29.39,29.39,28.48,28.51,257007,740273344.0,-0.69,-2.363013698630137,0,3,3,0,0,3,0,0,0,8,4,1,3,1,0,1
2020-10-20,002001,28.5,29.01,28.23,28.93,200047,572623040.0,0.42,1.473167309715889,,,,,,,,,,,,,,,,
2020-10-21,002001,28.99,29.17,28.57,29.01,163432,472065568.0,0.08,0.276529554096094,0,1,1,0,0,1,0,0,0,3,2,1,0,1,1,0
2020-10-22,002001,28.8,28.95,28.61,28.62,122960,353209408.0,-0.39,-1.344364012409514,0,5,2,3,0,2,2,0,0,23,11,12,0,2,1,0
2020-10-23,002001,28.57,28.85,27.9,28.06,161531,458389024.0,-0.56,-1.9566736547868624,0,1,1,0,0,1,0,0,0,5,3,2,0,2,2,0
2020-10-26,002001,27.89,28.25,27.68,28.1,97710,273550688.0,0.04,0.142551674982181,0,1,1,0,0,1,0,0,1,4,2,1,1,2,0,0
2020-10-27,002001,28.4,29.05,28.15,28.9,172417,492854688.0,0.8,2.8469750889679712,,,,,,,,,0,14,10,0,4,2,0,1
2020-10-28,002001,28.75,29.69,28.61,29.59,240094,703633024.0,0.69,2.387543252595156,0,2,1,1,0,1,1,0,5,6,5,0,1,2,0,1
2020-10-29,002001,29.1,29.48,29.0,29.32,181898,532231328.0,-0.27,-0.9124704291990536,,,,,,,,,3,5,2,0,3,1,0,0
2020-10-30,002001,29.66,29.66,28.96,29.05,167206,490383040.0,-0.27,-0.9208731241473396,0,1,0,0,1,0,0,1,,,,,,,,
2020-11-02,002001,28.96,29.19,27.89,28.15,289890,822973440.0,-0.9,-3.098106712564544,0,1,1,0,0,1,0,0,0,3,3,0,0,2,0,0
2020-11-03,002001,28.26,28.44,27.88,28.41,213226,599884544.0,0.26,0.9236234458259326,0,4,2,2,0,1,1,0,1,6,3,2,1,3,1,1
2020-11-04,002001,28.37,28.67,28.17,28.55,152296,432615904.0,0.14,0.4927842309046111,0,1,0,1,0,0,1,0,0,4,4,0,0,3,0,0
2020-11-05,002001,28.75,30.28,28.71,30.19,422549,1254602368.0,1.64,5.74430823117338,0,1,1,0,0,1,0,0,0,4,3,0,1,2,0,1
2020-11-06,002001,30.18,30.18,29.58,29.84,197539,589296128.0,-0.35,-1.159324279562769,0,2,2,0,0,1,0,0,0,3,2,0,1,1,0,0
2020-11-09,002001,30.17,30.5,29.88,30.13,216173,651847232.0,0.29,0.9718498659517426,0,2,2,0,0,1,0,0,0,2,0,1,1,0,0,0
2020-11-10,002001,30.0,30.58,29.94,30.25,235111,714009408.0,0.12,0.398274145370063,0,2,1,1,0,1,1,0,1,10,4,4,2,2,3,2
2020-11-11,002001,30.18,31.5,30.11,30.92,339185,1049156736.0,0.67,2.2148760330578514,,,,,,,,,0,2,1,1,0,1,1,0
2020-11-12,002001,30.97,31.86,30.92,31.44,247213,779404032.0,0.52,1.6817593790426906,0,1,1,0,0,1,0,0,0,2,2,0,0,2,0,0
2020-11-13,002001,31.45,31.81,30.71,31.12,203964,634886912.0,-0.32,-1.0178117048346056,0,1,1,0,0,1,0,0,1,3,1,2,0,0,1,0
2020-11-16,002001,31.21,33.33,31.2,32.95,484034,1583424128.0,1.83,5.880462724935732,0,2,1,1,0,1,0,0,1,3,3,0,0,3,0,0
2020-11-17,002001,32.73,33.33,32.5,32.91,346968,1142149248.0,-0.04,-0.1213960546282245,0,1,1,0,0,1,0,0,0,5,2,3,0,2,3,0
2020-11-18,002001,32.71,33.0,32.32,33.0,162195,529087328.0,0.09,0.2734731084776663,0,1,1,0,0,1,0,0,0,3,2,1,0,2,0,0
2020-11-19,002001,32.98,32.98,32.0,32.7,186211,605151616.0,-0.3,-0.9090909090909092,0,1,1,0,0,1,0,0,0,3,2,1,0,1,1,0
2020-11-20,002001,32.65,33.92,32.49,33.31,246318,821579264.0,0.61,1.8654434250764524,2,2,1,2,0,1,2,0,0,4,2,0,2,0,0,2
2020-11-23,002001,33.2,33.85,32.77,32.98,258138,861996416.0,-0.33,-0.990693485439808,0,3,0,3,0,0,0,0,0,4,1,1,2,0,0,2
2020-11-24,002001,33.28,33.28,32.66,33.1,174797,576012224.0,0.12,0.3638568829593693,0,3,2,1,0,2,0,0,0,6,4,1,1,2,1,0
2020-11-25,002001,33.1,33.14,31.61,31.69,292436,942322432.0,-1.41,-4.259818731117824,,,,,,,,,0,4,1,1,2,1,1,2
2020-11-26,002001,31.99,32.15,31.23,31.71,194103,613575040.0,0.02,0.0631113916061849,0,1,0,1,0,0,1,0,0,2,1,1,0,1,0,0
2020-11-27,002001,31.74,32.11,31.58,31.8,114385,363774048.0,0.09,0.2838221381267738,0,1,1,0,0,0,0,0,0,4,1,2,1,1,1,1
2020-11-30,002001,31.8,32.3,31.33,31.8,197730,630688320.0,0.0,0.0,0,4,2,2,0,2,2,0,1,1,0,1,0,0,1,0
2020-12-01,002001,31.88,33.18,31.82,33.1,196597,643529216.0,1.3,4.088050314465408,,,,,,,,,,,,,,,,
2020-12-02,002001,33.2,33.32,32.62,32.98,134968,444598592.0,-0.12,-0.3625377643504531,,,,,,,,,0,1,1,0,0,1,0,0
2020-12-03,002001,32.99,33.68,32.7,33.07,143798,477080416.0,0.09,0.2728926622195269,0,3,3,0,0,3,0,0,0,1,1,0,0,1,0,0
2020-12-04,002001,32.78,33.07,32.5,32.99,81131,266250912.0,-0.08,-0.2419110976716056,,,,,,,,,0,1,1,0,0,1,0,0
2020-12-07,002001,32.79,32.96,32.35,32.6,163044,530539680.0,-0.39,-1.1821764170960898,0,2,2,0,0,2,0,0,0,6,5,1,0,3,1,0
2020-12-08,002001,32.36,33.05,32.36,32.8,126303,413927296.0,0.2,0.6134969325153374,0,3,2,1,0,1,1,0,0,1,1,0,0,1,0,0
2020-12-09,002001,33.02,34.45,32.94,33.4,272262,919115136.0,0.6,1.829268292682927,0,4,3,1,0,3,1,0,,,,,,,,
2020-12-10,002001,33.4,33.79,32.8,33.33,163128,543524160.0,-0.07,-0.2095808383233532,0,1,1,0,0,1,0,0,,,,,,,,
2020-12-11,002001,33.66,33.93,32.36,33.0,184120,608608832.0,-0.33,-0.99009900990099,0,6,4,2,0,3,2,0,1,11,8,3,0,3,2,0
2020-12-14,002001,32.61,32.91,32.03,32.56,145158,469644320.0,-0.44,-1.3333333333333337,0,1,1,0,0,1,0,0,0,2,2,0,0,1,0,0
2020-12-15,002001,32.3,32.87,32.21,32.62,95342,310200736.0,0.06,0.1842751842751842,0,2,2,0,0,2,0,0,0,5,1,1,3,0,1,2
2020-12-16,002001,32.5,33.05,32.1,32.97,152314,497366432.0,0.35,1.072961373390558,0,3,2,1,0,2,1,0,0,4,2,2,0,2,1,0
2020-12-17,002001,32.95,33.2,32.61,32.98,117679,387310368.0,0.01,0.0303306035790112,1,2,2,0,0,2,0,0,1,1,1,0,0,1,0,0
2020-12-18,002001,32.9,33.16,32.14,32.36,163220,530267168.0,-0.62,-1.879927228623408,0,3,3,0,0,3,0,0,0,4,2,1,1,2,1,1
2020-12-21,002001,32.18,32.2,31.58,31.92,178886,569336256.0,-0.44,-1.3597033374536465,0,8,5,3,0,2,3,0,0,8,5,1,2,2,0,1
2020-12-22,002001,31.98,32.34,31.56,31.75,100154,320147904.0,-0.17,-0.5325814536340852,0,5,5,0,0,3,0,0,1,6,5,0,1,4,0,0
2020-12-23,002001,31.75,31.93,31.2,31.78,143886,454034016.0,0.03,0.0944881889763779,0,2,1,1,0,1,1,0,0,1,0,1,0,0,1,0
2020-12-24,002001,31.79,31.98,31.54,31.56,71023,225435680.0,-0.22,-0.6922592825676527,0,1,1,0,0,0,0,0,0,5,4,0,1,1,0,1
2020-12-25,002001,31.53,32.73,31.33,32.69,171498,551908480.0,1.13,3.580481622306717,0,1,1,0,0,1,0,0,0,4,4,0,0,0,0,0
2020-12-28,002001,32.78,33.46,32.45,32.81,151526,499540608.0,0.12,0.3670847353930865,0,4,3,1,0,3,0,0,0,3,3,0,0,2,0,0
2020-12-29,002001,32.99,33.43,32.57,32.7,125512,413812864.0,-0.11,-0.3352636391344102,0,3,3,0,0,3,0,0,,,,,,,,
2020-12-30,002001,32.66,33.35,32.44,33.35,188974,624810432.0,0.65,1.98776758409786,0,2,1,0,1,1,0,1,1,1,0,0,1,0,0,1
2020-12-31,002001,33.6,33.9,32.78,33.68,221978,742744320.0,0.33,0.9895052473763118,0,4,3,1,0,3,1,0,0,6,2,2,2,1,2,1
2021-01-04,002001,33.6,34.34,33.21,34.34,253924,863360896.0,0.66,1.9596199524940616,0,1,0,1,0,0,1,0,,,,,,,,
2021-01-05,002001,34.3,37.77,34.08,37.77,544200,1984227968.0,3.43,9.988351776354106,0,3,1,2,0,1,1,0,,,,,,,,
2021-01-06,002001,38.46,38.74,36.81,37.47,350739,1320568064.0,-0.3,-0.7942811755361397,0,1,1,0,0,1,0,0,,,,,,,,
2021-01-07,002001,37.98,39.78,37.31,39.29,372770,1430229888.0,1.82,4.85721910862023,0,4,3,0,1,3,0,1,,,,,,,,
2021-01-08,002001,39.0,39.15,37.32,37.72,293886,1116605696.0,-1.57,-3.9959277169763294,0,2,0,2,0,0,2,0,,,,,,,,
2021-01-11,002001,37.65,38.39,36.5,37.3,251350,941545408.0,-0.42,-1.113467656415695,,,,,,,,,,,,,,,,
2021-01-12,002001,37.3,39.58,37.1,39.11,294975,1137032576.0,1.81,4.8525469168900806,0,3,3,0,0,3,0,0,,,,,,,,
2021-01-13,002001,39.18,39.18,37.37,37.83,320933,1223435648.0,-1.28,-3.272820250575301,0,4,2,2,0,2,2,0,,,,,,,,
2021-01-14,002001,38.0,39.14,37.5,38.29,259999,998566592.0,0.46,1.2159661644197728,2,1,2,0,0,2,0,0,,,,,,,,
2021-01-15,002001,38.0,38.14,36.6,37.77,254836,949338944.0,-0.52,-1.3580569339253068,0,3,2,1,0,1,1,0,0,2,2,0,0,1,0,0
2021-01-18,002001,37.5,39.1,37.31,39.0,210194,810684352.0,1.23,3.256552819698173,,,,,,,,,,,,,,,,
2021-01-19,002001,39.1,39.85,38.27,39.26,236055,920128064.0,0.26,0.6666666666666667,0,1,0,1,0,0,1,0,,,,,,,,
2021-01-20,002001,39.26,41.23,38.7,41.05,282813,1144036736.0,1.79,4.55934793683138,0,11,4,6,1,2,0,0,,,,,,,,
2021-01-21,002001,40.86,41.58,40.33,41.25,198226,813371264.0,0.2,0.4872107186358099,0,1,0,1,0,0,0,0,,,,,,,,
2021-01-22,002001,40.85,42.11,40.17,40.95,204153,837598784.0,-0.3,-0.7272727272727273,0,2,1,0,1,1,0,1,,,,,,,,
2021-01-25,002001,40.96,41.51,40.04,40.11,198933,804606016.0,-0.84,-2.051282051282051,0,1,1,0,0,1,0,0,,,,,,,,
2021-01-26,002001,40.01,40.29,38.81,38.87,239265,939975488.0,-1.24,-3.0914983794564943,0,3,3,0,0,3,0,0,,,,,,,,
2021-01-27,002001,38.91,39.99,38.85,39.27,181396,713956416.0,0.4,1.0290712631849754,0,9,6,3,0,6,3,0,,,,,,,,
2021-01-28,002001,38.8,39.14,37.18,37.4,274151,1041283520.0,-1.87,-4.761904761904762,0,2,2,0,0,2,0,0,0,2,0,0,2,0,0,2
2021-01-29,002001,37.63,37.97,36.61,37.15,171897,639953280.0,-0.25,-0.6684491978609626,0,5,4,1,0,4,1,0,0,3,3,0,0,2,0,0
2021-02-01,002001,37.16,37.92,36.75,37.63,191066,713904000.0,0.48,1.2920592193808884,1,1,2,0,0,2,0,0,,,,,,,,
2021-02-02,002001,37.63,38.96,37.5,38.65,206013,792896576.0,1.02,2.710603242094074,0,3,1,2,0,1,2,0,0,1,0,1,0,0,1,0
2021-02-03,002001,38.65,38.75,38.0,38.32,136843,524004640.0,-0.33,-0.8538163001293662,0,4,1,3,0,1,0,0,,,,,,,,
2021-02-04,002001,37.75,38.19,36.79,37.94,198054,740861312.0,-0.38,-0.9916492693110648,0,1,1,0,0,1,0,0,,,,,,,,
2021-02-05,002001,38.18,39.13,36.0,36.31,327441,1225094528.0,-1.63,-4.296257248286769,0,3,2,1,0,2,1,0,,,,,,,,
2021-02-08,002001,36.31,39.15,35.8,38.79,379124,1441334400.0,2.48,6.830074359680529,0,5,3,1,1,1,1,1,,,,,,,,
2021-02-09,002001,38.69,40.33,38.31,40.0,289769,1147738496.0,1.21,3.1193606599639083,0,2,0,2,0,0,2,0,,,,,,,,
2021-02-10,002001,39.79,40.57,39.7,40.33,207974,835653888.0,0.33,0.8250000000000001,0,1,0,1,0,0,1,0,,,,,,,,
2021-02-18,002001,41.91,43.8,40.81,42.75,553454,2343737600.0,2.42,6.000495908752789,0,1,1,0,0,1,0,0,,,,,,,,
2021-02-19,002001,42.66,43.81,42.15,42.97,346830,1488460416.0,0.22,0.5146198830409356,0,2,2,0,0,2,0,0,,,,,,,,
2021-02-22,002001,42.49,45.3,42.2,44.03,327789,1450985472.0,1.06,2.4668373283686296,0,3,1,1,1,1,1,1,,,,,,,,
2021-02-23,002001,43.5,44.9,42.91,43.69,205867,902583040.0,-0.34,-0.7722007722007722,,,,,,,,,,,,,,,,
2021-02-24,002001,43.89,44.55,41.5,41.94,275328,1175052160.0,-1.75,-4.005493247882811,0,1,0,1,0,0,1,0,,,,,,,,
2021-02-25,002001,42.39,44.99,42.39,44.4,275455,1210761344.0,2.46,5.865522174535051,,,,,,,,,,,,,,,,
2021-02-26,002001,43.81,44.11,41.0,43.36,265648,1146192000.0,-1.04,-2.3423423423423424,0,1,1,0,0,1,0,0,,,,,,,,
2021-03-01,002001,43.8,45.27,43.8,45.04,290412,1296759808.0,1.68,3.8745387453874542,0,2,2,0,0,2,0,0,,,,,,,,
2021-03-02,002001,45.22,46.35,43.04,43.98,251850,1119884672.0,-1.06,-2.353463587921848,0,3,0,3,0,0,3,0,,,,,,,,
2021-03-03,002001,43.25,45.2,42.62,44.78,215534,955062848.0,0.8,1.8190086402910413,0,3,2,1,0,2,1,0,,,,,,,,
2021-03-04,002001,44.42,44.76,41.0,42.38,449630,1898415872.0,-2.4,-5.359535506922733,0,2,1,1,0,0,0,0,,,,,,,,
2021-03-05,002001,41.01,42.4,40.66,41.99,289635,1204451840.0,-0.39,-0.9202453987730062,0,1,1,0,0,1,0,0,,,,,,,,
2021-03-08,002001,42.5,43.68,40.88,41.25,220031,929087616.0,-0.74,-1.762324362943558,0,1,0,1,0,0,1,0,,,,,,,,
2021-03-09,002001,41.24,41.5,39.31,39.59,248065,998429888.0,-1.66,-4.024242424242424,0,1,1,0,0,1,0,0,,,,,,,,
2021-03-10,002001,40.2,40.84,39.85,39.88,151689,611322304.0,0.29,0.7325082091437232,0,4,4,0,0,4,0,0,0,1,0,1,0,0,1,0
2021-03-11,002001,40.22,40.82,39.88,40.35,135281,545364800.0,0.47,1.178535606820461,0,2,2,0,0,2,0,0,,,,,,,,
2021-03-12,002001,40.42,41.96,40.03,41.79,164787,681955840.0,1.44,3.5687732342007434,0,2,2,0,0,1,0,0,,,,,,,,
2021-03-15,002001,41.52,41.75,40.32,40.78,128388,527187264.0,-1.01,-2.4168461354391,,,,,,,,,,,,,,,,
2021-03-16,002001,40.78,40.92,39.4,40.36,139386,559140416.0,-0.42,-1.0299166257969592,0,1,1,0,0,1,0,0,0,1,0,1,0,0,1,0
2021-03-17,002001,40.57,41.18,40.2,40.81,110748,451905504.0,0.45,1.1149653121902874,0,4,2,2,0,2,2,0,0,5,3,0,2,2,0,2
2021-03-18,002001,40.79,41.19,40.52,40.78,72429,295346848.0,-0.03,-0.0735113942661112,1,1,1,0,0,1,0,0,0,2,2,0,0,0,0,0
2021-03-19,002001,40.0,40.55,39.1,39.4,129821,515134240.0,-1.38,-3.384011770475724,0,2,1,1,0,1,1,0,,,,,,,,
2021-03-22,002001,39.4,40.33,39.1,40.03,126696,503746656.0,0.63,1.598984771573604,0,2,2,0,0,2,0,0,,,,,,,,
2021-03-23,002001,40.26,40.28,38.66,38.77,116066,456008544.0,-1.26,-3.147639270547089,0,2,1,0,1,1,0,1,0,2,0,2,0,0,1,0
2021-03-24,002001,38.7,38.78,36.96,37.39,181576,682596672.0,-1.38,-3.5594531854526696,,,,,,,,,,,,,,,,
2021-03-25,002001,37.03,37.95,37.03,37.27,131915,493893344.0,-0.12,-0.3209414281893554,0,1,0,1,0,0,1,0,,,,,,,,
2021-03-26,002001,37.65,38.27,37.02,37.95,145039,545341952.0,0.68,1.824523745639925,0,3,2,1,0,2,1,0,,,,,,,,
2021-03-29,002001,38.09,38.2,37.48,37.99,108940,412938112.0,0.04,0.1054018445322793,0,2,1,1,0,1,0,0,0,5,4,0,1,1,0,1
2021-03-30,002001,37.96,38.88,37.82,38.5,124152,477710912.0,0.51,1.3424585417215056,0,8,8,0,0,8,0,0,2,8,8,0,0,4,0,0
2021-03-31,002001,38.82,39.35,37.7,38.23,144887,556605056.0,-0.27,-0.7012987012987013,0,1,1,0,0,1,0,0,1,4,1,3,0,1,1,0
2021-04-01,002001,38.24,39.07,38.01,38.85,121787,471329984.0,0.62,1.6217630133403087,0,6,3,3,0,3,3,0,1,8,1,5,2,0,1,0
2021-04-02,002001,38.91,39.08,38.51,38.69,78492,304464736.0,-0.16,-0.4118404118404118,0,4,2,2,0,2,1,0,0,4,1,3,0,1,1,0
2021-04-06,002001,38.94,39.26,38.05,38.85,88182,340209792.0,0.16,0.4135435513052468,0,1,1,0,0,1,0,0,0,6,2,3,1,0,0,0
2021-04-07,002001,38.69,38.85,37.54,38.0,113627,431487392.0,-0.85,-2.187902187902188,0,3,1,1,1,0,1,0,,,,,,,,
2021-04-08,002001,38.0,39.28,37.82,38.98,142755,554151872.0,0.98,2.5789473684210527,0,2,1,1,0,1,0,0,0,1,0,1,0,0,0,0
2021-04-09,002001,39.0,39.14,38.01,38.25,78818,302973376.0,-0.73,-1.8727552591072345,0,1,1,0,0,1,0,0,2,3,3,0,0,2,0,0
2021-04-12,002001,38.0,38.29,36.0,36.31,159996,587051904.0,-1.94,-5.071895424836601,0,1,1,0,0,1,0,0,0,3,1,0,2,1,0,0
2021-04-13,002001,36.4,36.6,35.89,36.35,93719,339112768.0,0.04,0.1101624896722666,,,,,,,,,,,,,,,,
2021-04-14,002001,36.33,36.52,35.99,36.33,93899,340424256.0,-0.02,-0.0550206327372764,,,,,,,,,,,,,,,,
2021-04-15,002001,36.3,36.59,36.0,36.33,84210,305857920.0,0.0,0.0,0,1,1,0,0,1,0,0,0,2,0,0,2,0,0,1
2021-04-16,002001,36.45,36.56,36.09,36.42,65049,236571040.0,0.09,0.2477291494632535,0,2,2,0,0,2,0,0,0,1,0,1,0,0,1,0
2021-04-19,002001,36.45,37.3,36.06,37.15,119143,439436256.0,0.73,2.0043931905546404,0,4,3,1,0,3,1,0,0,2,0,0,2,0,0,1
2021-04-20,002001,37.17,37.28,36.72,36.95,118772,438686912.0,-0.2,-0.5383580080753702,0,2,1,0,1,1,0,1,0,9,4,1,4,1,1,0
2021-04-21,002001,36.66,37.12,36.34,37.0,73219,269429920.0,0.05,0.13531799729364,0,6,4,2,0,3,2,0,0,1,0,1,0,0,1,0
2021-04-22,002001,37.18,37.18,36.62,36.7,91710,338287712.0,-0.3,-0.8108108108108109,0,2,2,0,0,1,0,0,0,1,1,0,0,0,0,0
2021-04-23,002001,36.7,38.46,36.7,37.88,168577,638628544.0,1.18,3.2152588555858315,0,3,2,1,0,2,1,0,0,4,1,2,1,1,2,1
2021-04-26,002001,38.5,39.21,37.82,37.9,141832,544714688.0,0.02,0.0527983104540654,0,2,2,0,0,2,0,0,,,,,,,,
2021-04-27,002001,37.77,38.71,37.77,38.56,125509,481427936.0,0.66,1.7414248021108178,0,3,3,0,0,3,0,0,0,2,2,0,0,2,0,0
2021-04-28,002001,38.33,39.44,38.3,39.27,144691,565891200.0,0.71,1.841286307053942,0,3,2,1,0,2,1,0,1,2,2,0,0,1,0,0
2021-04-29,002001,39.8,40.11,38.86,39.13,165742,652384576.0,-0.14,-0.35650623885918,0,1,0,1,0,0,1,0,,,,,,,,
2021-04-30,002001,39.13,39.48,38.5,39.11,140577,547411584.0,-0.02,-0.0511116790186557,,,,,,,,,0,2,0,1,1,0,1,1
2021-05-06,002001,38.8,38.98,37.88,38.4,122552,469618048.0,-0.71,-1.8153924827409869,0,3,3,0,0,3,0,0,,,,,,,,
2021-05-07,002001,38.67,40.05,38.39,38.75,193351,761792960.0,0.35,0.9114583333333334,0,2,1,1,0,1,1,0,,,,,,,,
2021-05-10,002001,39.0,39.88,38.11,38.61,127429,494877728.0,-0.14,-0.3612903225806451,0,2,1,1,0,1,1,0,0,2,0,1,1,0,1,0
2021-05-11,002001,38.13,38.72,37.5,38.64,122641,466594208.0,0.03,0.0777000777000777,,,,,,,,,2,2,0,2,0,0,1,0
2021-05-12,002001,38.72,38.85,38.0,38.63,88057,337723520.0,-0.01,-0.025879917184265,1,3,2,1,0,2,1,0,0,2,1,1,0,1,1,0
2021-05-13,002001,38.68,39.32,38.51,38.96,120234,469337152.0,0.33,0.8542583484338596,0,3,3,0,0,3,0,0,,,,,,,,
2021-05-14,002001,39.12,40.36,38.9,40.2,152061,605467072.0,1.24,3.1827515400410675,0,2,1,1,0,1,1,0,0,3,2,1,0,2,0,0
2021-05-17,002001,40.35,41.07,39.8,41.0,170604,689638272.0,0.8,1.9900497512437807,0,1,1,0,0,1,0,0,0,1,1,0,0,1,0,0
2021-05-18,002001,40.95,40.95,39.9,40.13,126744,509956128.0,-0.87,-2.1219512195121952,0,2,2,0,0,2,0,0,,,,,,,,
2021-05-19,002001,32.89,33.14,32.6,32.79,139219,457498016.0,-7.34,-18.29055569399452,0,1,1,0,0,1,0,0,,,,,,,,
2021-05-20,002001,32.65,32.74,31.78,32.42,164326,529959552.0,-0.37,-1.128392802683745,0,6,6,0,0,6,0,0,,,,,,,,
2021-05-21,002001,32.42,32.81,32.14,32.59,101923,331333952.0,0.17,0.5243676742751389,0,1,1,0,0,0,0,0,0,1,0,1,0,0,1,0
2021-05-24,002001,32.4,33.2,32.25,32.87,120640,394114944.0,0.28,0.859159251304081,0,8,6,2,0,6,1,0,0,1,1,0,0,1,0,0
2021-05-25,002001,32.9,33.61,32.52,33.55,195699,649047040.0,0.68,2.0687557042896256,0,5,4,1,0,3,1,0,0,4,1,3,0,1,2,0
2021-05-26,002001,33.3,33.87,33.14,33.38,163710,547430208.0,-0.17,-0.5067064083457526,0,2,2,0,0,2,0,0,,,,,,,,
2021-05-27,002001,33.38,33.55,33.16,33.29,121666,404539072.0,-0.09,-0.2696225284601558,0,2,2,0,0,2,0,0,0,2,2,0,0,2,0,0
2021-05-28,002001,33.22,33.27,31.8,32.21,299375,967809984.0,-1.08,-3.244217482727546,0,1,1,0,0,1,0,0,,,,,,,,
2021-05-31,002001,32.18,32.32,31.55,31.93,199261,633312448.0,-0.28,-0.8692952499223843,0,5,4,1,0,3,1,0,,,,,,,,
2021-06-01,002001,31.92,32.37,31.61,32.09,173429,553729920.0,0.16,0.5010961478233636,0,3,2,1,0,2,1,0,,,,,,,,
2021-06-02,002001,32.0,32.05,31.24,31.41,207420,653257472.0,-0.68,-2.1190401994390777,0,4,2,2,0,2,1,0,,,,,,,,
2021-06-03,002001,31.49,32.08,31.33,31.57,153582,487530560.0,0.16,0.5093919134033748,0,4,3,1,0,3,1,0,0,1,1,0,0,1,0,0
2021-06-04,002001,31.57,31.73,31.0,31.33,125764,393478720.0,-0.24,-0.7602153943617358,0,2,2,0,0,0,0,0,0,1,1,0,0,1,0,0
2021-06-07,002001,31.3,31.85,31.19,31.55,118460,373222848.0,0.22,0.7022023619533994,0,1,1,0,0,0,0,0,0,3,1,2,0,1,1,0
2021-06-08,002001,31.6,32.58,31.55,32.15,205092,659855232.0,0.6,1.9017432646592711,,,,,,,,,0,1,1,0,0,1,0,0
2021-06-09,002001,32.18,32.38,31.86,32.0,131262,421370560.0,-0.15,-0.4665629860031104,,,,,,,,,1,1,0,1,0,0,1,0
2021-06-10,002001,31.89,32.08,31.2,31.35,175292,553221504.0,-0.65,-2.03125,0,3,2,1,0,2,1,0,0,1,1,0,0,1,0,0
2021-06-11,002001,31.5,31.63,30.5,30.78,187218,576622144.0,-0.57,-1.818181818181818,,,,,,,,,,,,,,,,
2021-06-15,002001,30.74,30.74,29.9,30.13,130167,393123392.0,-0.65,-2.111760883690708,0,1,1,0,0,1,0,0,0,1,0,1,0,0,1,0
2021-06-16,002001,30.14,30.36,29.76,29.8,120871,362155488.0,-0.33,-1.0952538997676735,0,1,0,1,0,0,1,0,0,1,0,1,0,0,0,0
2021-06-17,002001,29.85,30.02,29.2,29.33,116863,345496192.0,-0.47,-1.577181208053691,0,2,1,1,0,1,0,0,1,1,0,0,1,0,0,1
2021-06-18,002001,29.33,29.63,28.89,29.05,161236,469253408.0,-0.28,-0.954653937947494,0,3,2,1,0,2,1,0,0,1,1,0,0,0,0,0
2021-06-21,002001,28.91,29.27,28.69,28.86,142908,412820192.0,-0.19,-0.6540447504302926,0,1,1,0,0,1,0,0,0,2,2,0,0,1,0,0
2021-06-22,002001,28.87,29.56,28.86,29.15,153710,449672224.0,0.29,1.0048510048510049,0,4,3,1,0,3,1,0,,,,,,,,
2021-06-23,002001,29.28,29.4,28.73,29.26,139290,405682016.0,0.11,0.3773584905660377,0,5,4,1,0,4,1,0,0,2,2,0,0,2,0,0
2021-06-24,002001,29.29,29.62,29.03,29.54,131550,385358880.0,0.28,0.9569377990430622,0,2,2,0,0,2,0,0,,,,,,,,
2021-06-25,002001,29.54,30.13,29.42,29.7,184356,549064384.0,0.16,0.5416384563303994,,,,,,,,,0,3,1,0,2,1,0,1
2021-06-28,002001,29.69,30.03,29.51,29.63,146582,435944672.0,-0.07,-0.2356902356902356,0,3,3,0,0,3,0,0,0,1,0,1,0,0,1,0
2021-06-29,002001,29.69,29.69,28.48,28.58,242426,699513344.0,-1.05,-3.543705703678704,,,,,,,,,,,,,,,,
2021-06-30,002001,28.45,28.78,27.81,28.68,154785,439060032.0,0.1,0.3498950314905528,0,2,1,1,0,1,1,0,0,1,0,0,1,0,0,1
2021-07-01,002001,28.7,28.98,28.57,28.71,110551,318260128.0,0.03,0.104602510460251,0,5,4,1,0,4,1,0,0,2,2,0,0,2,0,0
2021-07-02,002001,28.71,28.71,28.22,28.3,108282,307179808.0,-0.41,-1.4280738418669452,,,,,,,,,,,,,,,,
2021-07-05,002001,28.28,28.74,28.03,28.18,117779,333620864.0,-0.12,-0.4240282685512367,0,5,3,1,1,3,1,1,,,,,,,,
2021-07-06,002001,28.24,28.98,27.91,28.6,156308,443294400.0,0.42,1.4904187366926898,0,2,1,1,0,1,0,0,,,,,,,,
2021-07-07,002001,28.41,28.6,28.21,28.23,129930,368291904.0,-0.37,-1.2937062937062938,,,,,,,,,,,,,,,,
2021-07-08,002001,28.45,28.5,27.5,27.6,184297,513699872.0,-0.63,-2.2316684378320937,0,3,2,0,1,2,0,1,3,4,4,0,0,3,0,0
2021-07-09,002001,27.62,28.12,27.52,27.99,124655,347799136.0,0.39,1.4130434782608696,0,3,2,1,0,1,0,0,,,,,,,,
2021-07-12,002001,28.3,28.38,27.88,27.95,181999,510772448.0,-0.04,-0.1429081814933905,,,,,,,,,0,1,0,0,1,0,0,1
2021-07-13,002001,28.02,28.76,27.92,28.63,216548,616696960.0,0.68,2.4329159212880143,0,1,1,0,0,1,0,0,0,1,1,0,0,1,0,0
2021-07-14,002001,28.52,28.88,28.49,28.63,179384,514836864.0,0.0,0.0,0,4,3,1,0,3,1,0,1,1,1,0,0,1,0,0
2021-07-15,002001,28.66,28.66,27.84,28.09,225201,631559488.0,-0.54,-1.8861334264757248,0,2,2,0,0,1,0,0,,,,,,,,
2021-07-16,002001,28.0,28.6,27.97,28.37,194873,553203584.0,0.28,0.9967960128159488,0,2,2,0,0,2,0,0,,,,,,,,
2021-07-19,002001,28.3,28.43,27.81,28.0,156339,437927808.0,-0.37,-1.3041945717307015,0,2,1,1,0,1,1,0,0,2,0,1,1,0,1,1
2021-07-20,002001,27.98,28.24,27.78,27.99,147235,412417280.0,-0.01,-0.0357142857142857,0,2,2,0,0,2,0,0,0,3,2,0,1,2,0,1
2021-07-21,002001,28.06,28.18,27.54,27.62,204902,568793728.0,-0.37,-1.321900678813862,0,2,1,1,0,1,1,0,0,3,2,1,0,2,1,0
2021-07-22,002001,27.61,27.77,27.11,27.53,149661,411200608.0,-0.09,-0.3258508327299059,0,1,1,0,0,0,0,0,0,1,0,0,1,0,0,0
2021-07-23,002001,27.55,27.63,26.53,26.68,245778,662315648.0,-0.85,-3.087540864511442,0,1,0,1,0,0,1,0,0,3,0,0,3,0,0,1
2021-07-26,002001,26.65,26.95,26.21,26.5,161334,428151104.0,-0.18,-0.6746626686656672,0,2,0,2,0,0,1,0,0,1,0,1,0,0,0,0
2021-07-27,002001,26.5,26.96,25.74,25.78,190806,499420512.0,-0.72,-2.7169811320754715,,,,,,,,,0,2,1,1,0,1,1,0
2021-07-28,002001,25.71,26.15,25.03,26.0,174450,447630784.0,0.22,0.8533747090768037,0,1,0,1,0,0,1,0,1,2,1,0,1,0,0,1
2021-07-29,002001,26.0,26.58,26.0,26.5,131006,345417792.0,0.5,1.9230769230769231,0,3,1,0,2,1,0,1,0,2,1,1,0,1,1,0
2021-07-30,002001,26.41,26.43,25.7,25.87,136506,353807776.0,-0.63,-2.3773584905660377,0,1,0,0,1,0,0,1,0,3,1,2,0,1,2,0
2021-08-02,002001,25.82,27.64,25.64,27.11,310325,838049920.0,1.24,4.793196752995748,0,4,3,1,0,3,0,0,0,4,2,2,0,1,2,0
2021-08-03,002001,27.1,28.1,27.0,27.2,211428,579480576.0,0.09,0.3319808188860199,0,4,2,2,0,2,2,0,0,1,1,0,0,0,0,0
2021-08-04,002001,27.32,27.33,26.7,26.96,141240,380628320.0,-0.24,-0.8823529411764706,0,2,2,0,0,2,0,0,0,1,1,0,0,1,0,0
2021-08-05,002001,26.96,27.14,26.5,26.54,150055,401168352.0,-0.42,-1.5578635014836797,0,1,1,0,0,1,0,0,,,,,,,,
2021-08-06,002001,26.58,26.63,25.73,25.81,184005,477084544.0,-0.73,-2.750565184626978,0,1,1,0,0,1,0,0,1,1,0,1,0,0,1,0
2021-08-09,002001,25.69,26.9,25.61,26.3,304106,801193216.0,0.49,1.8984889577683068,0,2,2,0,0,2,0,0,0,1,1,0,0,1,0,0
2021-08-10,002001,26.5,26.96,26.23,26.72,262007,694007168.0,0.42,1.596958174904943,0,1,1,0,0,1,0,0,0,1,1,0,0,1,0,0
2021-08-11,002001,26.54,26.85,26.3,26.47,197913,525190656.0,-0.25,-0.93562874251497,0,1,1,0,0,1,0,0,0,1,1,0,0,1,0,0
2021-08-12,002001,26.6,26.62,25.93,26.01,217520,569388416.0,-0.46,-1.737816395919909,0,1,1,0,0,1,0,0,,,,,,,,
2021-08-13,002001,26.4,28.2,26.3,27.36,655103,1790999168.0,1.35,5.190311418685121,0,3,2,1,0,2,1,0,0,1,1,0,0,1,0,0
2021-08-16,002001,27.66,28.88,27.22,28.64,796425,2247059968.0,1.28,4.678362573099415,0,6,6,0,0,3,0,0,0,2,2,0,0,2,0,0
2021-08-17,002001,28.79,28.9,27.15,27.23,621151,1731616768.0,-1.41,-4.923184357541899,0,2,0,2,0,0,2,0,0,1,1,0,0,1,0,0
2021-08-18,002001,27.18,27.79,26.6,27.75,401928,1098782848.0,0.52,1.909658464928388,0,5,2,2,1,1,1,1,0,1,1,0,0,1,0,0
2021-08-19,002001,27.65,29.0,27.6,28.79,625364,1779370752.0,1.04,3.747747747747748,0,3,2,0,1,2,0,1,7,7,5,0,2,1,0,1
2021-08-20,002001,28.79,29.5,27.9,28.45,604809,1718684032.0,-0.34,-1.1809656130600903,,,,,,,,,1,3,2,1,0,2,1,0
2021-08-23,002001,28.46,28.61,27.39,28.28,426048,1186905984.0,-0.17,-0.5975395430579965,0,3,3,0,0,3,0,0,1,2,2,0,0,2,0,0
2021-08-24,002001,28.33,29.96,28.33,29.7,699326,2061118464.0,1.42,5.021216407355021,0,4,2,1,1,2,1,1,0,3,1,1,1,1,1,1
2021-08-25,002001,29.5,29.69,28.92,29.55,389300,1137902976.0,-0.15,-0.5050505050505051,0,2,2,0,0,1,0,0,,,,,,,,
2021-08-26,002001,29.52,29.53,28.97,29.34,255184,745606400.0,-0.21,-0.7106598984771574,0,2,2,0,0,2,0,0,0,4,2,1,1,1,1,1
2021-08-27,002001,29.2,29.76,28.91,29.32,262766,773856192.0,-0.02,-0.0681663258350375,0,3,2,0,1,2,0,1,1,2,1,0,1,1,0,1
2021-08-30,002001,29.15,29.2,28.44,28.64,308102,886236672.0,-0.68,-2.319236016371077,0,4,4,0,0,4,0,0,1,1,1,0,0,0,0,0
2021-08-31,002001,28.43,28.9,28.12,28.77,207799,592875392.0,0.13,0.4539106145251397,0,2,2,0,0,2,0,0,1,1,1,0,0,0,0,0
2021-09-01,002001,28.62,29.61,28.35,29.56,321705,936977984.0,0.79,2.745915884602016,,,,,,,,,,,,,,,,
2021-09-02,002001,29.28,30.22,29.22,30.0,350643,1047128384.0,0.44,1.4884979702300407,0,3,1,1,1,1,1,1,0,2,0,0,2,0,0,2
2021-09-03,002001,30.04,30.98,29.67,30.48,333080,1012599936.0,0.48,1.6,0,1,1,0,0,1,0,0,0,2,2,0,0,2,0,0
2021-09-06,002001,30.46,31.32,30.18,30.31,284292,871932352.0,-0.17,-0.5577427821522309,0,1,1,0,0,0,0,0,1,3,1,0,2,1,0,1
2021-09-07,002001,30.17,30.54,29.83,30.41,225011,680229312.0,0.1,0.3299241174529858,0,5,3,2,0,2,2,0,0,1,0,0,1,0,0,1
2021-09-08,002001,30.49,30.49,29.75,29.89,214101,643172096.0,-0.52,-1.7099638276882605,,,,,,,,,,,,,,,,
2021-09-09,002001,29.75,30.75,29.58,30.25,202299,611495104.0,0.36,1.2044161927065908,0,5,4,1,0,4,1,0,,,,,,,,
2021-09-10,002001,30.25,30.35,29.76,29.76,175752,526059584.0,-0.49,-1.6198347107438016,0,2,2,0,0,2,0,0,,,,,,,,
2021-09-13,002001,29.76,30.1,29.01,29.39,213921,629021888.0,-0.37,-1.243279569892473,0,1,1,0,0,1,0,0,,,,,,,,
2021-09-14,002001,29.29,30.45,29.2,29.85,241638,721582720.0,0.46,1.5651582170806395,0,1,1,0,0,1,0,0,0,4,1,0,3,1,0,1
2021-09-15,002001,29.75,30.14,29.25,29.6,155377,461535072.0,-0.25,-0.8375209380234505,0,2,1,1,0,1,1,0,0,4,4,0,0,2,0,0
2021-09-16,002001,29.94,31.15,29.8,30.53,531166,1630226048.0,0.93,3.141891891891892,0,1,0,0,1,0,0,1,,,,,,,,
2021-09-17,002001,30.69,31.06,30.05,30.95,345106,1057848640.0,0.42,1.3756960366852276,0,1,1,0,0,1,0,0,0,1,1,0,0,1,0,0
2021-09-22,002001,30.5,30.59,28.86,29.47,361466,1071504448.0,-1.48,-4.7819063004846525,0,1,0,0,1,0,0,1,4,5,2,0,3,2,0,1
2021-09-23,002001,29.3,29.67,29.07,29.36,196772,577845632.0,-0.11,-0.3732609433322022,,,,,,,,,1,2,2,0,0,2,0,0
2021-09-24,002001,29.15,29.25,28.12,28.25,287026,819992320.0,-1.11,-3.780653950953679,0,1,1,0,0,1,0,0,,,,,,,,
2021-09-27,002001,28.16,28.16,26.86,26.99,421868,1146272640.0,-1.26,-4.460176991150442,0,2,1,1,0,1,1,0,1,8,2,2,4,0,1,1
2021-09-28,002001,26.99,27.15,26.71,26.78,166652,448418080.0,-0.21,-0.7780659503519822,0,3,3,0,0,3,0,0,0,1,0,1,0,0,1,0
2021-09-29,002001,26.68,26.9,26.02,26.25,207020,545661376.0,-0.53,-1.979088872292756,0,1,1,0,0,0,0,0,0,4,1,0,3,0,0,2
2021-09-30,002001,26.36,26.94,26.3,26.86,125090,334431104.0,0.61,2.323809523809524,0,2,0,1,1,0,1,1,,,,,,,,
2021-10-08,002001,26.95,27.23,26.5,26.63,195332,524462080.0,-0.23,-0.8562918838421444,0,3,2,1,0,2,1,0,,,,,,,,
2021-10-11,002001,26.8,27.37,26.56,27.0,206388,559738240.0,0.37,1.3894104393541118,1,4,4,1,0,4,1,0,1,2,1,1,0,1,1,0
2021-10-12,002001,27.0,27.08,25.72,25.95,276273,722962688.0,-1.05,-3.888888888888889,1,4,4,0,1,4,0,1,0,3,2,1,0,2,0,0
2021-10-13,002001,26.09,26.39,25.44,26.3,198042,513509312.0,0.35,1.348747591522158,,,,,,,,,0,1,1,0,0,0,0,0
2021-10-14,002001,26.47,26.48,26.07,26.17,181929,478405184.0,-0.13,-0.494296577946768,0,3,2,1,0,2,1,0,0,1,1,0,0,1,0,0
2021-10-15,002001,26.04,26.1,25.57,25.67,241501,623486720.0,-0.5,-1.910584638899504,0,1,1,0,0,1,0,0,,,,,,,,
2021-10-18,002001,25.66,26.04,25.32,25.98,186685,479382816.0,0.31,1.2076353720296065,0,2,1,1,0,0,1,0,0,1,1,0,0,1,0,0
2021-10-19,002001,25.98,26.2,25.81,26.12,115857,301717568.0,0.14,0.5388760585065435,0,4,4,0,0,3,0,0,,,,,,,,
2021-10-20,002001,26.15,26.5,25.91,26.4,152507,400198144.0,0.28,1.0719754977029097,0,4,4,0,0,4,0,0,1,1,1,0,0,1,0,0
2021-10-21,002001,26.45,26.54,26.12,26.44,137625,362094240.0,0.04,0.1515151515151515,0,2,2,0,0,2,0,0,0,1,1,0,0,1,0,0
2021-10-22,002001,26.42,26.96,26.25,26.35,199231,530895136.0,-0.09,-0.340393343419062,,,,,,,,,1,2,2,0,0,2,0,0
2021-10-25,002001,26.65,26.65,26.12,26.42,137110,361565056.0,0.07,0.2656546489563567,0,2,1,1,0,0,1,0,,,,,,,,
2021-10-26,002001,26.27,27.18,26.25,27.0,180929,485221856.0,0.58,2.195306585919758,0,3,2,0,1,1,0,1,0,2,2,0,0,1,0,0
2021-10-27,002001,27.16,27.34,26.74,26.99,131567,355888832.0,-0.01,-0.037037037037037,0,2,2,0,0,2,0,0,0,2,2,0,0,2,0,0
2021-10-28,002001,26.97,27.18,26.42,26.82,98653,263483424.0,-0.17,-0.6298629121896998,0,2,0,2,0,0,2,0,2,2,2,0,0,1,0,0
2021-10-29,002001,26.96,27.37,26.79,27.14,131312,355555456.0,0.32,1.193139448173005,0,2,2,0,0,2,0,0,1,1,1,0,0,1,0,0
2021-11-01,002001,27.13,27.21,26.81,27.14,110391,298956960.0,0.0,0.0,0,2,2,0,0,2,0,0,1,1,1,0,0,0,0,0
2021-11-02,002001,27.13,27.15,26.1,26.47,171467,456019840.0,-0.67,-2.468680913780398,0,3,3,0,0,3,0,0,0,3,2,1,0,2,1,0
2021-11-03,002001,26.4,26.68,26.2,26.45,70679,186869968.0,-0.02,-0.0755572346052134,0,1,1,0,0,1,0,0,4,6,3,2,1,2,1,1
2021-11-04,002001,26.65,28.94,26.59,28.08,526877,1476311680.0,1.63,6.162570888468808,0,1,0,1,0,0,1,0,,,,,,,,
2021-11-05,002001,28.0,28.25,27.58,27.9,196563,548244032.0,-0.18,-0.641025641025641,,,,,,,,,,,,,,,,
2021-11-08,002001,27.95,29.29,27.84,28.95,326847,938823296.0,1.05,3.763440860215054,0,1,1,0,0,1,0,0,,,,,,,,
2021-11-09,002001,28.8,29.45,28.55,28.98,219586,636042560.0,0.03,0.1036269430051813,0,4,3,1,0,2,1,0,0,1,1,0,0,0,0,0
2021-11-10,002001,29.1,29.35,28.55,29.13,210687,610328960.0,0.15,0.5175983436853002,0,2,1,1,0,1,1,0,0,4,4,0,0,2,0,0
2021-11-11,002001,29.05,29.28,28.59,28.83,165168,476979552.0,-0.3,-1.0298661174047374,0,1,1,0,0,1,0,0,0,1,1,0,0,0,0,0
2021-11-12,002001,28.74,28.8,28.26,28.63,194986,554316288.0,-0.2,-0.693721817551162,0,3,1,2,0,1,0,0,,,,,,,,
2021-11-15,002001,28.45,28.68,28.15,28.35,125099,354966208.0,-0.28,-0.9779951100244498,0,1,1,0,0,1,0,0,0,2,2,0,0,0,0,0
2021-11-16,002001,28.64,29.37,28.6,29.1,263241,765554816.0,0.75,2.6455026455026456,0,2,1,1,0,0,1,0,0,5,4,1,0,0,0,0
2021-11-17,002001,29.1,30.88,28.86,30.85,608138,1828688128.0,1.75,6.013745704467354,0,3,3,0,0,2,0,0,0,5,1,1,3,1,1,3
2021-11-18,002001,31.06,31.37,29.95,30.01,423894,1292239104.0,-0.84,-2.722852512155592,0,2,1,1,0,1,1,0,0,3,3,0,0,2,0,0
2021-11-19,002001,29.8,30.34,29.75,30.31,238310,716441600.0,0.3,0.9996667777407532,0,2,2,0,0,0,0,0,1,4,3,0,1,2,0,0
2021-11-22,002001,30.31,30.34,29.14,29.45,352095,1037339328.0,-0.86,-2.837347410095678,0,8,7,1,0,7,1,0,0,1,1,0,0,1,0,0
2021-11-23,002001,29.19,29.45,28.67,28.73,226394,655414464.0,-0.72,-2.444821731748726,0,2,0,2,0,0,1,0,0,1,1,0,0,1,0,0
2021-11-24,002001,29.2,29.26,28.57,29.05,174987,505501856.0,0.32,1.1138183083884443,0,4,1,3,0,1,3,0,0,3,2,1,0,2,1,0
2021-11-25,002001,28.85,29.18,28.73,29.08,146207,423677568.0,0.03,0.1032702237521514,0,3,1,2,0,1,2,0,,,,,,,,
2021-11-26,002001,29.07,29.47,28.83,29.18,159040,464531328.0,0.1,0.3438789546079779,0,4,2,2,0,2,0,0,0,1,1,0,0,1,0,0
2021-11-29,002001,29.1,29.45,28.8,29.35,179366,524077728.0,0.17,0.5825908156271419,0,5,4,1,0,4,1,0,,,,,,,,
2021-11-30,002001,29.5,29.5,28.93,29.03,145660,424353024.0,-0.32,-1.090289608177172,0,2,1,0,1,1,0,0,1,2,1,0,1,1,0,1
2021-12-01,002001,28.93,29.18,28.47,29.05,156441,450863680.0,0.02,0.0688942473303479,0,1,1,0,0,1,0,0,0,1,1,0,0,1,0,0
2021-12-02,002001,28.96,29.87,28.81,29.3,223410,659669440.0,0.25,0.8605851979345954,0,1,1,0,0,1,0,0,0,1,0,1,0,0,0,0
2021-12-03,002001,29.2,29.3,28.55,28.75,197605,569192576.0,-0.55,-1.877133105802048,0,1,1,0,0,1,0,0,0,3,3,0,0,1,0,0
2021-12-06,002001,28.6,28.84,28.11,28.11,200931,569495744.0,-0.64,-2.226086956521739,0,1,1,0,0,1,0,0,0,2,0,0,2,0,0,1
2021-12-07,002001,28.5,28.8,27.95,28.73,208479,592598720.0,0.62,2.205620775524725,0,1,1,0,0,0,0,0,0,3,3,0,0,2,0,0
2021-12-08,002001,28.62,29.17,28.58,29.17,149178,431302464.0,0.44,1.5315001740341103,0,6,4,2,0,4,2,0,1,5,3,2,0,2,1,0
2021-12-09,002001,29.02,29.25,28.87,28.91,124420,361243456.0,-0.26,-0.8913267055193692,0,3,1,2,0,1,1,0,,,,,,,,
2021-12-10,002001,28.8,28.82,28.2,28.28,203907,578465664.0,-0.63,-2.179176755447941,0,2,1,1,0,1,1,0,0,1,0,0,1,0,0,1
2021-12-13,002001,28.01,28.68,27.78,28.18,183692,519629696.0,-0.1,-0.3536067892503536,0,4,2,2,0,0,2,0,0,1,0,1,0,0,1,0
2021-12-14,002001,28.05,28.38,27.95,28.28,97530,274505440.0,0.1,0.3548616039744499,0,2,2,0,0,2,0,0,0,2,1,1,0,1,1,0
2021-12-15,002001,28.21,28.21,27.65,27.82,150490,420138656.0,-0.46,-1.6265912305516266,0,1,0,0,1,0,0,1,,,,,,,,
2021-12-16,002001,27.7,27.8,27.45,27.76,126036,347773856.0,-0.06,-0.2156721782890007,0,1,1,0,0,1,0,0,,,,,,,,
2021-12-17,002001,27.65,28.02,27.44,27.62,122037,337217792.0,-0.14,-0.5043227665706052,0,2,1,1,0,1,1,0,0,6,3,3,0,2,2,0
2021-12-20,002001,27.62,28.1,27.52,27.75,138054,385100320.0,0.13,0.4706734250543085,0,2,1,1,0,0,1,0,,,,,,,,
2021-12-21,002001,27.78,28.35,27.75,28.27,147445,415594496.0,0.52,1.8738738738738736,0,1,1,0,0,1,0,0,,,,,,,,
2021-12-22,002001,28.27,29.2,27.93,28.79,190485,546454848.0,0.52,1.839405730456314,0,5,5,0,0,4,0,0,0,1,0,1,0,0,1,0
2021-12-23,002001,28.89,30.22,28.83,30.0,547506,1635883648.0,1.21,4.202848211184439,0,2,1,1,0,0,1,0,,,,,,,,
2021-12-24,002001,29.99,30.14,29.66,29.89,200302,598713664.0,-0.11,-0.3666666666666666,0,5,2,3,0,2,3,0,0,2,1,1,0,1,1,0
2021-12-27,002001,30.5,30.88,30.15,30.39,239917,730005504.0,0.5,1.672800267648043,0,2,2,0,0,2,0,0,2,4,2,1,1,2,0,0
2021-12-28,002001,30.87,31.8,30.4,31.3,481541,1512215168.0,0.91,2.9944060546232314,0,5,3,2,0,3,1,0,0,3,1,2,0,0,2,0
2021-12-29,002001,31.4,31.66,30.82,30.97,275063,854585664.0,-0.33,-1.0543130990415337,0,3,3,0,0,3,0,0,1,3,3,0,0,1,0,0
2021-12-30,002001,30.96,31.3,30.58,30.81,227151,699940608.0,-0.16,-0.5166289958023894,0,1,1,0,0,1,0,0,0,1,1,0,0,1,0,0
2021-12-31,002001,30.69,31.4,30.68,31.12,199471,619982464.0,0.31,1.006166828951639,0,4,3,1,0,1,0,0,0,1,1,0,0,1,0,0
2022-01-04,002001,30.9,31.29,30.21,30.51,269660,827836160.0,-0.61,-1.960154241645244,0,9,5,4,0,5,4,0,0,1,1,0,0,1,0,0
2022-01-05,002001,30.55,30.74,29.64,29.73,217052,651181504.0,-0.78,-2.55653883972468,0,1,1,0,0,0,0,0,,,,,,,,
2022-01-06,002001,29.79,30.01,29.4,29.7,214364,636392064.0,-0.03,-0.1009081735620585,0,1,1,0,0,1,0,0,0,1,0,1,0,0,1,0
2022-01-07,002001,29.68,30.26,29.63,29.65,156771,469417024.0,-0.05,-0.1683501683501683,0,5,3,2,0,3,2,0,0,2,1,0,1,1,0,1
2022-01-10,002001,29.48,30.16,29.43,29.59,155321,463174240.0,-0.06,-0.2023608768971332,0,1,1,0,0,1,0,0,,,,,,,,
2022-01-11,002001,29.72,29.81,29.28,29.53,147848,436247712.0,-0.06,-0.2027712064886786,0,4,4,0,0,4,0,0,,,,,,,,
2022-01-12,002001,29.32,29.75,29.18,29.65,147426,434983840.0,0.12,0.4063664070436844,0,2,1,1,0,1,1,0,0,3,3,0,0,3,0,0
2022-01-13,002001,29.59,29.74,28.9,29.08,160160,468040800.0,-0.57,-1.9224283305227656,0,3,2,1,0,2,1,0,0,4,3,1,0,2,1,0
2022-01-14,002001,29.12,29.79,28.92,29.44,179732,528130432.0,0.36,1.237964236588721,0,1,1,0,0,1,0,0,0,2,2,0,0,1,0,0
2022-01-17,002001,29.33,32.38,29.31,32.38,682980,2155432192.0,2.94,9.986413043478262,,,,,,,,,0,1,0,0,1,0,0,1
2022-01-18,002001,32.66,33.31,31.79,32.1,691769,2245542912.0,-0.28,-0.8647313156269302,0,5,4,1,0,4,1,0,0,1,1,0,0,1,0,0
2022-01-19,002001,31.9,31.9,30.28,30.8,448940,1384029184.0,-1.3,-4.049844236760125,0,2,2,0,0,2,0,0,,,,,,,,
2022-01-20,002001,30.98,32.87,30.7,32.1,491768,1574959232.0,1.3,4.220779220779221,0,2,1,1,0,1,1,0,0,1,1,0,0,1,0,0
2022-01-21,002001,32.88,33.3,31.02,31.62,467656,1498380672.0,-0.48,-1.4953271028037385,0,2,1,1,0,1,1,0,0,4,4,0,0,3,0,0
2022-01-24,002001,31.28,32.58,30.67,32.37,401558,1285820032.0,0.75,2.3719165085389,0,2,1,1,0,1,1,0,3,6,5,0,1,1,0,0
2022-01-25,002001,32.31,33.98,31.7,31.94,302344,987619968.0,-0.43,-1.3283904850169912,0,1,1,0,0,1,0,0,,,,,,,,
2022-01-26,002001,31.88,31.99,30.93,31.78,195511,614408128.0,-0.16,-0.5009392611145899,0,1,1,0,0,1,0,0,1,2,1,0,1,1,0,1
2022-01-27,002001,31.31,31.8,30.71,30.89,161190,502170752.0,-0.89,-2.800503461296413,0,3,2,0,1,2,0,1,0,2,2,0,0,2,0,0
2022-01-28,002001,31.01,31.11,29.85,30.01,193423,587728704.0,-0.88,-2.848818387827776,0,1,0,0,1,0,0,1,0,1,1,0,0,1,0,0
2022-02-07,002001,30.72,31.06,29.93,30.59,148801,453462880.0,0.58,1.9326891036321223,0,1,1,0,0,1,0,0,0,1,1,0,0,1,0,0
2022-02-08,002001,30.53,30.75,29.71,30.46,156066,471145408.0,-0.13,-0.4249754821837201,0,6,5,1,0,5,1,0,0,1,1,0,0,1,0,0
2022-02-09,002001,30.35,32.58,30.2,32.06,275964,878829120.0,1.6,5.252790544977019,0,3,2,0,1,2,0,0,1,6,2,2,2,2,2,0
2022-02-10,002001,31.9,32.35,31.71,32.3,170499,547159872.0,0.24,0.7485963817841547,0,1,0,1,0,0,1,0,0,1,1,0,0,0,0,0
2022-02-11,002001,32.22,32.9,31.9,32.02,161356,521319744.0,-0.28,-0.8668730650154799,0,1,1,0,0,1,0,0,0,1,0,1,0,0,1,0
2022-02-14,002001,32.9,33.71,31.88,32.21,252559,824383680.0,0.19,0.5933791380387258,0,3,3,0,0,2,0,0,1,5,3,1,1,2,1,1
2022-02-15,002001,31.94,33.04,31.45,32.94,169313,549948352.0,0.73,2.2663769015833592,1,20,16,3,1,2,0,0,0,4,4,0,0,1,0,0
2022-02-16,002001,33.0,33.15,32.37,32.58,140103,458177344.0,-0.36,-1.092896174863388,0,9,6,2,1,0,2,0,0,3,2,1,0,1,1,0
2022-02-17,002001,32.42,32.57,31.9,32.01,125647,403935552.0,-0.57,-1.7495395948434622,0,1,1,0,0,0,0,0,0,1,1,0,0,1,0,0
2022-02-18,002001,32.01,33.85,31.9,33.55,291623,968191936.0,1.54,4.810996563573884,0,4,4,0,0,2,0,0,0,1,0,0,1,0,0,0
2022-02-21,002001,33.8,34.2,33.42,33.83,227446,769107072.0,0.28,0.834575260804769,0,6,1,3,2,1,3,2,,,,,,,,
2022-02-22,002001,33.65,33.7,33.09,33.6,130458,434129248.0,-0.23,-0.6798699379249187,,,,,,,,,,,,,,,,
2022-02-23,002001,33.5,34.07,33.32,34.02,150675,508633152.0,0.42,1.25,0,6,6,0,0,6,0,0,0,1,1,0,0,0,0,0
2022-02-24,002001,33.85,34.33,32.81,33.19,250310,836506624.0,-0.83,-2.4397413286302174,1,6,5,1,0,5,1,0,0,3,3,0,0,3,0,0
2022-02-25,002001,33.69,34.6,33.3,34.35,282636,964030272.0,1.16,3.495028623079241,0,5,2,3,0,1,3,0,0,3,1,1,1,1,0,1
2022-02-28,002001,34.34,34.34,32.51,33.95,418963,1395963008.0,-0.4,-1.1644832605531297,0,1,1,0,0,1,0,0,,,,,,,,
2022-03-01,002001,33.62,33.96,32.83,33.44,229399,765798592.0,-0.51,-1.5022091310751104,0,3,0,3,0,0,2,0,,,,,,,,
2022-03-02,002001,33.6,34.5,33.2,33.89,291450,988489024.0,0.45,1.3456937799043065,,,,,,,,,,,,,,,,
2022-03-03,002001,33.85,35.16,33.82,34.71,264295,917815552.0,0.82,2.419592800236058,0,1,1,0,0,0,0,0,0,1,1,0,0,1,0,0
2022-03-04,002001,34.5,35.6,34.44,35.06,233929,822764864.0,0.35,1.0083549409392103,0,3,2,1,0,1,1,0,,,,,,,,
2022-03-07,002001,35.03,35.62,34.37,34.56,301743,1056671168.0,-0.5,-1.426126640045636,0,4,4,0,0,3,0,0,1,2,2,0,0,1,0,0
2022-03-08,002001,34.38,35.2,33.0,33.39,288812,978699456.0,-1.17,-3.3854166666666665,0,4,3,0,1,2,0,1,0,1,1,0,0,1,0,0
2022-03-09,002001,33.34,34.37,31.63,33.72,354971,1175782656.0,0.33,0.9883198562443846,0,2,2,0,0,1,0,0,2,3,3,0,0,2,0,0
2022-03-10,002001,34.08,35.39,33.74,35.02,311780,1080310400.0,1.3,3.855278766310795,0,3,3,0,0,1,0,0,0,3,2,0,1,1,0,1
2022-03-11,002001,34.88,36.06,34.56,36.0,370556,1320785920.0,0.98,2.7984009137635635,0,2,1,1,0,0,1,0,0,3,1,2,0,1,2,0
2022-03-14,002001,36.0,37.83,35.5,36.07,436263,1597442944.0,0.07,0.1944444444444444,0,1,1,0,0,1,0,0,0,1,1,0,0,1,0,0
2022-03-15,002001,35.7,35.7,33.35,33.5,359187,1239691776.0,-2.57,-7.125034654837815,0,6,6,0,0,4,0,0,1,2,1,0,1,0,0,1
2022-03-16,002001,34.45,34.62,31.72,33.79,452184,1486989440.0,0.29,0.8656716417910447,0,3,2,1,0,2,1,0,0,1,0,1,0,0,0,0
2022-03-17,002001,33.7,35.16,33.0,33.37,396691,1341923840.0,-0.42,-1.2429712932820365,0,2,1,1,0,1,1,0,0,1,1,0,0,1,0,0
2022-03-18,002001,33.2,33.68,32.41,33.37,231288,764545920.0,0.0,0.0,,,,,,,,,0,3,1,1,1,0,0,0
2022-03-21,002001,33.97,35.04,33.58,34.1,263407,899790272.0,0.73,2.187593646988313,,,,,,,,,0,1,1,0,0,1,0,0
2022-03-22,002001,34.4,34.81,34.0,34.19,244186,841350336.0,0.09,0.2639296187683284,,,,,,,,,0,1,0,0,1,0,0,1
2022-03-23,002001,33.83,34.06,33.07,33.17,217322,727673792.0,-1.02,-2.98332845861363,0,1,0,0,1,0,0,0,0,2,2,0,0,2,0,0
2022-03-24,002001,33.2,33.45,32.6,32.91,224421,739561280.0,-0.26,-0.7838408200180885,0,4,3,0,1,3,0,1,1,3,1,2,0,1,2,0
2022-03-25,002001,32.91,33.25,31.46,31.61,296866,951080192.0,-1.3,-3.950167122455181,0,3,2,1,0,2,1,0,0,2,1,1,0,1,1,0
2022-03-28,002001,31.01,31.89,30.63,31.68,247959,773785664.0,0.07,0.2214489085732363,0,2,1,0,1,1,0,1,3,5,4,1,0,3,1,0
2022-03-29,002001,31.91,32.58,31.38,32.18,168416,539306240.0,0.5,1.5782828282828285,0,4,3,1,0,3,1,0,,,,,,,,
2022-03-30,002001,32.44,32.48,31.75,32.32,131377,422748512.0,0.14,0.435052827843381,0,1,1,0,0,1,0,0,,,,,,,,
2022-03-31,002001,31.97,32.39,31.5,31.68,135636,432110848.0,-0.64,-1.98019801980198,0,3,3,0,0,3,0,0,0,4,4,0,0,2,0,0
2022-04-01,002001,31.8,34.09,31.8,33.05,379469,1260483584.0,1.37,4.32449494949495,,,,,,,,,1,4,3,1,0,1,1,0
2022-04-06,002001,33.51,33.55,32.55,33.25,182690,602996736.0,0.2,0.6051437216338881,0,2,1,1,0,0,1,0,0,4,4,0,0,0,0,0
2022-04-07,002001,32.9,34.01,32.87,33.65,217350,729981376.0,0.4,1.2030075187969926,0,1,1,0,0,1,0,0,0,9,9,0,0,3,0,0
2022-04-08,002001,33.5,34.28,33.27,34.18,172570,584899456.0,0.53,1.575037147102526,0,7,3,3,1,3,3,1,0,7,4,3,0,3,3,0
2022-04-11,002001,34.0,34.36,32.85,33.7,210793,709357952.0,-0.48,-1.4043300175541251,0,3,3,0,0,3,0,0,0,5,3,2,0,0,0,0
2022-04-12,002001,33.52,34.15,33.35,33.88,106153,359234816.0,0.18,0.5341246290801187,,,,,,,,,0,4,3,0,1,2,0,1
2022-04-13,002001,33.47,33.85,31.35,31.6,353008,1140342272.0,-2.28,-6.729634002361275,0,2,1,1,0,1,1,0,0,52,51,0,1,1,0,0
2022-04-14,002001,31.76,31.87,30.88,31.15,196209,611753216.0,-0.45,-1.4240506329113924,0,207,199,5,3,199,5,3,2,23,20,2,1,1,1,0
2022-04-15,002001,31.11,32.18,30.9,31.75,122315,388446048.0,0.6,1.9261637239165328,0,18,16,2,0,0,2,0,0,5,5,0,0,2,0,0
2022-04-18,002001,31.73,31.73,30.01,30.9,231538,709502912.0,-0.85,-2.677165354330709,0,3,3,0,0,1,0,0,0,1,1,0,0,0,0,0
2022-04-19,002001,30.75,31.8,30.7,31.18,147605,463064416.0,0.28,0.906148867313916,0,6,4,2,0,3,2,0,0,4,2,0,2,1,0,2
2022-04-20,002001,31.16,31.48,30.0,30.19,155278,472562048.0,-0.99,-3.175112251443233,0,1,1,0,0,1,0,0,0,2,2,0,0,2,0,0
2022-04-21,002001,30.01,30.55,29.31,29.36,155275,462676832.0,-0.83,-2.749254720105996,0,4,3,1,0,3,1,0,1,31,22,8,1,3,0,0
2022-04-22,002001,29.35,30.06,28.98,29.05,176066,517270464.0,-0.31,-1.055858310626703,0,3,2,0,1,0,0,1,2,6,4,2,0,3,1,0
2022-04-25,002001,28.58,28.82,26.94,26.94,305067,844737920.0,-2.11,-7.263339070567987,0,4,3,1,0,3,1,0,0,4,3,1,0,2,1,0
2022-04-26,002001,27.14,27.3,25.74,25.85,234542,620568320.0,-1.09,-4.046028210838902,0,3,3,0,0,3,0,0,1,5,5,0,0,1,0,0
2022-04-27,002001,25.65,26.44,25.15,26.34,301796,779738880.0,0.49,1.8955512572533848,0,5,4,1,0,3,1,0,3,8,6,0,2,3,0,0
2022-04-28,002001,26.45,26.93,25.75,26.23,191898,504783392.0,-0.11,-0.4176157934700076,0,1,1,0,0,1,0,0,1,6,5,1,0,2,0,0
2022-04-29,002001,26.4,27.0,26.12,26.77,244651,649141824.0,0.54,2.0587113991612656,0,3,2,1,0,1,1,0,0,5,3,1,1,1,1,0
2022-05-05,002001,26.78,27.36,26.6,26.98,203425,549011968.0,0.21,0.7844602166604409,0,1,0,1,0,0,1,0,2,4,4,0,0,2,0,0
2022-05-06,002001,26.35,26.86,26.18,26.54,183248,486451040.0,-0.44,-1.630837657524092,0,1,1,0,0,1,0,0,0,9,7,0,2,3,0,1
2022-05-09,002001,26.54,26.77,26.05,26.24,148664,391398368.0,-0.3,-1.1303692539562924,0,4,4,0,0,4,0,0,0,14,5,3,6,2,1,0
2022-05-10,002001,25.98,26.2,25.73,25.9,243550,630947584.0,-0.34,-1.295731707317073,,,,,,,,,0,2,2,0,0,1,0,0
2022-05-11,002001,26.0,27.06,25.95,26.48,288482,768464256.0,0.58,2.23938223938224,0,3,2,0,1,2,0,0,1,6,3,2,1,2,1,1
2022-05-12,002001,26.3,26.89,26.0,26.66,219871,583366144.0,0.18,0.6797583081570997,0,3,2,1,0,1,1,0,0,5,4,1,0,1,0,0
2022-05-13,002001,26.85,27.18,26.62,26.89,189494,509839232.0,0.23,0.86271567891973,0,2,1,1,0,1,1,0,0,1,0,0,1,0,0,1
2022-05-16,002001,27.0,27.05,25.61,25.76,365441,953228800.0,-1.13,-4.202305689847527,0,3,3,0,0,2,0,0,0,4,4,0,0,4,0,0
2022-05-17,002001,25.98,25.99,23.92,24.37,618640,1513138176.0,-1.39,-5.395962732919254,0,4,3,0,1,2,0,1,4,4,3,0,1,2,0,1
2022-05-18,002001,25.14,26.22,25.0,25.81,608389,1565574656.0,1.44,5.908904390644235,0,2,2,0,0,2,0,0,4,10,4,5,1,3,1,1
2022-05-19,002001,25.65,25.85,24.98,25.5,331190,841032640.0,-0.31,-1.2010848508330103,0,7,4,2,1,4,1,1,4,11,4,5,2,2,3,1
2022-05-20,002001,25.7,25.84,25.44,25.78,258945,664844032.0,0.28,1.0980392156862746,0,2,0,1,1,0,0,1,0,3,1,0,2,0,0,2
2022-05-23,002001,25.79,26.25,25.68,26.12,215539,560873216.0,0.34,1.3188518231186968,,,,,,,,,,,,,,,,
2022-05-24,002001,26.11,26.12,25.18,25.28,264864,676934528.0,-0.84,-3.215926493108729,0,1,0,1,0,0,1,0,0,1,1,0,0,0,0,0
2022-05-25,002001,20.5,20.78,20.31,20.64,214385,441428576.0,-4.64,-18.35443037974684,1,3,2,1,0,2,1,0,0,3,1,1,1,1,0,1
2022-05-26,002001,20.64,20.7,20.08,20.55,219491,448352384.0,-0.09,-0.436046511627907,0,3,1,2,0,1,2,0,1,19,17,0,2,2,0,0
2022-05-27,002001,20.56,20.75,20.27,20.49,179284,367957440.0,-0.06,-0.291970802919708,,,,,,,,,0,3,3,0,0,2,0,0
2022-05-30,002001,20.48,20.48,20.12,20.28,204490,414476416.0,-0.21,-1.0248901903367496,0,2,1,1,0,0,1,0,0,4,2,1,1,0,1,1
2022-05-31,002001,20.36,20.74,20.08,20.74,332894,680753216.0,0.46,2.268244575936884,0,2,1,1,0,1,1,0,2,4,2,1,1,1,1,1
2022-06-01,002001,20.73,21.03,20.48,20.68,260584,540362112.0,-0.06,-0.2892960462873674,0,3,1,2,0,1,2,0,1,11,2,9,0,0,1,0
2022-06-02,002001,20.57,21.06,20.41,21.0,286214,597374976.0,0.32,1.5473887814313347,0,3,2,1,0,2,1,0,0,1,0,0,1,0,0,0
2022-06-06,002001,20.92,21.2,20.77,21.2,320586,672806272.0,0.2,0.9523809523809524,,,,,,,,,,,,,,,,
2022-06-07,002001,21.2,22.19,21.12,22.03,468343,1025040128.0,0.83,3.9150943396226414,0,2,2,0,0,1,0,0,0,1,1,0,0,1,0,0
2022-06-08,002001,22.04,22.14,21.62,22.14,311859,682165952.0,0.11,0.4993191103041307,0,3,2,0,1,2,0,1,0,2,2,0,0,1,0,0
2022-06-09,002001,22.0,22.12,21.68,21.89,192694,420993472.0,-0.25,-1.1291779584462511,0,3,3,0,0,3,0,0,0,1,1,0,0,1,0,0
2022-06-10,002001,21.66,22.56,21.57,22.45,286567,636824896.0,0.56,2.5582457743261764,0,2,1,1,0,0,1,0,,,,,,,,
2022-06-13,002001,22.16,22.45,22.06,22.24,222072,492513824.0,-0.21,-0.9354120267260578,,,,,,,,,0,2,1,0,1,1,0,1
2022-06-14,002001,22.08,22.86,21.94,22.86,368689,830439360.0,0.62,2.787769784172662,0,3,3,0,0,2,0,0,0,2,2,0,0,1,0,0
2022-06-15,002001,23.6,23.96,23.01,23.09,431620,1010981760.0,0.23,1.006124234470691,0,3,3,0,0,3,0,0,0,1,0,1,0,0,0,0
2022-06-16,002001,23.09,23.4,22.86,22.99,223491,515287840.0,-0.1,-0.43308791684712,0,1,0,1,0,0,1,0,0,10,5,5,0,4,2,0
2022-06-17,002001,22.75,23.35,22.6,23.2,236897,545148992.0,0.21,0.9134406263592866,0,49,24,25,0,23,23,0,0,25,10,14,1,0,0,0
2022-06-20,002001,23.21,23.5,23.1,23.46,234886,548301248.0,0.26,1.1206896551724137,0,3,1,2,0,1,1,0,0,1,1,0,0,0,0,0
2022-06-21,002001,23.46,23.54,22.6,22.84,279956,643495616.0,-0.62,-2.6427962489343564,0,2,1,1,0,1,0,0,0,3,2,1,0,2,0,0
2022-06-22,002001,22.82,23.11,22.55,22.6,191362,436164704.0,-0.24,-1.0507880910683012,0,2,2,0,0,2,0,0,0,2,2,0,0,2,0,0
2022-06-23,002001,22.52,22.72,22.24,22.7,214663,483953856.0,0.1,0.4424778761061947,1,5,4,1,1,3,0,1,0,3,2,0,1,2,0,0
2022-06-24,002001,22.81,22.85,22.35,22.55,219071,493514752.0,-0.15,-0.6607929515418502,0,4,3,1,0,3,1,0,0,2,2,0,0,2,0,0
2022-06-27,002001,22.61,23.3,22.61,22.99,288554,663978816.0,0.44,1.951219512195122,0,1,1,0,0,1,0,0,0,6,6,0,0,4,0,0
2022-06-28,002001,22.82,23.06,22.64,23.01,191746,438666688.0,0.02,0.0869943453675511,0,3,3,0,0,2,0,0,0,2,1,1,0,0,1,0
2022-06-29,002001,23.02,23.39,22.73,22.78,230874,532469248.0,-0.23,-0.9995654063450672,0,3,1,2,0,0,1,0,0,1,1,0,0,0,0,0
2022-06-30,002001,22.71,23.0,22.71,22.81,184449,421616352.0,0.03,0.131694468832309,0,1,1,0,0,1,0,0,1,5,2,2,1,0,2,1
2022-07-01,002001,22.8,22.84,22.22,22.34,298193,669940224.0,-0.47,-2.060499780797896,0,1,1,0,0,1,0,0,,,,,,,,
2022-07-04,002001,22.34,22.98,22.27,22.84,364942,830595584.0,0.5,2.2381378692927485,0,2,1,1,0,1,1,0,0,4,1,2,1,1,2,1
2022-07-05,002001,22.93,22.97,22.44,22.86,205007,465930944.0,0.02,0.0875656742556917,0,5,4,1,0,4,1,0,2,4,4,0,0,4,0,0
2022-07-06,002001,22.8,22.8,21.4,21.8,429502,945275456.0,-1.06,-4.636920384951881,0,4,3,1,0,3,1,0,0,4,3,1,0,3,1,0
2022-07-07,002001,21.8,21.87,21.48,21.56,271579,586851584.0,-0.24,-1.1009174311926606,,,,,,,,,2,3,3,0,0,2,0,0
2022-07-08,002001,21.56,21.89,21.17,21.39,298947,639774592.0,-0.17,-0.7884972170686457,0,4,3,0,1,3,0,1,,,,,,,,
2022-07-11,002001,21.36,21.46,21.06,21.3,175306,371590496.0,-0.09,-0.4207573632538569,,,,,,,,,0,1,0,1,0,0,1,0
2022-07-12,002001,21.33,21.35,20.91,20.95,178798,376131552.0,-0.35,-1.643192488262911,0,2,2,0,0,2,0,0,0,1,1,0,0,1,0,0
2022-07-13,002001,21.07,21.13,20.66,20.88,172964,360413248.0,-0.07,-0.3341288782816229,0,3,2,1,0,2,1,0,13,15,3,1,11,1,0,3
2022-07-14,002001,20.9,21.17,20.54,20.95,263311,548968832.0,0.07,0.3352490421455938,,,,,,,,,1,2,2,0,0,2,0,0
2022-07-15,002001,20.95,21.09,20.59,20.61,313401,654119296.0,-0.34,-1.6229116945107398,,,,,,,,,1,4,1,1,2,0,1,1
2022-07-18,002001,20.54,21.5,20.45,21.36,335817,709859392.0,0.75,3.6390101892285296,0,5,3,2,0,2,2,0,0,2,2,0,0,2,0,0
2022-07-19,002001,21.55,22.1,21.46,21.59,310592,675607040.0,0.23,1.0767790262172283,0,3,1,2,0,0,1,0,0,6,4,2,0,0,2,0
2022-07-20,002001,21.62,21.84,21.3,21.6,211846,457949184.0,0.01,0.0463177396943029,0,3,0,2,1,0,2,1,0,1,0,1,0,0,1,0
2022-07-21,002001,21.49,21.92,21.45,21.5,163946,355603072.0,-0.1,-0.4629629629629629,,,,,,,,,8,10,4,4,2,1,1,1
2022-07-22,002001,21.5,21.69,21.04,21.23,158528,337673088.0,-0.27,-1.255813953488372,0,2,1,1,0,1,1,0,1,5,5,0,0,4,0,0
2022-07-25,002001,21.31,21.31,20.85,21.03,113464,238422656.0,-0.2,-0.9420631182289214,0,2,1,1,0,1,1,0,0,2,1,1,0,1,1,0
2022-07-26,002001,21.17,21.17,20.76,20.91,166623,348432288.0,-0.12,-0.5706134094151213,0,1,1,0,0,1,0,0,,,,,,,,
2022-07-27,002001,20.9,21.15,20.82,20.93,119347,250500224.0,0.02,0.0956480153036824,0,2,2,0,0,2,0,0,0,1,1,0,0,1,0,0
2022-07-28,002001,21.09,21.28,20.89,20.93,123560,260255920.0,0.0,0.0,0,1,1,0,0,1,0,0,0,1,1,0,0,1,0,0
2022-07-29,002001,20.97,21.02,20.56,20.62,178755,370167040.0,-0.31,-1.48112756808409,0,5,5,0,0,5,0,0,0,4,3,0,1,2,0,1
2022-08-01,002001,20.59,20.59,20.0,20.22,277604,562545792.0,-0.4,-1.939864209505335,0,3,2,1,0,2,1,0,0,6,4,2,0,2,1,0
2022-08-02,002001,19.99,20.0,19.3,19.65,298827,585811456.0,-0.57,-2.8189910979228485,,,,,,,,,0,2,2,0,0,2,0,0
2022-08-03,002001,19.64,19.99,19.53,19.55,166575,329511904.0,-0.1,-0.5089058524173028,0,4,2,2,0,2,2,0,0,3,3,0,0,3,0,0
2022-08-04,002001,19.7,19.87,19.57,19.75,107068,211120464.0,0.2,1.0230179028132993,0,2,2,0,0,2,0,0,0,5,4,0,1,2,0,1
2022-08-05,002001,19.76,20.28,19.76,20.26,133561,267374000.0,0.51,2.5822784810126582,0,3,3,0,0,3,0,0,1,2,0,2,0,0,1,0
2022-08-08,002001,20.31,20.51,20.12,20.27,129099,262018784.0,0.01,0.0493583415597235,0,2,1,0,1,0,0,1,,,,,,,,
2022-08-09,002001,20.32,20.32,19.91,19.99,158285,317033792.0,-0.28,-1.3813517513566849,0,3,3,0,0,2,0,0,0,5,5,0,0,2,0,0
2022-08-10,002001,20.0,20.1,19.64,19.69,184829,366114880.0,-0.3,-1.500750375187594,,,,,,,,,0,5,3,2,0,1,1,0
2022-08-11,002001,19.89,20.48,19.81,20.32,295227,599259776.0,0.63,3.1995937023869985,0,4,1,2,1,1,2,1,1,5,3,1,1,1,1,1
2022-08-12,002001,20.2,21.5,20.2,21.16,418942,878148992.0,0.84,4.133858267716536,0,4,3,1,0,1,1,0,0,5,2,2,1,0,0,0
2022-08-15,002001,21.16,21.45,21.05,21.38,302238,642714752.0,0.22,1.0396975425330812,0,4,1,3,0,1,3,0,0,2,2,0,0,1,0,0
2022-08-16,002001,21.38,21.43,21.14,21.28,156271,332569472.0,-0.1,-0.4677268475210477,0,1,1,0,0,1,0,0,5,16,14,0,2,3,0,1
2022-08-17,002001,21.34,21.95,21.25,21.9,342433,743529152.0,0.62,2.913533834586466,0,3,3,0,0,3,0,0,0,1,1,0,0,0,0,0
2022-08-18,002001,21.8,21.84,21.53,21.6,153523,331703584.0,-0.3,-1.36986301369863,0,4,3,0,1,3,0,1,0,6,3,0,3,1,0,2
2022-08-19,002001,21.6,21.69,21.1,21.47,215391,460996384.0,-0.13,-0.6018518518518519,0,3,3,0,0,3,0,0,0,3,1,2,0,0,1,0
2022-08-22,002001,21.58,23.08,21.46,22.97,705667,1596098048.0,1.5,6.986492780624126,0,4,3,1,0,3,1,0,0,2,1,1,0,1,0,0
2022-08-23,002001,22.91,25.0,22.81,24.23,966013,2311017984.0,1.26,5.485415759686547,,,,,,,,,1,2,1,0,1,0,0,1
2022-08-24,002001,24.0,25.15,23.88,24.1,956752,2350479872.0,-0.13,-0.5365249690466364,0,5,1,4,0,1,4,0,1,1,1,0,0,1,0,0
2022-08-25,002001,24.21,24.6,23.35,24.18,441935,1059165760.0,0.08,0.3319502074688796,0,4,3,1,0,2,1,0,2,2,0,2,0,0,1,0
2022-08-26,002001,24.15,24.95,23.76,23.92,587476,1427214208.0,-0.26,-1.0752688172043012,0,2,1,1,0,0,1,0,1,1,1,0,0,1,0,0
2022-08-29,002001,23.49,24.17,23.43,23.66,354036,841388416.0,-0.26,-1.0869565217391304,0,1,1,0,0,0,0,0,,,,,,,,
2022-08-30,002001,23.5,24.15,23.36,23.51,287933,681747072.0,-0.15,-0.6339814032121724,0,1,0,1,0,0,1,0,,,,,,,,
2022-08-31,002001,23.44,23.45,22.28,22.47,425454,964487808.0,-1.04,-4.423649510846448,,,,,,,,,0,1,1,0,0,1,0,0
2022-09-01,002001,22.6,22.7,22.26,22.42,222985,500352544.0,-0.05,-0.2225189141076991,0,3,2,1,0,2,0,0,0,2,2,0,0,2,0,0
2022-09-02,002001,22.54,22.6,22.0,22.08,185343,410501664.0,-0.34,-1.5165031222123104,0,2,2,0,0,1,0,0,0,2,1,1,0,0,0,0
2022-09-05,002001,22.88,23.2,22.5,22.85,379707,868931840.0,0.77,3.4873188405797104,,,,,,,,,,,,,,,,
2022-09-06,002001,22.95,24.86,22.9,24.67,632866,1532814464.0,1.82,7.964989059080962,0,4,4,0,0,4,0,0,2,8,3,5,0,2,4,0
2022-09-07,002001,24.63,25.07,24.0,24.67,467494,1152645888.0,0.0,0.0,0,4,2,2,0,2,2,0,0,2,2,0,0,2,0,0
2022-09-08,002001,24.37,24.62,23.66,23.91,390368,936136000.0,-0.76,-3.0806647750304013,0,6,3,3,0,3,2,0,0,1,1,0,0,1,0,0
2022-09-09,002001,23.91,24.23,23.6,24.13,343359,822147072.0,0.22,0.9201171058134672,0,1,1,0,0,1,0,0,2,3,0,3,0,0,3,0
2022-09-13,002001,24.03,24.08,23.51,23.98,274721,654202048.0,-0.15,-0.6216328222130129,0,1,1,0,0,1,0,0,0,2,2,0,0,2,0,0
2022-09-14,002001,23.5,23.84,23.12,23.22,284702,665524608.0,-0.76,-3.16930775646372,0,5,3,2,0,3,2,0,0,2,0,1,1,0,1,1
2022-09-15,002001,23.38,23.67,22.47,22.7,266480,608387904.0,-0.52,-2.239448751076658,0,2,2,0,0,1,0,0,0,2,1,0,1,1,0,1
2022-09-16,002001,22.6,22.7,21.8,21.81,278662,617581056.0,-0.89,-3.920704845814978,0,1,0,1,0,0,1,0,0,2,1,0,1,1,0,1
2022-09-19,002001,21.7,22.08,21.18,21.46,252153,543616128.0,-0.35,-1.6047684548372303,0,2,1,1,0,1,1,0,,,,,,,,
2022-09-20,002001,21.65,21.72,21.14,21.26,213744,456257440.0,-0.2,-0.9319664492078285,0,3,2,1,0,2,1,0,0,11,11,0,0,4,0,0
2022-09-21,002001,21.14,21.5,20.87,21.3,193342,410102528.0,0.04,0.1881467544684854,0,4,1,2,1,1,2,1,0,3,1,2,0,0,2,0
2022-09-22,002001,21.13,21.55,21.05,21.19,181014,385948192.0,-0.11,-0.5164319248826291,0,2,2,0,0,2,0,0,0,3,3,0,0,3,0,0
2022-09-23,002001,21.18,21.31,20.62,20.88,202298,422378208.0,-0.31,-1.46295422369042,0,3,2,1,0,1,1,0,0,2,1,1,0,1,1,0
2022-09-26,002001,20.67,21.18,20.6,20.75,182083,381257408.0,-0.13,-0.6226053639846743,0,2,1,1,0,1,1,0,,,,,,,,
2022-09-27,002001,20.81,21.45,20.8,21.38,185760,393955072.0,0.63,3.036144578313253,0,1,0,0,1,0,0,1,,,,,,,,
2022-09-28,002001,21.65,22.16,21.38,21.65,286262,622876928.0,0.27,1.262862488306829,0,3,2,1,0,2,1,0,0,2,2,0,0,1,0,0
2022-09-29,002001,22.03,22.38,21.74,21.95,253939,559911552.0,0.3,1.3856812933025404,0,1,1,0,0,1,0,0,1,1,0,1,0,0,0,0
2022-09-30,002001,21.8,22.68,21.75,22.19,260859,581882496.0,0.24,1.0933940774487472,0,2,2,0,0,2,0,0,2,3,3,0,0,1,0,0
2022-10-10,002001,22.1,22.1,21.33,21.54,199822,431227168.0,-0.65,-2.9292474087426768,0,3,3,0,0,3,0,0,0,1,0,0,1,0,0,1
2022-10-11,002001,21.45,21.63,21.09,21.23,159067,338566080.0,-0.31,-1.4391829155060354,0,4,4,0,0,4,0,0,1,1,0,0,1,0,0,1
2022-10-12,002001,21.33,21.33,20.41,21.27,273289,569154240.0,0.04,0.1884126236457842,0,3,2,1,0,2,1,0,,,,,,,,
2022-10-13,002001,21.1,21.58,20.92,21.34,194447,415432480.0,0.07,0.3291020216267042,0,2,2,0,0,2,0,0,,,,,,,,
2022-10-14,002001,21.3,22.2,21.3,21.79,253891,555348224.0,0.45,2.108716026241799,0,1,1,0,0,0,0,0,,,,,,,,
2022-10-17,002001,21.8,22.28,21.58,21.92,176025,385348800.0,0.13,0.5966039467645708,0,2,0,2,0,0,2,0,,,,,,,,
2022-10-18,002001,21.91,22.14,21.5,21.97,203597,445723552.0,0.05,0.2281021897810218,0,1,1,0,0,1,0,0,,,,,,,,
2022-10-19,002001,21.8,21.89,19.78,20.02,880134,1778648960.0,-1.95,-8.875739644970414,,,,,,,,,3,3,0,0,3,0,0,1
2022-10-20,002001,19.83,20.08,19.6,19.68,332510,659065472.0,-0.34,-1.6983016983016983,0,1,1,0,0,1,0,0,0,1,1,0,0,1,0,0
2022-10-21,002001,19.73,19.78,18.65,19.02,577787,1098438400.0,-0.66,-3.353658536585366,0,4,4,0,0,4,0,0,,,,,,,,
2022-10-24,002001,19.02,19.12,18.21,18.31,352720,652433792.0,-0.71,-3.732912723449001,,,,,,,,,,,,,,,,
2022-10-25,002001,18.25,18.3,17.5,17.77,382803,682604160.0,-0.54,-2.9492080830147462,0,1,0,1,0,0,1,0,4,4,1,0,3,1,0,1
2022-10-26,002001,17.88,18.64,17.74,18.09,448225,814888448.0,0.32,1.8007878446820484,0,3,3,0,0,2,0,0,1,1,1,0,0,1,0,0
2022-10-27,002001,18.15,18.63,17.86,18.38,317026,579515840.0,0.29,1.6030956329463792,0,2,1,0,1,1,0,1,,,,,,,,
2022-10-28,002001,18.37,18.37,17.79,17.87,215616,389056864.0,-0.51,-2.774755168661589,,,,,,,,,0,1,0,1,0,0,1,0
2022-10-31,002001,17.68,18.1,17.64,17.92,168531,301964736.0,0.05,0.2797985450475657,0,2,2,0,0,2,0,0,1,1,0,1,0,0,1,0
2022-11-01,002001,18.0,19.3,18.0,19.21,465046,875800448.0,1.29,7.1986607142857135,0,1,1,0,0,1,0,0,1,2,2,0,0,2,0,0
2022-11-02,002001,19.16,19.4,19.0,19.21,221245,425723488.0,0.0,0.0,0,2,2,0,0,2,0,0,,,,,,,,
2022-11-03,002001,19.09,19.12,18.85,19.04,127682,242599456.0,-0.17,-0.8849557522123894,0,5,5,0,0,3,0,0,1,1,1,0,0,1,0,0
2022-11-04,002001,19.4,19.87,19.35,19.44,294379,576719296.0,0.4,2.100840336134454,0,1,1,0,0,1,0,0,,,,,,,,
2022-11-07,002001,19.4,19.6,19.3,19.38,164050,318552544.0,-0.06,-0.3086419753086419,0,2,1,1,0,1,1,0,0,2,1,1,0,1,1,0
2022-11-08,002001,19.48,19.48,18.99,19.17,185022,354400416.0,-0.21,-1.08359133126935,1,3,2,1,0,2,1,0,1,2,2,0,0,2,0,0
2022-11-09,002001,19.18,19.26,19.05,19.2,106586,204280560.0,0.03,0.1564945226917058,0,1,1,0,0,1,0,0,,,,,,,,
2022-11-10,002001,19.1,19.26,19.01,19.2,123530,236718688.0,0.0,0.0,0,4,2,2,0,2,1,0,0,1,1,0,0,1,0,0
2022-11-11,002001,19.6,19.65,19.13,19.28,222027,430571328.0,0.08,0.4166666666666667,0,2,1,1,0,1,1,0,1,6,1,5,0,1,4,0
2022-11-14,002001,19.27,19.64,19.04,19.4,178961,347640736.0,0.12,0.6224066390041494,0,2,2,0,0,2,0,0,0,3,2,0,1,2,0,1
2022-11-15,002001,19.55,19.89,19.13,19.87,280367,546776704.0,0.47,2.4226804123711343,0,1,1,0,0,1,0,0,0,2,1,0,1,1,0,1
2022-11-16,002001,19.8,19.92,19.23,19.38,275967,538410432.0,-0.49,-2.4660291897332662,,,,,,,,,,,,,,,,
2022-11-17,002001,19.3,19.63,19.23,19.5,127998,248947744.0,0.12,0.6191950464396285,0,3,1,2,0,1,2,0,,,,,,,,
2022-11-18,002001,19.46,19.82,19.4,19.5,189750,371529472.0,0.0,0.0,,,,,,,,,3,5,2,3,0,2,1,0
2022-11-21,002001,19.5,19.88,19.28,19.78,228308,448390592.0,0.28,1.435897435897436,0,2,2,0,0,2,0,0,,,,,,,,
2022-11-22,002001,19.66,20.45,19.66,20.18,373297,755262336.0,0.4,2.0222446916076846,0,4,3,1,0,3,1,0,,,,,,,,
2022-11-23,002001,20.51,20.6,19.72,20.03,248515,499460128.0,-0.15,-0.7433102081268582,0,4,4,0,0,2,0,0,,,,,,,,
2022-11-24,002001,20.09,20.25,19.9,20.12,138730,278330144.0,0.09,0.4493260109835247,0,1,1,0,0,0,0,0,0,1,1,0,0,0,0,0
2022-11-25,002001,20.0,20.2,19.73,20.1,147042,294347872.0,-0.02,-0.099403578528827,0,3,3,0,0,3,0,0,0,1,1,0,0,1,0,0
2022-11-28,002001,19.84,19.97,19.53,19.63,137387,270357088.0,-0.47,-2.3383084577114426,0,1,1,0,0,1,0,0,,,,,,,,
2022-11-29,002001,19.78,19.92,19.56,19.82,169859,335405856.0,0.19,0.967906265919511,0,2,2,0,0,0,0,0,0,2,2,0,0,0,0,0
2022-11-30,002001,19.79,19.98,19.63,19.7,152660,302309088.0,-0.12,-0.6054490413723511,0,1,1,0,0,1,0,0,0,1,1,0,0,1,0,0
2022-12-01,002001,19.87,20.1,19.73,19.88,189171,376557184.0,0.18,0.9137055837563453,0,1,1,0,0,1,0,0,,,,,,,,
2022-12-02,002001,19.85,19.98,19.7,19.8,118995,235888688.0,-0.08,-0.4024144869215292,0,3,1,2,0,1,2,0,,,,,,,,
2022-12-05,002001,19.9,20.29,19.88,20.09,212637,426967872.0,0.29,1.4646464646464648,0,1,1,0,0,1,0,0,,,,,,,,
2022-12-06,002001,20.1,20.13,19.69,19.76,216577,429111488.0,-0.33,-1.642608262817322,0,1,0,1,0,0,1,0,,,,,,,,
2022-12-07,002001,19.75,20.2,19.57,20.13,247284,493826240.0,0.37,1.8724696356275303,0,1,1,0,0,1,0,0,,,,,,,,
2022-12-08,002001,20.09,20.2,19.9,19.93,158278,316343232.0,-0.2,-0.9935419771485344,0,2,2,0,0,2,0,0,2,5,1,4,0,0,3,0
2022-12-09,002001,19.85,20.02,19.64,19.75,211314,417444064.0,-0.18,-0.9031610637230304,0,1,1,0,0,0,0,0,,,,,,,,
2022-12-12,002001,20.01,20.99,20.0,20.71,616430,1268601472.0,0.96,4.860759493670886,0,1,1,0,0,1,0,0,0,1,1,0,0,1,0,0
2022-12-13,002001,20.51,20.6,20.1,20.27,322350,652946752.0,-0.44,-2.1245774987928536,0,1,1,0,0,1,0,0,,,,,,,,
2022-12-14,002001,20.36,20.36,19.83,20.01,223186,446269696.0,-0.26,-1.2826837691169215,0,2,1,1,0,1,0,0,,,,,,,,
2022-12-15,002001,19.86,20.01,19.81,19.91,128666,255798432.0,-0.1,-0.4997501249375312,0,2,2,0,0,2,0,0,,,,,,,,
2022-12-16,002001,19.85,20.3,19.8,20.09,205348,412389952.0,0.18,0.9040683073832244,0,3,2,1,0,2,0,0,,,,,,,,
2022-12-19,002001,20.06,20.18,19.1,19.11,312995,608780736.0,-0.98,-4.878048780487805,0,1,1,0,0,1,0,0,,,,,,,,
2022-12-20,002001,19.01,19.11,18.73,18.82,148345,280510176.0,-0.29,-1.5175300889586605,0,4,4,0,0,2,0,0,1,2,1,1,0,1,0,0
2022-12-21,002001,18.9,19.07,18.82,18.94,78055,147923936.0,0.12,0.6376195536663124,0,1,1,0,0,1,0,0,,,,,,,,
2022-12-22,002001,18.96,19.06,18.55,18.69,116761,219533824.0,-0.25,-1.319957761351637,0,1,1,0,0,1,0,0,,,,,,,,
2022-12-23,002001,18.59,18.75,18.46,18.57,81038,150574800.0,-0.12,-0.6420545746388443,0,1,1,0,0,1,0,0,0,1,1,0,0,1,0,0
2022-12-26,002001,18.56,18.71,18.12,18.23,190674,349859008.0,-0.34,-1.830910070005385,0,2,2,0,0,2,0,0,,,,,,,,
2022-12-27,002001,18.33,18.5,18.2,18.41,109737,201541984.0,0.18,0.9873834339001646,0,3,3,0,0,3,0,0,,,,,,,,
2022-12-28,002001,18.4,18.57,18.33,18.42,99065,182758432.0,0.01,0.0543183052688756,0,2,2,0,0,2,0,0,0,3,3,0,0,1,0,0
2022-12-29,002001,18.44,18.82,18.27,18.69,123453,230112992.0,0.27,1.4657980456026058,0,2,2,0,0,2,0,0,0,4,2,0,2,1,0,1
2022-12-30,002001,18.6,18.8,18.54,18.75,94789,177055680.0,0.06,0.3210272873194221,0,3,1,2,0,1,2,0,0,2,2,0,0,0,0,0
2023-01-03,002001,18.86,18.94,18.7,18.88,104987,197584176.0,0.13,0.6933333333333334,0,1,0,1,0,0,1,0,1,2,2,0,0,2,0,0
2023-01-04,002001,18.88,18.88,18.65,18.74,121203,227245072.0,-0.14,-0.7415254237288136,0,6,6,0,0,6,0,0,0,3,3,0,0,3,0,0
2023-01-05,002001,18.74,18.9,18.66,18.84,132258,248749184.0,0.1,0.5336179295624333,0,2,2,0,0,2,0,0,2,3,2,1,0,2,1,0
2023-01-06,002001,18.92,19.35,18.7,19.25,181514,346967296.0,0.41,2.176220806794055,0,2,1,1,0,0,0,0,1,2,1,1,0,1,0,0
2023-01-09,002001,19.11,19.22,18.93,19.02,157245,299409664.0,-0.23,-1.194805194805195,0,5,3,1,1,3,1,1,1,3,0,1,2,0,0,1
2023-01-10,002001,19.06,19.09,18.84,18.88,120718,228237168.0,-0.14,-0.7360672975814931,0,5,4,1,0,4,1,0,,,,,,,,
2023-01-11,002001,18.94,19.05,18.82,18.86,91160,172465808.0,-0.02,-0.1059322033898305,0,3,3,0,0,3,0,0,1,1,1,0,0,1,0,0
2023-01-12,002001,18.81,19.03,18.78,18.87,73542,138981104.0,0.01,0.0530222693531283,0,2,2,0,0,2,0,0,0,1,1,0,0,1,0,0
2023-01-13,002001,18.9,19.06,18.83,19.03,109826,208354208.0,0.16,0.8479067302596714,0,6,4,1,1,4,1,1,,,,,,,,
2023-01-16,002001,19.02,19.46,19.01,19.27,186137,359145504.0,0.24,1.2611665790856543,0,6,5,1,0,4,1,0,0,1,1,0,0,1,0,0
2023-01-17,002001,19.32,19.36,19.15,19.24,80407,154821616.0,-0.03,-0.1556824078879086,0,1,1,0,0,1,0,0,,,,,,,,
2023-01-18,002001,19.17,19.31,19.08,19.19,102304,195998416.0,-0.05,-0.2598752598752599,0,4,3,1,0,3,1,0,1,2,1,1,0,1,1,0
2023-01-19,002001,19.08,19.34,18.97,19.3,120300,230834624.0,0.11,0.5732152162584679,0,3,2,1,0,2,1,0,0,4,2,1,1,0,0,0
2023-01-20,002001,19.28,19.59,19.27,19.52,122446,238303360.0,0.22,1.1398963730569949,0,4,3,1,0,3,1,0,0,1,0,0,1,0,0,0
2023-01-30,002001,19.64,19.84,19.52,19.53,163907,322287488.0,0.01,0.0512295081967213,0,3,2,1,0,1,1,0,0,1,1,0,0,1,0,0
2023-01-31,002001,19.5,19.64,19.4,19.48,98820,192476976.0,-0.05,-0.2560163850486431,0,4,3,1,0,2,1,0,0,1,1,0,0,0,0,0
2023-02-01,002001,19.5,19.67,19.46,19.6,129305,252814864.0,0.12,0.6160164271047228,0,2,1,1,0,1,1,0,0,3,2,0,1,1,0,0
2023-02-02,002001,19.62,19.93,19.52,19.8,185576,367005280.0,0.2,1.020408163265306,0,7,7,0,0,7,0,0,0,2,1,0,1,1,0,0
2023-02-03,002001,19.78,19.78,19.38,19.53,149450,291639680.0,-0.27,-1.3636363636363635,0,1,1,0,0,1,0,0,0,2,2,0,0,1,0,0
2023-02-06,002001,19.43,19.43,19.2,19.23,111583,215084816.0,-0.3,-1.5360983102918586,0,1,1,0,0,1,0,0,0,2,1,0,1,1,0,1
2023-02-07,002001,19.29,19.35,19.14,19.24,90272,173450240.0,0.01,0.0520020800832033,0,4,3,1,0,1,1,0,,,,,,,,
2023-02-08,002001,19.2,19.29,19.15,19.21,67965,130574904.0,-0.03,-0.1559251559251559,0,5,5,0,0,3,0,0,0,2,2,0,0,2,0,0
2023-02-09,002001,19.11,19.35,19.11,19.27,119026,229104288.0,0.06,0.312337324310255,0,4,3,1,0,3,1,0,0,2,2,0,0,2,0,0
2023-02-10,002001,19.27,19.39,19.22,19.29,76158,146924368.0,0.02,0.1037882719252724,0,2,2,0,0,2,0,0,0,2,2,0,0,2,0,0
2023-02-13,002001,19.29,19.69,19.25,19.59,154686,301623392.0,0.3,1.5552099533437014,0,1,1,0,0,1,0,0,0,2,2,0,0,2,0,0
2023-02-14,002001,19.57,19.93,19.55,19.78,196393,387746656.0,0.19,0.9698825931597752,0,3,3,0,0,3,0,0,1,4,3,1,0,3,1,0
2023-02-15,002001,19.79,19.79,19.58,19.68,108152,212521984.0,-0.1,-0.5055611729019212,0,4,4,0,0,4,0,0,0,3,3,0,0,3,0,0
2023-02-16,002001,19.61,19.74,19.13,19.26,185164,360899296.0,-0.42,-2.1341463414634148,0,2,2,0,0,1,0,0,0,1,1,0,0,0,0,0
2023-02-17,002001,19.26,19.54,19.21,19.34,141174,273608544.0,0.08,0.4153686396677051,0,2,1,1,0,1,1,0,0,2,1,0,1,1,0,1
2023-02-20,002001,19.4,19.49,19.16,19.48,167515,323545408.0,0.14,0.7238883143743536,0,3,2,0,1,1,0,1,0,1,1,0,0,1,0,0
2023-02-21,002001,19.45,19.88,19.4,19.74,226411,446466784.0,0.26,1.3347022587268993,,,,,,,,,0,1,0,1,0,0,1,0
2023-02-22,002001,19.72,19.73,19.55,19.61,101692,199548384.0,-0.13,-0.6585612968591692,,,,,,,,,0,1,1,0,0,0,0,0
2023-02-23,002001,19.61,19.77,19.34,19.47,122052,238281504.0,-0.14,-0.7139214686384497,0,1,0,1,0,0,1,0,1,2,1,1,0,1,1,0
2023-02-24,002001,19.47,19.51,19.25,19.29,121831,235674976.0,-0.18,-0.9244992295839756,0,3,3,0,0,3,0,0,3,3,0,0,3,0,0,2
2023-02-27,002001,19.18,19.37,18.79,18.94,193129,365907232.0,-0.35,-1.8144116122343183,0,1,1,0,0,1,0,0,1,4,4,0,0,3,0,0
2023-02-28,002001,18.94,19.05,18.9,18.97,127796,242338944.0,0.03,0.1583949313621964,0,2,2,0,0,2,0,0,1,0,0,0,1,0,0,0
2023-03-01,002001,19.01,19.2,18.93,19.17,122203,232843696.0,0.2,1.0542962572482868,0,2,2,0,0,2,0,0,0,1,1,0,0,1,0,0
2023-03-02,002001,19.28,19.29,19.04,19.05,117241,224123440.0,-0.12,-0.6259780907668232,0,3,3,0,0,3,0,0,2,7,3,4,0,2,4,0
2023-03-03,002001,19.05,19.13,18.78,18.88,196381,370596160.0,-0.17,-0.8923884514435696,0,1,1,0,0,1,0,0,,,,,,,,
2023-03-06,002001,18.87,18.97,18.8,18.88,106415,200976400.0,0.0,0.0,0,2,2,0,0,2,0,0,0,2,1,0,1,1,0,1
2023-03-07,002001,18.9,18.97,18.53,18.56,159179,298087520.0,-0.32,-1.694915254237288,0,2,2,0,0,2,0,0,0,1,1,0,0,1,0,0
2023-03-08,002001,18.51,18.69,18.47,18.54,84785,157335360.0,-0.02,-0.1077586206896551,0,6,6,0,0,6,0,0,0,3,2,0,1,2,0,1
2023-03-09,002001,18.55,18.61,18.45,18.47,89494,165728816.0,-0.07,-0.3775620280474649,0,3,2,0,1,2,0,1,0,3,2,0,1,1,0,1
2023-03-10,002001,18.47,18.48,18.23,18.36,105822,194092896.0,-0.11,-0.5955603681645912,0,1,0,1,0,0,1,0,0,1,1,0,0,1,0,0
2023-03-13,002001,18.3,18.51,18.26,18.41,73154,134507312.0,0.05,0.2723311546840958,0,5,5,0,0,5,0,0,0,1,0,0,1,0,0,1
2023-03-14,002001,18.35,18.58,18.22,18.38,112243,206394416.0,-0.03,-0.1629549158066268,0,2,2,0,0,2,0,0,0,3,2,0,1,1,0,1
2023-03-15,002001,18.42,18.55,18.22,18.27,165639,304295296.0,-0.11,-0.5984766050054406,0,3,3,0,0,3,0,0,0,3,1,2,0,0,1,0
2023-03-16,002001,18.23,18.24,17.96,18.02,143601,259244480.0,-0.25,-1.3683634373289546,0,3,2,0,1,2,0,1,0,1,0,1,0,0,1,0
2023-03-17,002001,18.05,18.14,17.8,17.86,178771,320605056.0,-0.16,-0.8879023307436182,0,1,1,0,0,1,0,0,0,2,0,2,0,0,1,0
2023-03-20,002001,17.87,17.87,17.44,17.68,166221,292699808.0,-0.18,-1.007838745800672,0,4,4,0,0,4,0,0,0,3,2,1,0,2,1,0
2023-03-21,002001,17.66,18.05,17.64,18.02,110798,198514944.0,0.34,1.9230769230769231,0,5,4,0,1,3,0,1,0,1,1,0,0,1,0,0
2023-03-22,002001,18.05,18.18,17.86,17.94,119163,214406976.0,-0.08,-0.4439511653718091,0,6,6,0,0,4,0,0,0,7,4,2,1,4,2,1
2023-03-23,002001,17.94,18.01,17.66,17.77,163776,291216832.0,-0.17,-0.947603121516165,0,1,1,0,0,1,0,0,0,1,1,0,0,1,0,0
2023-03-24,002001,17.83,17.93,17.77,17.79,88034,157040128.0,0.02,0.112549240292628,0,6,3,1,2,3,1,2,0,1,0,0,1,0,0,1
2023-03-27,002001,17.79,17.88,17.68,17.82,89520,159232528.0,0.03,0.1686340640809443,0,1,1,0,0,0,0,0,4,9,5,1,3,5,1,2
2023-03-28,002001,17.9,18.11,17.85,18.03,145685,262176032.0,0.21,1.1784511784511784,1,5,2,2,1,2,2,1,1,2,0,2,0,0,2,0
2023-03-29,002001,18.0,18.01,17.8,17.88,82734,148020912.0,-0.15,-0.8319467554076538,0,6,5,1,0,2,0,0,0,4,4,0,0,4,0,0
2023-03-30,002001,17.95,17.95,17.68,17.85,85513,152169888.0,-0.03,-0.1677852348993288,0,1,1,0,0,1,0,0,0,6,1,2,3,1,2,0
2023-03-31,002001,17.81,18.08,17.81,17.95,90875,163270176.0,0.1,0.5602240896358543,0,5,4,1,0,4,1,0,1,7,7,0,0,6,0,0
2023-04-03,002001,17.97,18.06,17.9,18.01,124447,223826144.0,0.06,0.3342618384401114,0,6,6,0,0,6,0,0,0,5,2,1,2,2,1,1
2023-04-04,002001,18.03,18.36,18.03,18.14,189296,343852320.0,0.13,0.7218212104386451,,,,,,,,,0,7,5,0,2,5,0,1
2023-04-06,002001,18.14,18.14,18.0,18.07,98673,178156624.0,-0.07,-0.3858875413450937,0,2,2,0,0,2,0,0,0,1,0,1,0,0,1,0
2023-04-07,002001,18.08,18.25,18.08,18.12,109634,199044080.0,0.05,0.2767017155506364,1,3,2,1,0,2,0,0,0,7,5,2,0,5,1,0
2023-04-10,002001,18.13,18.22,18.05,18.08,92541,167415232.0,-0.04,-0.2207505518763796,0,3,1,2,0,1,2,0,0,5,2,1,2,0,1,2
2023-04-11,002001,18.12,18.13,17.95,18.0,115547,208112432.0,-0.08,-0.4424778761061947,0,1,0,1,0,0,1,0,0,3,2,1,0,2,1,0
2023-04-12,002001,18.07,18.12,17.9,17.91,131182,236193776.0,-0.09,-0.5,0,3,2,1,0,2,1,0,0,3,2,1,0,1,1,0
2023-04-13,002001,17.97,17.97,17.78,17.89,131227,234537456.0,-0.02,-0.1116694584031267,0,2,2,0,0,2,0,0,,,,,,,,
2023-04-14,002001,17.96,18.1,17.78,17.86,132812,237666000.0,-0.03,-0.1676914477361654,0,1,1,0,0,1,0,0,0,4,3,1,0,3,1,0
2023-04-17,002001,17.83,18.06,17.72,18.06,150836,270549600.0,0.2,1.1198208286674132,0,2,2,0,0,2,0,0,0,2,2,0,0,2,0,0
2023-04-18,002001,18.06,18.1,17.96,18.04,90297,162848144.0,-0.02,-0.1107419712070874,0,4,4,0,0,4,0,0,0,4,4,0,0,2,0,0
2023-04-19,002001,18.04,18.07,17.73,17.78,155461,277405920.0,-0.26,-1.441241685144124,0,5,3,2,0,3,2,0,1,7,7,0,0,2,0,0
2023-04-20,002001,17.75,17.78,17.65,17.67,102914,182106144.0,-0.11,-0.6186726659167604,0,3,3,0,0,3,0,0,5,6,1,4,1,1,2,0
2023-04-21,002001,17.4,17.4,17.04,17.17,194319,334709024.0,-0.5,-2.829654782116582,0,2,1,1,0,1,1,0,6,5,5,0,2,4,0,2
2023-04-24,002001,17.2,17.38,17.01,17.06,113964,195614368.0,-0.11,-0.64065230052417,0,1,1,0,0,1,0,0,5,8,6,1,1,1,0,1
2023-04-25,002001,17.06,17.13,16.66,16.83,137064,230733456.0,-0.23,-1.3481828839390386,0,1,1,0,0,1,0,0,0,2,2,0,0,2,0,0
2023-04-26,002001,16.78,17.24,16.75,17.17,91835,156774704.0,0.34,2.0202020202020203,0,5,4,0,1,3,0,1,10,13,10,2,1,7,0,1
2023-04-27,002001,17.17,17.27,17.06,17.17,77504,133118568.0,0.0,0.0,0,9,6,2,1,6,1,1,3,10,4,3,3,4,2,2
2023-04-28,002001,17.18,17.24,17.06,17.07,108999,186939664.0,-0.1,-0.5824111822947,0,10,8,2,0,7,2,0,1,9,8,0,2,3,0,2
2023-05-04,002001,16.99,17.1,16.89,17.01,134446,228233008.0,-0.06,-0.3514938488576449,0,4,3,1,0,2,0,0,0,6,2,3,1,2,2,1
2023-05-05,002001,16.91,17.04,16.5,16.59,206543,345189184.0,-0.42,-2.469135802469136,0,2,2,0,0,2,0,0,1,3,2,1,0,0,0,0
2023-05-08,002001,16.6,16.7,16.4,16.66,119674,198211808.0,0.07,0.4219409282700421,0,1,1,0,0,1,0,0,,,,,,,,
2023-05-09,002001,16.69,16.84,16.56,16.61,88612,147867792.0,-0.05,-0.3001200480192077,1,5,4,1,0,4,1,0,1,5,3,1,1,2,1,1
2023-05-10,002001,16.55,16.73,16.54,16.69,54897,91390288.0,0.08,0.481637567730283,,,,,,,,,0,1,1,0,0,1,0,0
2023-05-11,002001,16.69,16.77,16.54,16.58,77095,128424312.0,-0.11,-0.659077291791492,0,2,1,1,0,1,1,0,1,1,0,1,0,0,1,0
2023-05-12,002001,16.55,16.7,16.41,16.45,87481,144731216.0,-0.13,-0.7840772014475271,0,6,4,1,1,4,1,1,0,1,1,0,0,1,0,0
2023-05-15,002001,16.43,16.58,16.41,16.56,62819,103693904.0,0.11,0.668693009118541,0,1,1,0,0,1,0,0,0,3,3,0,0,2,0,0
2023-05-16,002001,16.61,16.68,16.5,16.59,65960,109478392.0,0.03,0.181159420289855,0,1,1,0,0,1,0,0,1,1,1,0,0,1,0,0
2023-05-17,002001,16.64,16.64,16.48,16.6,61330,101628512.0,0.01,0.0602772754671488,0,2,1,1,0,1,1,0,0,2,2,0,0,1,0,0
2023-05-18,002001,16.62,16.7,16.47,16.5,79343,131222560.0,-0.1,-0.6024096385542169,0,6,2,3,1,2,3,1,0,5,4,0,1,3,0,0
2023-05-19,002001,16.45,16.54,16.39,16.46,57416,94512584.0,-0.04,-0.2424242424242424,0,5,5,0,0,4,0,0,0,1,1,0,0,1,0,0
2023-05-22,002001,16.48,16.74,16.46,16.65,76000,126390504.0,0.19,1.1543134872417984,0,2,2,0,0,2,0,0,0,7,3,3,1,3,3,1
2023-05-23,002001,16.65,16.83,16.62,16.69,82192,137666032.0,0.04,0.2402402402402402,0,6,4,2,0,4,2,0,0,9,7,0,2,6,0,1
2023-05-24,002001,16.62,16.64,16.47,16.51,59129,97759392.0,-0.18,-1.078490113840623,0,5,4,0,1,3,0,1,0,1,0,0,1,0,0,1
2023-05-25,002001,16.5,16.57,16.16,16.21,117702,191958608.0,-0.3,-1.8170805572380373,0,2,2,0,0,1,0,0,0,5,4,1,0,4,1,0
2023-05-26,002001,16.23,16.33,16.16,16.29,49621,80574960.0,0.08,0.4935225169648365,0,59,56,1,2,55,1,2,0,10,9,0,1,1,0,0
2023-05-29,002001,16.29,16.54,16.12,16.14,73126,119015008.0,-0.15,-0.9208103130755064,0,3,2,1,0,1,1,0,,,,,,,,
2023-05-30,002001,16.13,16.2,15.3,15.46,308675,480405760.0,-0.68,-4.213135068153656,0,1,1,0,0,1,0,0,0,1,1,0,0,1,0,0
2023-05-31,002001,15.4,15.4,14.93,15.1,224489,340053280.0,-0.36,-2.3285899094437257,0,5,4,1,0,3,1,0,0,7,6,0,1,6,0,1
2023-06-01,002001,15.15,15.34,15.09,15.17,95851,145784064.0,0.07,0.4635761589403974,0,5,3,2,0,3,2,0,0,8,5,3,0,4,2,0
2023-06-02,002001,15.2,15.42,15.18,15.39,97992,150250064.0,0.22,1.4502307185234016,0,5,4,1,0,1,0,0,0,2,2,0,0,2,0,0
2023-06-05,002001,15.38,15.6,15.33,15.59,100912,155972032.0,0.2,1.299545159194282,0,2,2,0,0,1,0,0,0,2,2,0,0,2,0,0
2023-06-06,002001,15.59,15.72,15.49,15.51,97517,151931952.0,-0.08,-0.5131494547787042,0,4,4,0,0,4,0,0,0,1,0,0,1,0,0,1
2023-06-07,002001,15.5,15.52,15.38,15.41,52887,81656744.0,-0.1,-0.6447453255963894,0,4,4,0,0,3,0,0,1,4,3,1,0,2,1,0
2023-06-08,002001,15.51,15.64,15.24,15.51,145681,224938640.0,0.1,0.6489292667099287,0,2,1,0,1,0,0,1,0,2,2,0,0,1,0,0
2023-06-09,002001,15.55,15.68,15.49,15.55,81542,127091568.0,0.04,0.2578981302385558,0,3,2,0,1,2,0,1,1,6,5,0,1,4,0,0
2023-06-12,002001,15.59,15.83,15.43,15.79,107048,167587104.0,0.24,1.5434083601286173,0,2,2,0,0,2,0,0,0,5,3,0,2,1,0,1
2023-06-13,002001,15.79,16.2,15.75,16.1,141886,227618016.0,0.31,1.9632678910702976,0,1,1,0,0,1,0,0,1,4,1,1,2,1,1,2
2023-06-14,002001,15.6,15.7,15.21,15.23,171925,265548464.0,-0.87,-5.403726708074534,0,3,1,2,0,1,2,0,1,10,6,3,1,2,3,1
2023-06-15,002001,15.27,15.5,15.25,15.49,93030,143163904.0,0.26,1.7071569271175313,0,3,3,0,0,3,0,0,0,2,1,1,0,1,0,0
2023-06-16,002001,15.5,15.65,15.46,15.54,69106,107358616.0,0.05,0.3227888960619754,0,7,4,1,2,4,1,2,0,2,2,0,0,1,0,0
2023-06-19,002001,15.56,15.59,15.41,15.47,67202,104127888.0,-0.07,-0.4504504504504504,0,4,4,0,0,4,0,0,0,10,3,6,1,1,2,0
2023-06-20,002001,15.47,15.54,15.3,15.35,74810,115203736.0,-0.12,-0.7756948933419522,0,2,2,0,0,2,0,0,1,2,0,2,0,0,2,0
2023-06-21,002001,15.32,15.45,15.15,15.15,82279,125420472.0,-0.2,-1.3029315960912051,,,,,,,,,,,,,,,,
2023-06-26,002001,15.16,15.27,15.03,15.13,75703,114585184.0,-0.02,-0.132013201320132,0,2,2,0,0,2,0,0,0,2,2,0,0,2,0,0
2023-06-27,002001,15.17,15.43,15.11,15.4,63238,96911472.0,0.27,1.784534038334435,0,7,6,1,0,5,1,0,0,3,3,0,0,3,0,0
2023-06-28,002001,15.41,15.44,15.18,15.38,59291,90649664.0,-0.02,-0.1298701298701298,0,3,2,1,0,2,1,0,2,6,5,0,1,3,0,1
2023-06-29,002001,15.38,15.47,15.26,15.29,69376,106566760.0,-0.09,-0.5851755526657998,,,,,,,,,0,2,1,0,1,1,0,1
2023-06-30,002001,15.28,15.58,15.22,15.4,97428,150718592.0,0.11,0.7194244604316548,0,1,1,0,0,1,0,0,0,3,2,0,1,2,0,1
2023-07-03,002001,15.39,15.56,15.39,15.54,71980,111709512.0,0.14,0.9090909090909092,0,4,2,2,0,2,2,0,0,2,2,0,0,2,0,0
2023-07-04,002001,15.56,15.6,15.41,15.44,111360,172443792.0,-0.1,-0.6435006435006435,0,2,2,0,0,2,0,0,0,2,1,0,1,1,0,1
2023-07-05,002001,15.45,15.45,15.35,15.4,55382,85256272.0,-0.04,-0.2590673575129534,0,4,2,0,2,2,0,2,0,1,1,0,0,1,0,0
2023-07-06,002001,15.38,15.56,15.35,15.36,59880,92308592.0,-0.04,-0.2597402597402597,0,2,1,1,0,1,1,0,0,6,6,0,0,4,0,0
2023-07-07,002001,15.36,15.4,15.28,15.3,47799,73249120.0,-0.06,-0.390625,0,4,2,2,0,2,2,0,1,6,4,0,2,3,0,0
2023-07-10,002001,15.31,15.47,15.29,15.38,82243,126364632.0,0.08,0.522875816993464,0,7,6,1,0,6,0,0,0,2,1,1,0,1,1,0
2023-07-11,002001,15.43,15.72,15.35,15.67,104267,162152576.0,0.29,1.8855656697009104,0,3,3,0,0,3,0,0,0,1,1,0,0,1,0,0
2023-07-12,002001,15.71,15.94,15.66,15.84,144782,229230800.0,0.17,1.0848755583918317,0,1,1,0,0,1,0,0,0,2,0,0,2,0,0,2
2023-07-13,002001,15.9,16.11,15.84,15.88,137602,219670544.0,0.04,0.2525252525252525,1,5,5,0,0,5,0,0,0,8,4,3,1,1,1,0
2023-07-14,002001,15.94,16.0,15.82,15.91,75375,119790232.0,0.03,0.1889168765743073,0,3,1,2,0,1,2,0,,,,,,,,
2023-07-17,002001,15.91,15.95,15.77,15.93,48216,76443760.0,0.02,0.1257071024512885,0,2,2,0,0,2,0,0,0,6,5,0,1,2,0,1
2023-07-18,002001,15.92,16.1,15.85,16.03,71617,114412056.0,0.1,0.6277463904582549,0,6,4,2,0,3,2,0,0,7,7,0,0,3,0,0
2023-07-19,002001,16.03,16.21,15.98,16.19,109180,175738176.0,0.16,0.9981285090455396,0,6,6,0,0,5,0,0,0,2,1,1,0,0,1,0
2023-07-20,002001,16.19,16.34,16.12,16.2,139025,225594752.0,0.01,0.0617665225447807,0,10,6,3,1,4,3,1,0,7,7,0,0,0,0,0
2023-07-21,002001,16.19,16.24,16.07,16.21,62191,100562960.0,0.01,0.0617283950617283,0,4,4,0,0,3,0,0,0,2,2,0,0,2,0,0
2023-07-24,002001,16.2,16.4,16.17,16.29,83752,136630800.0,0.08,0.4935225169648365,1,3,2,1,0,2,1,0,0,2,2,0,0,1,0,0
2023-07-25,002001,16.38,16.4,16.2,16.38,104174,170033200.0,0.09,0.5524861878453038,0,2,1,1,0,0,1,0,0,4,3,1,0,2,1,0
2023-07-26,002001,16.38,16.66,16.35,16.55,129001,213371168.0,0.17,1.0378510378510375,,,,,,,,,0,2,0,1,1,0,1,1
2023-07-27,002001,16.5,16.62,16.46,16.58,74079,122586344.0,0.03,0.1812688821752265,0,3,2,0,1,2,0,1,0,3,3,0,0,2,0,0
2023-07-28,002001,16.55,16.7,16.48,16.66,95278,158386608.0,0.08,0.482509047044632,0,2,1,1,0,1,1,0,0,1,1,0,0,1,0,0
2023-07-31,002001,16.66,16.85,16.4,16.5,201032,333536736.0,-0.16,-0.9603841536614646,0,3,2,1,0,2,1,0,0,2,2,0,0,0,0,0
2023-08-01,002001,16.51,16.58,16.23,16.4,155516,255440592.0,-0.1,-0.6060606060606061,0,1,1,0,0,1,0,0,0,2,1,1,0,1,1,0
2023-08-02,002001,16.4,16.4,16.24,16.28,80606,131333184.0,-0.12,-0.7317073170731708,0,5,5,0,0,5,0,0,0,1,0,1,0,0,1,0
2023-08-03,002001,16.27,16.55,16.23,16.52,105361,173441424.0,0.24,1.4742014742014742,0,3,3,0,0,3,0,0,0,4,4,0,0,2,0,0
2023-08-04,002001,16.55,16.64,16.36,16.39,98543,162377744.0,-0.13,-0.7869249394673125,0,12,8,4,0,6,3,0,0,3,3,0,0,3,0,0
2023-08-07,002001,16.33,16.41,16.11,16.16,110442,179302480.0,-0.23,-1.4032946918852958,0,5,4,0,1,4,0,0,0,1,0,1,0,0,1,0
2023-08-08,002001,16.17,16.41,16.13,16.36,88124,143801760.0,0.2,1.2376237623762376,0,2,1,1,0,1,1,0,0,3,3,0,0,3,0,0
2023-08-09,002001,16.35,16.45,16.25,16.41,66131,108247960.0,0.05,0.3056234718826406,0,2,1,0,1,1,0,1,0,1,0,0,1,0,0,1
2023-08-10,002001,16.38,16.49,16.3,16.42,55105,90381672.0,0.01,0.060938452163315,0,5,4,1,0,4,1,0,1,1,0,1,0,0,1,0
2023-08-11,002001,16.38,16.5,16.27,16.29,67428,110556336.0,-0.13,-0.7917174177831912,1,8,6,1,1,5,1,1,0,2,2,0,0,1,0,0
2023-08-14,002001,16.26,16.29,16.08,16.24,85916,139031184.0,-0.05,-0.3069367710251688,0,4,3,1,0,3,1,0,1,4,2,2,0,2,2,0
2023-08-15,002001,16.28,16.34,16.12,16.29,57964,94109136.0,0.05,0.3078817733990148,0,4,2,2,0,2,1,0,1,6,3,2,1,2,1,0
2023-08-16,002001,16.3,16.44,16.17,16.17,52500,85492240.0,-0.12,-0.7366482504604052,0,4,4,0,0,4,0,0,0,1,1,0,0,0,0,0
2023-08-17,002001,16.15,16.22,16.05,16.18,70372,113517176.0,0.01,0.0618429189857761,0,2,2,0,0,1,0,0,0,1,1,0,0,1,0,0
2023-08-18,002001,16.15,16.23,16.05,16.06,54654,88228232.0,-0.12,-0.7416563658838072,0,5,3,0,2,3,0,2,0,5,3,1,1,2,0,1
2023-08-21,002001,16.02,16.15,15.83,15.86,81867,130521800.0,-0.2,-1.2453300124533,0,5,4,1,0,4,1,0,0,2,2,0,0,2,0,0
2023-08-22,002001,15.93,16.04,15.5,15.78,102158,160628640.0,-0.08,-0.5044136191677175,0,3,2,1,0,1,0,0,2,5,4,1,0,2,0,0
2023-08-23,002001,15.75,15.86,15.54,15.55,58171,91218568.0,-0.23,-1.4575411913814955,0,2,2,0,0,1,0,0,1,1,0,0,1,0,0,1
2023-08-24,002001,15.55,15.74,15.47,15.64,70960,110863384.0,0.09,0.5787781350482315,0,3,2,1,0,2,1,0,0,4,1,2,1,1,2,1
2023-08-25,002001,15.61,16.15,15.6,15.86,130868,208469136.0,0.22,1.4066496163682864,0,3,2,1,0,1,0,0,0,1,1,0,0,1,0,0
2023-08-28,002001,16.45,16.58,15.64,15.74,159954,257483888.0,-0.12,-0.7566204287515763,0,1,0,1,0,0,0,0,0,5,4,1,0,2,1,0
2023-08-29,002001,15.75,16.09,15.74,15.99,118503,188933584.0,0.25,1.588310038119441,0,3,2,1,0,2,1,0,2,5,2,2,1,1,1,1
2023-08-30,002001,16.05,16.5,16.03,16.31,149694,244363632.0,0.32,2.0012507817385865,0,3,3,0,0,3,0,0,2,7,7,0,0,4,0,0
2023-08-31,002001,16.25,16.43,16.17,16.28,81779,132992800.0,-0.03,-0.1839362354383813,0,1,1,0,0,0,0,0,1,3,3,0,0,2,0,0
2023-09-01,002001,16.23,16.33,16.19,16.26,52354,85029952.0,-0.02,-0.1228501228501228,0,4,4,0,0,3,0,0,0,3,3,0,0,3,0,0
2023-09-04,002001,16.27,16.35,16.24,16.32,61679,100584648.0,0.06,0.3690036900369003,0,3,3,0,0,3,0,0,0,1,1,0,0,1,0,0
2023-09-05,002001,16.28,16.41,16.28,16.33,68316,111755424.0,0.01,0.0612745098039215,0,9,6,3,0,4,3,0,,,,,,,,
2023-09-06,002001,16.3,16.38,16.18,16.34,73365,119523528.0,0.01,0.0612369871402327,0,3,3,0,0,3,0,0,0,5,3,1,1,3,0,1
2023-09-07,002001,16.33,16.35,16.19,16.23,82026,133309808.0,-0.11,-0.6731946144430845,0,2,1,1,0,1,1,0,0,1,0,0,1,0,0,1
2023-09-08,002001,16.14,16.27,16.13,16.23,70421,114060408.0,0.0,0.0,0,4,4,0,0,4,0,0,0,6,5,0,1,4,0,0
2023-09-11,002001,16.23,16.4,16.18,16.35,74014,120874296.0,0.12,0.7393715341959335,1,4,2,2,0,2,2,0,,,,,,,,
2023-09-12,002001,16.35,16.37,16.29,16.3,41561,67859728.0,-0.05,-0.3058103975535168,0,5,4,0,1,3,0,1,0,3,3,0,0,3,0,0
2023-09-13,002001,16.34,16.35,16.2,16.27,60763,98739496.0,-0.03,-0.1840490797546012,,,,,,,,,0,2,0,2,0,0,1,0
2023-09-14,002001,16.29,16.42,16.23,16.38,85600,139953424.0,0.11,0.6760909649661955,0,5,5,0,0,4,0,0,0,2,1,1,0,1,1,0
2023-09-15,002001,16.38,16.51,16.31,16.35,86886,142530096.0,-0.03,-0.1831501831501831,0,6,4,2,0,4,2,0,0,6,5,1,0,3,1,0
2023-09-18,002001,16.4,16.4,16.1,16.31,94176,153039536.0,-0.04,-0.2446483180428134,0,6,3,3,0,3,2,0,0,2,0,2,0,0,2,0
2023-09-19,002001,16.32,16.4,16.24,16.31,61483,100277088.0,0.0,0.0,0,3,1,2,0,1,2,0,0,8,7,0,1,4,0,0
2023-09-20,002001,16.24,16.45,16.24,16.33,76915,125989960.0,0.02,0.1226241569589209,0,7,5,1,1,5,1,1,0,1,0,1,0,0,1,0
2023-09-21,002001,16.35,16.38,16.21,16.3,76001,123603320.0,-0.03,-0.1837109614206981,0,5,3,2,0,1,2,0,0,4,4,0,0,2,0,0
2023-09-22,002001,16.22,16.42,16.2,16.41,71868,117354608.0,0.11,0.6748466257668712,0,4,3,1,0,2,1,0,0,4,4,0,0,2,0,0
2023-09-25,002001,16.4,16.68,16.31,16.63,172878,286576032.0,0.22,1.340645947592931,0,2,2,0,0,2,0,0,0,1,1,0,0,1,0,0
2023-09-26,002001,16.59,16.66,16.44,16.5,88587,146756192.0,-0.13,-0.7817197835237523,0,3,2,1,0,1,1,0,0,2,1,1,0,1,1,0
2023-09-27,002001,16.51,16.59,16.44,16.47,76041,125522224.0,-0.03,-0.1818181818181818,0,2,1,1,0,1,1,0,0,3,2,0,1,1,0,1
2023-09-28,002001,16.55,16.58,16.17,16.24,127437,207776160.0,-0.23,-1.3964784456587735,0,6,3,3,0,2,3,0,1,3,2,1,0,2,0,0
2023-10-09,002001,16.18,16.45,15.95,16.31,132115,214366160.0,0.07,0.4310344827586206,,,,,,,,,3,5,3,1,1,3,1,1
2023-10-10,002001,16.31,16.35,16.1,16.11,80329,129890952.0,-0.2,-1.226241569589209,0,5,5,0,0,4,0,0,0,5,4,1,0,2,1,0
2023-10-11,002001,16.1,16.43,16.1,16.27,89329,145756976.0,0.16,0.9931719428926132,0,1,1,0,0,1,0,0,0,4,2,0,2,0,0,1
2023-10-12,002001,16.35,16.67,16.35,16.48,119868,197963888.0,0.21,1.290719114935464,0,2,2,0,0,2,0,0,0,4,4,0,0,1,0,0
2023-10-13,002001,16.48,16.6,16.4,16.48,73578,121301520.0,0.0,0.0,0,4,4,0,0,4,0,0,0,5,3,2,0,2,1,0
2023-10-16,002001,16.54,16.73,16.37,16.41,132081,218527488.0,-0.07,-0.424757281553398,0,4,4,0,0,3,0,0,0,1,0,0,1,0,0,1
2023-10-17,002001,16.39,16.49,16.3,16.39,59942,98138208.0,-0.02,-0.1218769043266301,0,1,1,0,0,1,0,0,0,3,2,1,0,2,1,0
2023-10-18,002001,16.41,16.41,16.05,16.08,89401,144449728.0,-0.31,-1.891397193410616,0,1,1,0,0,1,0,0,0,1,1,0,0,1,0,0
2023-10-19,002001,16.02,16.05,15.75,15.77,94710,150267616.0,-0.31,-1.9278606965174128,0,2,2,0,0,2,0,0,0,3,2,0,1,2,0,1
2023-10-20,002001,15.77,15.8,15.41,15.47,102126,159126512.0,-0.3,-1.9023462270133165,0,26,23,2,1,23,2,1,0,7,7,0,0,1,0,0
2023-10-23,002001,15.48,15.62,15.3,15.51,81815,126595520.0,0.04,0.2585649644473173,0,6,5,1,0,3,1,0,0,1,1,0,0,1,0,0
2023-10-24,002001,15.51,15.82,15.5,15.79,86002,134839152.0,0.28,1.8052869116698904,1,5,5,0,0,5,0,0,0,1,1,0,0,1,0,0
2023-10-25,002001,15.88,15.9,15.76,15.84,62437,98899080.0,0.05,0.3166561114629512,0,5,5,0,0,3,0,0,0,3,3,0,0,2,0,0
2023-10-26,002001,15.72,15.81,15.42,15.51,115892,180266160.0,-0.33,-2.083333333333333,0,2,2,0,0,2,0,0,,,,,,,,
2023-10-27,002001,15.51,16.0,15.48,15.89,137189,216286304.0,0.38,2.45003223726628,0,6,5,1,0,4,1,0,6,11,9,0,2,5,0,1
2023-10-30,002001,15.81,16.19,15.81,16.09,98294,158079632.0,0.2,1.2586532410320956,0,2,1,1,0,1,1,0,0,1,1,0,0,1,0,0
2023-10-31,002001,16.1,16.2,16.02,16.18,70979,114461832.0,0.09,0.5593536357986327,0,5,4,1,0,3,1,0,0,2,2,0,0,2,0,0
2023-11-01,002001,16.19,16.26,15.99,16.21,73600,118939584.0,0.03,0.1854140914709518,0,4,1,3,0,1,3,0,0,1,0,0,1,0,0,1
2023-11-02,002001,16.22,16.28,16.13,16.16,51803,83885936.0,-0.05,-0.3084515731030228,0,6,5,1,0,5,1,0,0,1,1,0,0,1,0,0
2023-11-03,002001,16.16,16.29,16.11,16.2,67011,108598568.0,0.04,0.2475247524752475,0,4,2,0,2,2,0,2,0,1,1,0,0,1,0,0
2023-11-06,002001,16.25,16.52,16.25,16.48,132273,217423840.0,0.28,1.728395061728395,0,2,1,1,0,1,1,0,1,2,3,0,0,3,0,0
2023-11-07,002001,16.48,16.63,16.41,16.44,85344,140887888.0,-0.04,-0.2427184466019417,,,,,,,,,0,1,1,0,0,1,0,0
2023-11-08,002001,16.43,16.59,16.39,16.49,87207,143959136.0,0.05,0.3041362530413625,1,4,4,1,0,4,1,0,0,2,0,1,1,0,1,1
2023-11-09,002001,16.44,16.7,16.4,16.45,112342,185897008.0,-0.04,-0.2425712553062462,0,1,1,0,0,1,0,0,,,,,,,,
2023-11-10,002001,16.47,16.47,16.33,16.41,70629,115756896.0,-0.04,-0.243161094224924,0,1,1,0,0,1,0,0,0,2,1,1,0,1,1,0
2023-11-13,002001,16.43,16.51,16.17,16.32,76402,124316272.0,-0.09,-0.5484460694698354,0,4,4,0,0,4,0,0,0,1,0,1,0,0,1,0
2023-11-14,002001,16.29,16.51,16.29,16.42,69832,114655496.0,0.1,0.6127450980392157,0,2,1,1,0,1,1,0,0,1,0,0,1,0,0,1
2023-11-15,002001,16.48,16.56,16.4,16.55,78203,128983336.0,0.13,0.7917174177831912,0,4,4,0,0,4,0,0,0,2,2,0,0,2,0,0
2023-11-16,002001,16.55,16.68,16.48,16.54,97420,161643680.0,-0.01,-0.0604229607250755,0,3,3,0,0,2,0,0,0,2,2,0,0,2,0,0
2023-11-17,002001,16.48,16.6,16.44,16.54,55247,91258000.0,0.0,0.0,0,10,7,2,1,7,2,1,0,28,28,0,0,10,0,0
2023-11-20,002001,16.54,16.63,16.5,16.59,84106,139392672.0,0.05,0.3022974607013301,0,8,6,1,1,0,1,1,0,2,1,1,0,0,1,0
2023-11-21,002001,16.63,16.72,16.52,16.6,106478,177197328.0,0.01,0.0602772754671488,0,3,3,0,0,2,0,0,1,1,2,0,0,2,0,0
2023-11-22,002001,16.61,16.72,16.57,16.57,76695,127780984.0,-0.03,-0.180722891566265,0,7,5,2,0,2,2,0,4,1,4,1,0,0,1,0
2023-11-23,002001,16.54,16.71,16.52,16.69,68145,113657200.0,0.12,0.724200362100181,0,5,4,0,1,3,0,1,,,,,,,,
2023-11-24,002001,16.69,16.98,16.67,16.95,177987,300874400.0,0.26,1.5578190533253444,0,3,3,0,0,3,0,0,,,,,,,,
2023-11-27,002001,16.9,16.95,16.54,16.56,157658,262618288.0,-0.39,-2.3008849557522124,0,9,9,0,0,8,0,0,0,1,1,0,0,1,0,0
2023-11-28,002001,16.61,16.81,16.42,16.72,108045,180218784.0,0.16,0.966183574879227,0,3,1,1,1,1,1,1,0,2,2,0,0,1,0,0
2023-11-29,002001,16.74,16.84,16.68,16.76,101200,169647136.0,0.04,0.2392344497607655,0,2,1,0,1,1,0,1,0,1,1,0,0,1,0,0
2023-11-30,002001,16.73,17.08,16.7,17.02,176503,298832896.0,0.26,1.5513126491646778,1,3,3,0,0,3,0,0,,,,,,,,
2023-12-01,002001,16.99,17.18,16.85,16.99,104204,177100448.0,-0.03,-0.1762632197414806,0,8,5,3,0,4,3,0,0,1,1,0,0,1,0,0
2023-12-04,002001,16.95,17.04,16.74,16.8,84133,141850768.0,-0.19,-1.1183048852266038,0,5,4,1,0,4,1,0,0,1,0,1,0,0,1,0
2023-12-05,002001,16.76,16.89,16.72,16.72,95172,159866928.0,-0.08,-0.4761904761904762,0,3,2,1,0,2,1,0,1,1,1,0,0,1,0,0
2023-12-06,002001,16.78,16.97,16.62,16.94,136441,229349680.0,0.22,1.3157894736842104,0,2,2,0,0,2,0,0,,,,,,,,
2023-12-07,002001,16.91,17.0,16.8,16.94,127414,215412848.0,0.0,0.0,0,4,2,0,2,2,0,2,2,3,3,0,0,3,0,0
2023-12-08,002001,16.91,17.19,16.84,17.12,280799,480006976.0,0.18,1.062573789846517,0,2,2,0,0,2,0,0,0,3,3,0,0,1,0,0
2023-12-11,002001,17.03,17.18,16.76,17.12,178836,303439776.0,0.0,0.0,0,4,3,1,0,1,1,0,0,3,0,3,0,0,2,0
2023-12-12,002001,17.07,17.41,17.04,17.24,135830,234477984.0,0.12,0.7009345794392523,0,2,2,0,0,2,0,0,1,3,3,0,0,1,0,0
2023-12-13,002001,17.26,17.49,17.18,17.32,171718,298514016.0,0.08,0.4640371229698375,0,4,4,0,0,4,0,0,1,3,2,0,1,2,0,1
2023-12-14,002001,17.32,17.47,17.05,17.08,126425,217616560.0,-0.24,-1.3856812933025404,0,4,4,0,0,4,0,0,1,6,5,0,1,4,0,1
2023-12-15,002001,17.13,17.21,17.0,17.07,108867,186143536.0,-0.01,-0.0585480093676815,0,5,4,1,0,4,1,0,1,2,1,1,0,0,1,0
2023-12-18,002001,17.01,17.31,16.87,17.2,125195,215395184.0,0.13,0.7615700058582308,0,3,2,1,0,1,1,0,0,2,1,0,1,1,0,1
2023-12-19,002001,17.15,17.2,16.96,17.05,85320,145506784.0,-0.15,-0.872093023255814,0,3,3,0,0,3,0,0,2,4,3,1,0,2,1,0
2023-12-20,002001,17.08,17.26,17.06,17.07,88270,151341120.0,0.02,0.1173020527859237,0,4,0,3,1,0,3,1,1,2,2,0,0,2,0,0
2023-12-21,002001,17.07,17.26,16.9,17.25,147737,252651728.0,0.18,1.054481546572935,0,1,0,0,1,0,0,1,0,1,0,0,1,0,0,1
2023-12-22,002001,17.22,17.38,17.16,17.25,135449,234286752.0,0.0,0.0,0,3,2,1,0,1,0,0,,,,,,,,
2023-12-25,002001,17.19,17.27,17.03,17.19,76790,131678408.0,-0.06,-0.3478260869565217,0,2,2,0,0,1,0,0,0,4,3,0,1,0,0,0
2023-12-26,002001,17.2,17.25,16.94,16.97,65221,111151480.0,-0.22,-1.2798138452588714,0,4,3,0,1,3,0,1,2,3,3,0,0,3,0,0
2023-12-27,002001,16.99,17.04,16.85,17.03,90654,153779888.0,0.06,0.3535651149086624,1,2,2,1,0,2,1,0,,,,,,,,
2023-12-28,002001,17.02,17.2,16.99,17.08,102889,175818784.0,0.05,0.2935995302407516,0,4,4,0,0,4,0,0,1,1,1,0,0,0,0,0
2023-12-29,002001,17.05,17.19,16.9,16.96,121739,207057488.0,-0.12,-0.702576112412178,0,3,3,0,0,2,0,0,1,2,1,0,1,1,0,0
